1:           1.000000e-09 1.000000e-09 1.000000e-09 1.000000e-09 1.000000e+00 1.000000e-09 1.000000e-09 1           
2:           1.000000e-09 1.000000e-09 1.000000e-09 1.000000e-09 1.000000e+00 1.000000e-09 1.000000e-09 1           
3:           1.000000e-09 1.000000e-09 1.000000e-09 1.000000e-09 1.000000e+00 1.000000e-09 1.000000e-09 1           
4:           1.000000e-09 1.000000e-09 1.000000e-09 1.000000e-09 1.000000e+00 1.000000e-09 1.000000e-09 1           
5:           1.000000e-09 1.000000e-09 1.000000e-09 1.000000e-09 1.000000e+00 1.000000e-09 1.000000e-09 1           
6:           1.000000e-09 1.000000e-09 1.000000e-09 1.000000e-09 1.000000e+00 1.000000e-09 1.000000e-09 1           
7:           1.000000e-09 1.000000e-09 1.000000e-09 1.000000e-09 1.000000e+00 1.000000e-09 1.000000e-09 1           
8:           1.000000e-09 1.000000e-09 1.000000e-09 1.000000e-09 1.000000e+00 1.000000e-09 1.000000e-09 1           
9:           1.000000e-09 1.000000e-09 1.000000e-09 1.000000e-09 1.000000e+00 1.000000e-09 1.000000e-09 1           
10:          1.000000e-09 1.000000e-09 1.000000e-09 1.000000e-09 1.000000e+00 1.000000e-09 1.000000e-09 1           
11:          1.000000e-09 1.000000e-09 1.000000e-09 1.000000e-09 1.000000e+00 1.000000e-09 1.000000e-09 1           
12:          1.000000e-09 1.000000e-09 1.000000e-09 1.000000e-09 1.000000e+00 1.000000e-09 1.000000e-09 1           
13:          1.000000e-09 1.000000e-09 1.000000e-09 1.000000e-09 1.000000e+00 1.000000e-09 1.000000e-09 1           
14:          1.000000e-09 1.000000e-09 1.000000e-09 1.000000e-09 1.000000e+00 1.000000e-09 1.000000e-09 1           
15:          1.000000e-09 1.000000e-09 1.000000e-09 1.000000e-09 1.000000e+00 1.000000e-09 1.000000e-09 1           
16:          1.000000e-09 1.000000e-09 1.000000e-09 1.000000e-09 1.000000e+00 1.000000e-09 1.000000e-09 1           
17:          1.000000e-09 1.000000e-09 1.000000e-09 1.000000e-09 1.000000e+00 1.000000e-09 1.000000e-09 1           
18:          1.000000e-09 1.000000e-09 1.000000e-09 1.000000e-09 1.000000e+00 1.000000e-09 1.000000e-09 1           
19:          1.000000e-09 1.000000e-09 1.000000e-09 1.000000e-09 1.000000e+00 1.000000e-09 1.000000e-09 1           
20:          1.000000e-09 1.000000e-09 1.000000e-09 1.000000e-09 1.000000e+00 1.000000e-09 1.000000e-09 1           
21:          1.000000e-09 1.000000e-09 1.000000e-09 1.000000e-09 1.000000e+00 1.000000e-09 1.000000e-09 1           
22:          1.000000e-09 1.000000e-09 1.000000e-09 1.000000e-09 1.000000e+00 1.000000e-09 1.000000e-09 1           
23:          1.000000e-09 1.000000e-09 1.000000e-09 1.000000e-09 1.000000e+00 1.000000e-09 1.000000e-09 1           
24:          1.000000e-09 1.000000e-09 1.000000e-09 1.000000e-09 1.000000e+00 1.000000e-09 1.000000e-09 1           
25:          1.000000e-09 1.000000e-09 1.000000e-09 1.000000e-09 1.000000e+00 1.000000e-09 1.000000e-09 1           
26:          1.000000e-09 1.000000e-09 1.000000e-09 1.000000e-09 1.000000e+00 1.000000e-09 1.000000e-09 1           
27:          1.000000e-09 1.000000e-09 1.000000e-09 1.000000e-09 1.000000e+00 1.000000e-09 1.000000e-09 1           
28:          1.000000e-09 1.000000e-09 1.000000e-09 1.000000e-09 1.000000e+00 1.000000e-09 1.000000e-09 1           
29:          1.000000e-09 1.000000e-09 1.000000e-09 1.000000e-09 1.000000e+00 1.000000e-09 1.000000e-09 1           
30:          1.000000e-09 1.000000e-09 1.000000e-09 1.000000e-09 1.000000e+00 1.000000e-09 1.000000e-09 1           
31:          1.000000e-09 1.000000e-09 1.000000e-09 1.000000e-09 1.000000e+00 1.000000e-09 1.000000e-09 1           
32:          1.000000e-09 1.000000e-09 1.000000e-09 1.000000e-09 1.000000e+00 1.000000e-09 1.000000e-09 1           
33:          1.000000e-09 1.000000e-09 1.000000e-09 1.000000e-09 1.000000e+00 1.000000e-09 1.000000e-09 1           
34:          1.000000e-09 1.000000e-09 1.000000e-09 1.000000e-09 1.000000e+00 1.000000e-09 1.000000e-09 1           
35:          1.000000e-09 1.000000e-09 1.000000e-09 1.000000e-09 1.000000e+00 1.000000e-09 1.000000e-09 1           
36:          1.000000e-09 1.000000e-09 1.000000e-09 1.000000e-09 1.000000e+00 1.000000e-09 1.000000e-09 1           
37:          1.000000e-09 1.000000e-09 1.000000e-09 1.000000e-09 1.000000e+00 1.000000e-09 1.000000e-09 1           
38:          1.000000e-09 1.000000e-09 1.000000e-09 1.000000e-09 1.000000e+00 1.000000e-09 1.000000e-09 1           
39:          1.000000e-09 1.000000e-09 1.000000e-09 1.000000e-09 1.000000e+00 1.000000e-09 1.000000e-09 1           
40:          1.000000e-09 1.000000e-09 1.000000e-09 1.000000e-09 1.000000e+00 1.000000e-09 1.000000e-09 1           
41:          1.000000e-09 1.000000e-09 1.000000e-09 1.000000e-09 1.000000e+00 1.000000e-09 1.000000e-09 1           
42:          1.000000e-09 1.000000e-09 1.000000e-09 1.000000e-09 1.000000e+00 1.000000e-09 1.000000e-09 1           
43:          1.000000e-09 1.000000e-09 1.000000e-09 1.000000e-09 1.000000e+00 1.000000e-09 1.000000e-09 1           
44:          1.000000e-09 1.000000e-09 1.000000e-09 1.000000e-09 1.000000e+00 1.000000e-09 1.000000e-09 1           
45:          1.000000e-09 1.000000e-09 1.000000e-09 1.000000e-09 1.000000e+00 1.000000e-09 1.000000e-09 1           
46:          1.000000e-09 1.000000e-09 1.000000e-09 1.000000e-09 1.000000e+00 1.000000e-09 1.000000e-09 1           
47:          1.000000e-09 1.000000e-09 1.000000e-09 1.000000e-09 1.000000e+00 1.000000e-09 1.000000e-09 1           
48:          1.000000e-09 1.000000e-09 1.000000e-09 1.000000e-09 1.000000e+00 1.000000e-09 1.000000e-09 1           
49:          1.000000e-09 1.000000e-09 1.000000e-09 1.000000e-09 1.000000e+00 1.000000e-09 1.000000e-09 1           
50:          1.000000e-09 1.000000e-09 1.000000e-09 1.000000e-09 1.000000e+00 1.000000e-09 1.000000e-09 1           
51:          1.000000e-09 1.000000e-09 1.000000e-09 1.000000e-09 1.000000e+00 1.000000e-09 1.000000e-09 1           
52:          1.000000e-09 1.000000e-09 8.900943e-01 1.000000e-09 1.000000e-09 1.000000e-09 1.099056e-01 1           
53:          1.000000e-09 1.000000e-09 8.381254e-01 1.000000e-09 1.000000e-09 1.000000e-09 1.618746e-01 1           
54:          1.000000e-09 1.000000e-09 8.337091e-01 1.000000e-09 1.000000e-09 1.000000e-09 1.662909e-01 1           
55:          1.000000e-09 1.000000e-09 8.675489e-01 1.000000e-09 1.000000e-09 1.082258e-02 1.216285e-01 1           
56:          1.000000e-09 1.000000e-09 9.023210e-01 1.000000e-09 1.000000e-09 9.477023e-03 8.820197e-02 1           
57:          1.000000e-09 1.000000e-09 8.758891e-01 1.000000e-09 1.000000e-09 1.000000e-09 1.241109e-01 1           
58:          1.000000e-09 1.000000e-09 8.623568e-01 1.000000e-09 1.000000e-09 1.733743e-02 1.203058e-01 1           
59:          1.000000e-09 1.000000e-09 8.908187e-01 1.000000e-09 1.000000e-09 1.000000e-09 1.091813e-01 1           
60:          1.000000e-09 1.000000e-09 8.569094e-01 1.000000e-09 1.000000e-09 8.561870e-03 1.345287e-01 1           
61:          7.323167e-03 1.000000e-09 8.899395e-01 1.000000e-09 1.000000e-09 1.000000e-09 1.027374e-01 1           
62:          1.000000e-09 1.000000e-09 8.823998e-01 1.000000e-09 1.000000e-09 1.000000e-09 1.176002e-01 1           
63:          1.000000e-09 1.000000e-09 8.621999e-01 1.000000e-09 1.000000e-09 4.084158e-05 1.377593e-01 1           
64:          7.439137e-03 1.000000e-09 8.226325e-01 1.000000e-09 1.000000e-09 1.491407e-02 1.550143e-01 1           
65:          1.000000e-09 1.000000e-09 8.628511e-01 1.000000e-09 1.000000e-09 2.155283e-02 1.155960e-01 1           
66:          1.000000e-09 1.000000e-09 9.159492e-01 1.000000e-09 1.000000e-09 1.000000e-09 8.405082e-02 1           
67:          1.000000e-09 1.000000e-09 8.907684e-01 1.000000e-09 1.000000e-09 1.000000e-09 1.092316e-01 1           
68:          1.000000e-09 1.000000e-09 7.891483e-01 1.000000e-09 1.000000e-09 9.848096e-03 2.010036e-01 1           
69:          1.000000e-09 1.000000e-09 8.336522e-01 1.000000e-09 1.000000e-09 1.000000e-09 1.663478e-01 1           
70:          1.000000e-09 1.000000e-09 8.779013e-01 1.000000e-09 1.000000e-09 1.000000e-09 1.220987e-01 1           
71:          1.000000e-09 1.000000e-09 8.732031e-01 1.000000e-09 1.000000e-09 1.000000e-09 1.267969e-01 1           
72:          1.000000e-09 1.000000e-09 7.992363e-01 1.000000e-09 1.000000e-09 3.597679e-02 1.647869e-01 1           
73:          1.000000e-09 1.000000e-09 8.398324e-01 1.000000e-09 1.000000e-09 5.324725e-07 1.601670e-01 1           
74:          1.000000e-09 1.000000e-09 8.724499e-01 1.000000e-09 1.000000e-09 1.000000e-09 1.275500e-01 1           
75:          1.000000e-09 1.000000e-09 8.166650e-01 1.000000e-09 1.000000e-09 1.000000e-09 1.833350e-01 1           
76:          1.000000e-09 1.000000e-09 8.016355e-01 1.000000e-09 1.000000e-09 1.000000e-09 1.983645e-01 1           
77:          1.000000e-09 1.000000e-09 8.729718e-01 1.000000e-09 1.000000e-09 1.000000e-09 1.270282e-01 1           
78:          1.000000e-09 1.000000e-09 8.276810e-01 1.000000e-09 1.000000e-09 1.000000e-09 1.723190e-01 1           
79:          1.000000e-09 1.000000e-09 8.001476e-01 4.219094e-03 1.835409e-04 1.000000e-09 1.954497e-01 1           
80:          1.000000e-09 1.000000e-09 8.736722e-01 1.000000e-09 1.000000e-09 1.000000e-09 1.263278e-01 1           
81:          1.000000e-09 1.000000e-09 8.288290e-01 1.000000e-09 1.000000e-09 1.000000e-09 1.711710e-01 1           
82:          1.000000e-09 1.000000e-09 8.828740e-01 1.000000e-09 1.000000e-09 1.000000e-09 1.171260e-01 1           
83:          3.258854e-03 1.000000e-09 9.006073e-01 1.000000e-09 1.000000e-09 1.000000e-09 9.613381e-02 1           
84:          1.000000e-09 1.000000e-09 7.627691e-01 1.000000e-09 1.000000e-09 7.946273e-03 2.292846e-01 1           
85:          1.000000e-09 1.000000e-09 8.403147e-01 1.000000e-09 1.000000e-09 7.703850e-08 1.596852e-01 1           
86:          1.000000e-09 1.000000e-09 7.865145e-01 1.000000e-09 1.000000e-09 2.939297e-02 1.840925e-01 1           
87:          1.000000e-09 1.000000e-09 8.476098e-01 1.000000e-09 1.000000e-09 2.706282e-02 1.253274e-01 1           
88:          1.000000e-09 1.000000e-09 8.136901e-01 1.000000e-09 1.000000e-09 1.000000e-09 1.863099e-01 1           
89:          1.000000e-09 1.000000e-09 8.151804e-01 1.000000e-09 1.000000e-09 1.000000e-09 1.848196e-01 1           
90:          1.000000e-09 1.000000e-09 7.754706e-01 1.000000e-09 1.000000e-09 3.415632e-03 2.211138e-01 1           
91:          1.000000e-09 1.000000e-09 9.277791e-01 1.000000e-09 1.000000e-09 7.732970e-09 7.222093e-02 1           
92:          1.000000e-09 1.000000e-09 8.946593e-01 1.000000e-09 1.000000e-09 1.000000e-09 1.053407e-01 1           
93:          1.000000e-09 1.000000e-09 8.889511e-01 1.000000e-09 1.000000e-09 2.191217e-02 8.913674e-02 1           
94:          1.000000e-09 1.000000e-09 8.925129e-01 1.000000e-09 1.000000e-09 1.000000e-09 1.074871e-01 1           
95:          1.000000e-09 1.000000e-09 8.295570e-01 1.000000e-09 1.000000e-09 6.969105e-03 1.634739e-01 1           
96:          1.000000e-09 1.000000e-09 8.044870e-01 1.000000e-09 1.000000e-09 1.000000e-09 1.955129e-01 1           
97:          1.000000e-09 1.000000e-09 8.387464e-01 1.000000e-09 1.000000e-09 1.000000e-09 1.612536e-01 1           
98:          1.000000e-09 1.000000e-09 8.583190e-01 1.000000e-09 1.000000e-09 2.446328e-03 1.392347e-01 1           
99:          1.000000e-09 1.000000e-09 8.217870e-01 1.000000e-09 1.000000e-09 1.000000e-09 1.782130e-01 1           
100:         1.000000e-09 1.000000e-09 8.097637e-01 1.000000e-09 1.000000e-09 2.746855e-02 1.627678e-01 1           
101:         1.000000e-09 1.000000e-09 8.004765e-01 1.000000e-09 1.000000e-09 1.000000e-09 1.995235e-01 1           
102:         1.000000e-09 1.000000e-09 8.069384e-01 1.000000e-09 1.000000e-09 3.660285e-02 1.564587e-01 1           
103:         1.000000e-09 1.000000e-09 8.154286e-01 1.000000e-09 1.000000e-09 1.000000e-09 1.845714e-01 1           
104:         1.000000e-09 1.000000e-09 9.460094e-01 1.000000e-09 1.000000e-09 1.000000e-09 5.399056e-02 1           
105:         1.000000e-09 1.000000e-09 9.033898e-01 1.000000e-09 1.000000e-09 1.215435e-02 8.445590e-02 1           
106:         1.000000e-09 1.000000e-09 8.413451e-01 1.000000e-09 1.000000e-09 1.441363e-02 1.442413e-01 1           
107:         1.000000e-09 1.000000e-09 8.779599e-01 1.000000e-09 1.000000e-09 4.781175e-03 1.172590e-01 1           
108:         1.000000e-09 1.000000e-09 8.754207e-01 1.000000e-09 1.000000e-09 1.000000e-09 1.245793e-01 1           
109:         1.000000e-09 1.000000e-09 8.915955e-01 1.000000e-09 1.000000e-09 1.000000e-09 1.084045e-01 1           
110:         1.000000e-09 1.000000e-09 8.749253e-01 1.000000e-09 1.000000e-09 3.032872e-02 9.474598e-02 1           
111:         1.000000e-09 1.000000e-09 9.243483e-01 1.000000e-09 1.000000e-09 1.000000e-09 7.565169e-02 1           
112:         1.000000e-09 1.000000e-09 8.754364e-01 1.000000e-09 1.000000e-09 1.000000e-09 1.245636e-01 1           
113:         1.000000e-09 1.000000e-09 8.744970e-01 1.000000e-09 1.000000e-09 1.000000e-09 1.255030e-01 1           
114:         1.000000e-09 1.000000e-09 9.068380e-01 1.000000e-09 1.000000e-09 1.000000e-09 9.316202e-02 1           
115:         1.000000e-09 1.000000e-09 8.963188e-01 1.000000e-09 1.000000e-09 1.000000e-09 1.036812e-01 1           
116:         1.000000e-09 1.000000e-09 8.621654e-01 1.000000e-09 1.000000e-09 2.490048e-02 1.129341e-01 1           
117:         1.000000e-09 1.000000e-09 8.798301e-01 1.000000e-09 1.000000e-09 1.000000e-09 1.201699e-01 1           
118:         4.497711e-03 1.000000e-09 9.218962e-01 5.584818e-04 3.621443e-03 3.537788e-09 6.942617e-02 1           
119:         5.121486e-03 1.000000e-09 8.507364e-01 1.000000e-09 8.720742e-04 1.419641e-02 1.290736e-01 1           
120:         3.485974e-03 1.000000e-09 8.740404e-01 1.000000e-09 3.403610e-03 1.000000e-09 1.190700e-01 1           
121:         1.470440e-03 1.000000e-09 8.824161e-01 1.000000e-09 1.000000e-09 1.052356e-09 1.161135e-01 1           
122:         1.000000e-09 1.000000e-09 8.308728e-01 1.000000e-09 3.243221e-03 1.000342e-02 1.558806e-01 1           
123:         2.979283e-03 1.000000e-09 9.126207e-01 1.000000e-09 4.569134e-04 2.686579e-05 8.391624e-02 1           
124:         1.000000e-09 1.000000e-09 1.000000e-09 1.000000e-09 1.000000e-09 9.892059e-01 1.079413e-02 1           
125:         1.000000e-09 1.000000e-09 1.000000e-09 1.000000e-09 1.000000e-09 1.000000e+00 1.000000e-09 1           
126:         1.000000e-09 1.000000e-09 1.329310e-02 1.000000e-09 1.000000e-09 9.801771e-01 6.529842e-03 1           
127:         1.000000e-09 1.000000e-09 1.000000e-09 1.000000e-09 1.000000e-09 1.000000e+00 1.000000e-09 1           
128:         1.000000e-09 1.000000e-09 6.490386e-06 1.000000e-09 1.000000e-09 9.935170e-01 6.476552e-03 1           
129:         1.000000e-09 1.000000e-09 1.000000e-09 1.000000e-09 1.000000e-09 9.998885e-01 1.115405e-04 1           
130:         1.000000e-09 1.000000e-09 1.000000e-09 1.000000e-09 1.000000e-09 9.938561e-01 6.143896e-03 1           
131:         1.000000e-09 1.000000e-09 4.799640e-09 1.000000e-09 1.000000e-09 9.932891e-01 6.710877e-03 1           
132:         1.000000e-09 1.000000e-09 1.000000e-09 1.000000e-09 1.000000e-09 9.952517e-01 4.748278e-03 1           
133:         1.000000e-09 1.000000e-09 1.000000e-09 1.000000e-09 1.000000e-09 1.000000e+00 1.000000e-09 1           
134:         1.000000e-09 1.000000e-09 1.000000e-09 1.000000e-09 1.000000e-09 1.000000e+00 1.000000e-09 1           
135:         1.000000e-09 1.000000e-09 2.039311e-02 1.000000e-09 1.000000e-09 9.780669e-01 1.539941e-03 1           
136:         1.000000e-09 1.000000e-09 1.000000e-09 1.000000e-09 1.000000e-09 1.000000e+00 1.000000e-09 1           
137:         1.000000e-09 1.000000e-09 1.012171e-02 1.000000e-09 1.000000e-09 9.898783e-01 1.000000e-09 1           
138:         1.000000e-09 1.000000e-09 1.000000e-09 1.000000e-09 1.011822e-03 9.989882e-01 1.000000e-09 1           
139:         1.000000e-09 1.000000e-09 1.000000e-09 1.000000e-09 1.000000e-09 9.641349e-01 3.586507e-02 1           
140:         1.000000e-09 1.000000e-09 1.924809e-03 1.000000e-09 1.000000e-09 9.957094e-01 2.365746e-03 1           
141:         1.000000e-09 1.000000e-09 1.000000e-09 1.000000e-09 1.000000e-09 1.000000e+00 1.000000e-09 1           
142:         1.000000e-09 2.367360e-04 2.380726e-02 1.678011e-03 3.372686e-04 9.516225e-01 2.231825e-02 1           
143:         1.000000e-09 2.069332e-03 1.800472e-02 2.348726e-08 1.000000e-09 9.079757e-01 7.195018e-02 1           
144:         1.000000e-09 1.000000e-09 7.788019e-02 1.000000e-09 1.000000e-09 9.221198e-01 1.000000e-09 1           
145:         8.100165e-03 1.000000e-09 1.922896e-07 1.000000e-09 1.000000e-09 9.218986e-01 7.000106e-02 1           
146:         3.226490e-03 1.000000e-09 6.890192e-02 1.000000e-09 1.000000e-09 8.630283e-01 6.484328e-02 1           
147:         1.000000e-09 1.000000e-09 2.679648e-02 3.207264e-03 1.000000e-09 8.936627e-01 7.633357e-02 1           
148:         1.000000e-09 1.000000e-09 1.779818e-02 1.149800e-03 5.289318e-05 9.567564e-01 2.424273e-02 1           
149:         6.275284e-04 1.000000e-09 4.441347e-02 2.184717e-03 2.001848e-09 8.821454e-01 7.062891e-02 1           
150:         5.000207e-04 1.000000e-09 4.062699e-02 1.613069e-03 1.930963e-05 8.996222e-01 5.761839e-02 1           
151:         2.466960e-03 1.000000e-09 1.952804e-03 1.000000e-09 1.000000e-09 9.450937e-01 5.048651e-02 1           
152:         1.714463e-03 1.000000e-09 1.000000e-09 1.000000e-09 1.000000e-09 9.612838e-01 3.700170e-02 1           
153:         1.000000e-09 1.000000e-09 7.611986e-03 1.000000e-09 1.000000e-09 9.099282e-01 8.245982e-02 1           
154:         3.449793e-03 1.000000e-09 1.000000e-09 1.000000e-09 1.000000e-09 9.300046e-01 6.654559e-02 1           
155:         5.473211e-03 1.000000e-09 1.071573e-01 1.000000e-09 1.000000e-09 8.443442e-01 4.302527e-02 1           
156:         1.020133e-02 1.000000e-09 2.924787e-02 1.000000e-09 1.000000e-09 8.926321e-01 6.791869e-02 1           
157:         1.000000e-09 1.000000e-09 6.960098e-02 1.000000e-09 1.000000e-09 8.978969e-01 3.250210e-02 1           
158:         1.000000e-09 1.000000e-09 1.000000e-09 1.000000e-09 1.000000e-09 9.123692e-01 8.763082e-02 1           
159:         1.000000e-09 1.000000e-09 7.930138e-02 1.000000e-09 1.000000e-09 8.423980e-01 7.830062e-02 1           
160:         1.008224e-03 1.000000e-09 7.152826e-02 1.000000e-09 1.000000e-09 8.763446e-01 5.111896e-02 1           
161:         3.802614e-03 6.730157e-03 1.014812e-01 1.000000e-09 7.319482e-09 8.233628e-01 6.462329e-02 1           
162:         3.712287e-03 1.000000e-09 6.890442e-02 1.000000e-09 1.000000e-09 6.851671e-01 2.422162e-01 1           
163:         2.238885e-02 1.000000e-09 2.991961e-01 1.000000e-09 1.000000e-09 5.984391e-01 7.997588e-02 1           
164:         1.000000e-09 1.000000e-09 3.169835e-02 1.000000e-09 6.118175e-03 8.957824e-01 6.640107e-02 1           
165:         1.897277e-02 1.000000e-09 1.279158e-01 1.000000e-09 1.000000e-09 7.489819e-01 1.041295e-01 1           
166:         1.000000e-09 1.830037e-03 2.366360e-01 1.000000e-09 1.000000e-09 4.841263e-01 2.774076e-01 1           
167:         1.000000e-09 1.000000e-09 3.230704e-02 1.000000e-09 1.000000e-09 9.483506e-01 1.934237e-02 1           
168:         1.000000e-09 1.000000e-09 4.251439e-01 1.000000e-09 1.091716e-02 5.639390e-01 1.000000e-09 1           
169:         1.000000e-09 1.000000e-09 9.467870e-02 1.000000e-09 1.551878e-02 8.516544e-01 3.814816e-02 1           
170:         1.000000e-09 1.000000e-09 2.111325e-02 1.000000e-09 1.615338e-03 9.601424e-01 1.712898e-02 1           
171:         1.000000e-09 1.000000e-09 1.154985e-01 1.000000e-09 8.015805e-03 8.646677e-01 1.181790e-02 1           
172:         1.000000e-09 1.000000e-09 8.906003e-02 1.000000e-09 1.970395e-03 8.857086e-01 2.326096e-02 1           
173:         1.000000e-09 1.000000e-09 3.562402e-02 1.000000e-09 1.000000e-09 9.232985e-01 4.107749e-02 1           
174:         1.000000e-09 1.000000e-09 2.640001e-02 1.000000e-09 1.000000e-09 9.568784e-01 1.672162e-02 1           
175:         1.000000e-09 1.000000e-09 7.659523e-01 1.000000e-09 1.000000e-09 2.034708e-01 3.057687e-02 1           
176:         1.000000e-09 1.000000e-09 6.675502e-01 1.000000e-09 1.000000e-09 2.976605e-01 3.478925e-02 1           
177:         1.000000e-09 6.788948e-02 3.908616e-01 2.560259e-01 1.000000e-09 2.492905e-01 3.593251e-02 1           
178:         1.000000e-09 1.000000e-09 7.397671e-01 1.916149e-03 3.869411e-03 1.963592e-01 5.808813e-02 1           
179:         1.000000e-09 1.000000e-09 7.815694e-01 1.486709e-03 2.122082e-03 1.804669e-01 3.435490e-02 1           
180:         1.000000e-09 5.377019e-02 4.666476e-01 2.842059e-01 1.000000e-09 1.789250e-01 1.645136e-02 1           
181:         1.000000e-09 4.339508e-02 4.823571e-01 2.218787e-01 1.000000e-09 1.990654e-01 5.330374e-02 1           
182:         1.000000e-09 2.711545e-02 4.992421e-01 2.323629e-01 1.000000e-09 2.249593e-01 1.632024e-02 1           
183:         1.000000e-09 1.000000e-09 5.130678e-01 2.310602e-01 1.424415e-04 2.365196e-01 1.920991e-02 1           
184:         1.000000e-09 1.012756e-08 5.498449e-01 2.239768e-01 6.946638e-05 1.845332e-01 4.157556e-02 1           
185:         1.000000e-09 1.000000e-09 7.455627e-01 1.000000e-09 1.000000e-09 2.261382e-01 2.829904e-02 1           
186:         1.000002e-09 1.000000e-09 5.977427e-01 2.742873e-01 1.000000e-09 1.221616e-01 5.808467e-03 1           
187:         9.753332e-05 2.648659e-04 7.299371e-01 4.856233e-03 4.909523e-03 2.203173e-01 3.961741e-02 1           
188:         1.000000e-09 2.153296e-02 4.701862e-01 2.892525e-01 1.207429e-09 1.796776e-01 3.935076e-02 1           
189:         1.000000e-09 1.000000e-09 7.642594e-01 1.000000e-09 1.000000e-09 1.891263e-01 4.661431e-02 1           
190:         1.000000e-09 1.000000e-09 7.616044e-01 1.000000e-09 1.000000e-09 1.854392e-01 5.295639e-02 1           
191:         1.000000e-09 1.000000e-09 6.361931e-01 2.903128e-01 3.967507e-03 6.104230e-02 8.484299e-03 1           
192:         1.000000e-09 1.000000e-09 6.972044e-01 1.000000e-09 1.000000e-09 2.704189e-01 3.237667e-02 1           
193:         1.000000e-09 1.000000e-09 7.452935e-01 1.000000e-09 1.000000e-09 1.953889e-01 5.931759e-02 1           
194:         6.172373e-03 1.000000e-09 1.183935e-01 1.000000e-09 1.000000e-09 8.021848e-01 7.324935e-02 1           
195:         7.569948e-02 1.000000e-09 5.149884e-03 1.000000e-09 1.000000e-09 8.488430e-01 7.030760e-02 1           
196:         5.597867e-03 1.000000e-09 2.793339e-02 1.000000e-09 1.000000e-09 8.848909e-01 8.157781e-02 1           
197:         2.917433e-03 1.000000e-09 1.000000e-09 1.000000e-09 1.000000e-09 9.940042e-01 3.078379e-03 1           
198:         1.000000e-09 1.000000e-09 1.000000e-09 2.581695e-02 1.000000e-09 8.996119e-01 7.457117e-02 1           
199:         1.000000e-09 1.000000e-09 1.000000e-09 1.000000e-09 1.000000e-09 1.000000e+00 1.000000e-09 1           
200:         1.000000e-09 1.000000e-09 1.000000e-09 1.000000e-09 1.000000e-09 1.000000e+00 1.000000e-09 1           
201:         7.857104e-02 1.000000e-09 1.000000e-09 8.791320e-02 2.788241e-03 8.307275e-01 1.000000e-09 1           
202:         1.321380e-03 1.000000e-09 1.000000e-09 1.000000e-09 1.000000e-09 9.891071e-01 9.571496e-03 1           
203:         1.000000e-09 1.000000e-09 1.000000e-09 1.000000e-09 1.000000e-09 1.000000e+00 1.000000e-09 1           
204:         1.000000e-09 1.000000e-09 1.000000e-09 1.000000e-09 1.000000e-09 1.000000e+00 1.000000e-09 1           
205:         1.000000e-09 1.000000e-09 1.000000e-09 1.000000e-09 1.000000e-09 9.940685e-01 5.931481e-03 1           
206:         1.000000e-09 1.000000e-09 1.000000e-09 1.000000e-09 1.000000e-09 9.955057e-01 4.494280e-03 1           
207:         1.000000e-09 1.000000e-09 1.000000e-09 1.000000e-09 1.000000e-09 1.000000e+00 1.000000e-09 1           
208:         1.000000e-09 1.000000e-09 1.000000e-09 1.000000e-09 1.000000e-09 1.000000e+00 1.000000e-09 1           
209:         1.000000e-09 1.000000e-09 7.575098e-03 1.000000e-09 1.000000e-09 9.789700e-01 1.345494e-02 1           
210:         1.000000e-09 1.000000e-09 2.778388e-07 1.000000e-09 1.000000e-09 9.999997e-01 1.000000e-09 1           
211:         1.000000e-09 1.000000e-09 1.000000e-09 1.000000e-09 1.000000e-09 1.000000e+00 1.000000e-09 1           
212:         1.043615e-02 1.000000e-09 1.000000e-09 1.000000e-09 1.000000e-09 9.895638e-01 1.000000e-09 1           
213:         1.000000e-09 1.000000e-09 1.000000e-09 1.000000e-09 1.000000e-09 9.494530e-01 5.054696e-02 1           
214:         1.000000e-09 1.000000e-09 1.000000e-09 1.000000e-09 1.000000e-09 9.870805e-01 1.291953e-02 1           
215:         1.000000e-09 4.975186e-04 1.000000e-09 1.000000e-09 1.000000e-09 9.899658e-01 9.536645e-03 1           
216:         1.000000e-09 1.000000e-09 1.000000e-09 1.000000e-09 1.000000e-09 1.000000e+00 1.000000e-09 1           
217:         1.000000e-09 1.000000e-09 1.000000e-09 1.000000e-09 1.000000e-09 1.000000e+00 1.000000e-09 1           
218:         1.000000e-09 1.317797e-03 2.035688e-02 1.000000e-09 1.000000e-09 9.595236e-01 1.880169e-02 1           
219:         7.334199e-03 1.000000e-09 6.833932e-03 1.000000e-09 1.000000e-09 9.480678e-01 3.776409e-02 1           
220:         1.000000e-09 1.000000e-09 1.000000e-09 1.000000e-09 1.000000e-09 9.843683e-01 1.563165e-02 1           
221:         1.000000e-09 1.000000e-09 1.000000e-09 1.000000e-09 1.000000e-09 9.935350e-01 6.465040e-03 1           
222:         1.000000e-09 1.000000e-09 1.000000e-09 1.000000e-09 1.000000e-09 1.000000e+00 1.000000e-09 1           
223:         1.000000e-09 1.000000e-09 1.000000e-09 1.000000e-09 1.000000e-09 9.938033e-01 6.196729e-03 1           
224:         1.000000e-09 1.000000e-09 1.000000e-09 1.000000e-09 1.000000e-09 9.695959e-01 3.040410e-02 1           
225:         1.000000e-09 1.000000e-09 1.000000e-09 1.000000e-09 1.000000e-09 9.904580e-01 9.541985e-03 1           
226:         9.345504e-04 1.000000e-09 1.000000e-09 1.000000e-09 1.468859e-03 9.025934e-01 9.500322e-02 1           
227:         1.414640e-03 1.000000e-09 1.000000e-09 1.000000e-09 1.000000e-09 9.797436e-01 1.884179e-02 1           
228:         1.000000e-09 1.000000e-09 1.000000e-09 1.000000e-09 1.000000e-09 1.000000e+00 1.000000e-09 1           
229:         8.025886e-04 1.000000e-09 1.015648e-02 1.000000e-09 1.000000e-09 9.356441e-01 5.339687e-02 1           
230:         1.000000e-09 1.000000e-09 6.899687e-03 1.000000e-09 2.284703e-03 9.908156e-01 1.000000e-09 1           
231:         8.512053e-03 1.000000e-09 1.000000e-09 1.000000e-09 1.000000e-09 9.914879e-01 1.000000e-09 1           
232:         1.045466e-03 1.000000e-09 1.000000e-09 1.182530e-03 1.000000e-09 9.977720e-01 1.000000e-09 1           
233:         8.204471e-03 1.000000e-09 1.000000e-09 7.671795e-04 8.207360e-03 9.673789e-01 1.544213e-02 1           
234:         1.176608e-02 1.000000e-09 1.000000e-09 1.000000e-09 1.000000e-09 9.882339e-01 1.000000e-09 1           
235:         4.049197e-03 1.000000e-09 1.000000e-09 1.000000e-09 1.000000e-09 9.959508e-01 1.000000e-09 1           
236:         1.000000e-09 1.000000e-09 2.781852e-02 1.000000e-09 1.000000e-09 9.606288e-01 1.155268e-02 1           
237:         1.000000e-09 1.000000e-09 9.774969e-05 1.000000e-09 1.000000e-09 9.955558e-01 4.346448e-03 1           
238:         1.000000e-09 1.000000e-09 1.197305e-02 1.000000e-09 1.000000e-09 9.443943e-01 4.363261e-02 1           
239:         1.000000e-09 1.491265e-03 2.391746e-05 1.000000e-09 4.294608e-03 9.941902e-01 1.000000e-09 1           
240:         1.000000e-09 1.000000e-09 2.616042e-03 1.000000e-09 1.000000e-09 9.973840e-01 1.000000e-09 1           
241:         1.000000e-09 3.228282e-03 1.000000e-09 1.000000e-09 2.496884e-03 9.916699e-01 2.604973e-03 1           
242:         1.000000e-09 1.000000e-09 1.000000e-09 1.000000e-09 2.783319e-03 8.257423e-01 1.714744e-01 1           
243:         1.000000e-09 1.000000e-09 7.264285e-03 1.000000e-09 1.000000e-09 9.142489e-01 7.848679e-02 1           
244:         2.472298e-03 1.000000e-09 1.505004e-02 1.000000e-09 1.000000e-09 9.663865e-01 1.609112e-02 1           
245:         1.000000e-09 1.000000e-09 1.000000e-09 1.000000e-09 1.000000e-09 1.000000e+00 1.000000e-09 1           
246:         1.000000e-09 1.000000e-09 4.889677e-02 1.000000e-09 2.334674e-03 9.487685e-01 1.000000e-09 1           
247:         5.254026e-03 1.000000e-09 1.183984e-02 1.000000e-09 2.184517e-03 9.807216e-01 1.000000e-09 1           
248:         1.000000e-09 1.000000e-09 1.000000e-09 1.000000e-09 1.000000e-09 9.738055e-01 2.619447e-02 1           
249:         1.000000e-09 1.000000e-09 1.093260e-02 1.000000e-09 1.000000e-09 9.890674e-01 1.000000e-09 1           
250:         1.000000e-09 1.000000e-09 2.813462e-02 1.000000e-09 1.000000e-09 9.311293e-01 4.073611e-02 1           
251:         1.000000e-09 1.000000e-09 1.000000e-09 1.000000e-09 2.071229e-03 9.979288e-01 1.000000e-09 1           
252:         1.000000e-09 1.000000e-09 1.000000e-09 1.000000e-09 1.000000e-09 1.000000e+00 1.000000e-09 1           
253:         1.000000e-09 1.000000e-09 2.524868e-08 1.000000e-09 1.000000e-09 1.000000e+00 1.000000e-09 1           
254:         1.000000e-09 3.298849e-03 3.192163e-02 5.979067e-03 1.000000e-09 9.587998e-01 6.881793e-07 1           
255:         1.000000e-09 1.000000e-09 1.000000e-09 1.000000e-09 1.000000e-09 1.000000e+00 1.000000e-09 1           
256:         1.280642e-03 1.000000e-09 1.000000e-09 1.000000e-09 1.000000e-09 9.776847e-01 2.103469e-02 1           
257:         1.000000e-09 1.000000e-09 1.526962e-02 1.000000e-09 1.000000e-09 9.842130e-01 5.173757e-04 1           
258:         3.968890e-05 1.000000e-09 1.519517e-02 1.000000e-09 1.000000e-09 9.847651e-01 1.000000e-09 1           
259:         2.356391e-03 1.000000e-09 1.000000e-09 1.000000e-09 1.000000e-09 9.894972e-01 8.146434e-03 1           
260:         5.960390e-03 1.000000e-09 5.758450e-02 1.000000e-09 2.931357e-03 9.185515e-01 1.497222e-02 1           
261:         1.940291e-03 1.000000e-09 6.221430e-03 1.000000e-09 1.000000e-09 9.918383e-01 1.000000e-09 1           
262:         1.000000e-09 1.000000e-09 1.000000e-09 1.000000e-09 1.000000e-09 1.000000e+00 1.000000e-09 1           
263:         2.386053e-03 1.000000e-09 1.000000e-09 1.000000e-09 1.000000e-09 9.894399e-01 8.174051e-03 1           
264:         1.000000e-09 1.000000e-09 1.000000e-09 1.000000e-09 1.000000e-09 9.717795e-01 2.822051e-02 1           
265:         1.000000e-09 1.000000e-09 2.573196e-02 1.000000e-09 1.000000e-09 9.742680e-01 1.000000e-09 1           
266:         1.000000e-09 1.000000e-09 1.284329e-02 1.000000e-09 5.698782e-04 9.865868e-01 1.000000e-09 1           
267:         1.000000e-09 1.000000e-09 1.000000e-09 8.584736e-03 1.000000e-09 9.860161e-01 5.399125e-03 1           
268:         8.116530e-04 1.000000e-09 3.951126e-03 2.576854e-03 8.967637e-04 9.717698e-01 1.999383e-02 1           
269:         6.544071e-04 1.000000e-09 1.646955e-02 1.000000e-09 4.793835e-03 9.780822e-01 1.000000e-09 1           
270:         2.259349e-02 1.000000e-09 6.529004e-02 1.000000e-09 1.000000e-09 8.335133e-01 7.860319e-02 1           
271:         1.763021e-03 8.849692e-04 5.786063e-03 1.365220e-03 1.000000e-09 9.812653e-01 8.935468e-03 1           
272:         4.365274e-03 1.000000e-09 1.000000e-09 1.000000e-09 1.000000e-09 9.709515e-01 2.468324e-02 1           
273:         1.000000e-09 1.000000e-09 1.000000e-09 1.000000e-09 1.000000e-09 1.000000e+00 1.000000e-09 1           
274:         1.000000e-09 1.000000e-09 1.000000e-09 1.000000e-09 1.000000e-09 1.000000e+00 1.000000e-09 1           
275:         1.000000e-09 1.000000e-09 1.000000e-09 1.000000e-09 1.000000e-09 1.000000e+00 1.000000e-09 1           
276:         1.000000e-09 1.000000e-09 6.151959e-03 1.000000e-09 1.000000e-09 9.877541e-01 6.093888e-03 1           
277:         1.000000e-09 1.000000e-09 1.703879e-02 1.000000e-09 1.000000e-09 9.735485e-01 9.412750e-03 1           
278:         2.546778e-03 1.000000e-09 1.000000e-09 1.000000e-09 1.000000e-09 9.935979e-01 3.855306e-03 1           
279:         8.176849e-03 1.000000e-09 1.446763e-02 1.000000e-09 1.000000e-09 9.773555e-01 1.000000e-09 1           
280:         1.000000e-09 1.000000e-09 1.000000e-09 1.000000e-09 1.000000e-09 1.000000e+00 1.000000e-09 1           
281:         1.029625e-02 1.000000e-09 1.000000e-09 1.000000e-09 1.000000e-09 9.897037e-01 1.000000e-09 1           
282:         3.894280e-03 1.000000e-09 1.000000e-09 1.000000e-09 1.000000e-09 9.903072e-01 5.798499e-03 1           
283:         1.038283e-02 1.000000e-09 1.172292e-08 1.000000e-09 1.000000e-09 9.896172e-01 1.000000e-09 1           
284:         7.933152e-03 2.057088e-05 1.000000e-09 1.000000e-09 9.882485e-03 9.821638e-01 1.000000e-09 1           
285:         2.198621e-02 1.000000e-09 1.000000e-09 1.000000e-09 1.000000e-09 9.659085e-01 1.210524e-02 1           
286:         9.612052e-04 1.000000e-09 1.777703e-02 1.000000e-09 1.000000e-09 9.812618e-01 1.000000e-09 1           
287:         1.000000e-09 1.000000e-09 1.000000e-09 1.000000e-09 1.000000e-09 1.000000e+00 1.000000e-09 1           
288:         1.000000e-09 1.000000e-09 1.258296e-02 1.000000e-09 1.000000e-09 9.874170e-01 1.000000e-09 1           
289:         1.000000e-09 1.000000e-09 1.000000e-09 1.000000e-09 3.788571e-03 9.962056e-01 5.831487e-06 1           
290:         1.000000e-09 1.000000e-09 4.823171e-03 1.000000e-09 1.000000e-09 9.951768e-01 9.245017e-09 1           
291:         1.000000e-09 1.000000e-09 1.000000e-09 1.000000e-09 1.800128e-03 9.607544e-01 3.744547e-02 1           
292:         1.000000e-09 1.000000e-09 6.606484e-03 1.000000e-09 1.000000e-09 9.812990e-01 1.209449e-02 1           
293:         1.000000e-09 1.000000e-09 1.000000e-09 1.000000e-09 1.000000e-09 1.000000e+00 1.000000e-09 1           
294:         1.000000e-09 1.000000e-09 1.000000e-09 1.000000e-09 1.000000e-09 9.969629e-01 3.037052e-03 1           
295:         1.000000e-09 1.000000e-09 5.934565e-04 1.000000e-09 1.000000e-09 9.994065e-01 1.000000e-09 1           
296:         1.000000e-09 1.000000e-09 2.730955e-02 1.000000e-09 1.000000e-09 9.726904e-01 1.000000e-09 1           
297:         1.000000e-09 1.000000e-09 7.392856e-02 1.000000e-09 1.000000e-09 8.848744e-01 4.119699e-02 1           
298:         1.000000e-09 1.000000e-09 1.000000e-09 1.000000e-09 2.206225e-03 9.688887e-01 2.890508e-02 1           
299:         1.000000e-09 1.000000e-09 1.000000e-09 1.000000e-09 1.000000e-09 9.904608e-01 9.539202e-03 1           
300:         1.000000e-09 1.000000e-09 5.593014e-02 1.000000e-09 1.000000e-09 9.369707e-01 7.099157e-03 1           
301:         1.000000e-09 1.000000e-09 5.414640e-03 1.000000e-09 1.000000e-09 9.945854e-01 1.000000e-09 1           
302:         1.048728e-02 1.000000e-09 9.717762e-03 1.000000e-09 1.000000e-09 9.609013e-01 1.889364e-02 1           
303:         1.000000e-09 1.000000e-09 1.000000e-09 7.353455e-03 1.000000e-09 9.752139e-01 1.743268e-02 1           
304:         1.000000e-09 1.426862e-03 1.000000e-09 1.000000e-09 1.000000e-09 9.985731e-01 1.000000e-09 1           
305:         1.000000e-09 1.000000e-09 1.000000e-09 2.106431e-03 1.000000e-09 9.978936e-01 1.000000e-09 1           
306:         1.000000e-09 1.000000e-09 1.000000e-09 1.000000e-09 1.000000e-09 1.000000e+00 1.000000e-09 1           
307:         1.000000e-09 1.000000e-09 1.000000e-09 1.000000e-09 1.000000e-09 9.737107e-01 2.628928e-02 1           
308:         1.000000e-09 1.000000e-09 1.000000e-09 1.000000e-09 3.034533e-04 9.996965e-01 1.000000e-09 1           
309:         1.000000e-09 1.000000e-09 7.477558e-03 1.000000e-09 1.000000e-09 9.875685e-01 4.953897e-03 1           
310:         1.000000e-09 1.000000e-09 1.000000e-09 1.000000e-09 1.000000e-09 9.936620e-01 6.338034e-03 1           
311:         1.000000e-09 1.000000e-09 1.671828e-08 1.000000e-09 1.000000e-09 9.773753e-01 2.262466e-02 1           
312:         1.000000e-09 1.000000e-09 1.000000e-09 1.000000e-09 1.000000e-09 9.943446e-01 5.655403e-03 1           
313:         2.327475e-03 1.000000e-09 1.000000e-09 1.000000e-09 1.467481e-09 9.148558e-01 8.281677e-02 1           
314:         1.000000e-09 1.000000e-09 2.328606e-02 1.000000e-09 1.000000e-09 9.767139e-01 1.000000e-09 1           
315:         1.000000e-09 1.000000e-09 1.000000e-09 1.000000e-09 1.000000e-09 1.000000e+00 1.000000e-09 1           
316:         1.000000e-09 1.000000e-09 1.000000e-09 1.000000e-09 1.000000e-09 9.705037e-01 2.949630e-02 1           
317:         1.000000e-09 1.000000e-09 1.370261e-02 1.000000e-09 1.000000e-09 9.664591e-01 1.983832e-02 1           
318:         1.000000e-09 1.000000e-09 1.000000e-09 1.000000e-09 1.000000e-09 1.000000e+00 1.000000e-09 1           
319:         1.000000e-09 1.000000e-09 1.000000e-09 1.000000e-09 1.000000e-09 1.000000e+00 7.292450e-09 1           
320:         1.000000e-09 1.000000e-09 1.000000e-09 1.000000e-09 1.000000e-09 1.000000e+00 1.000000e-09 1           
321:         1.000000e-09 1.000000e-09 1.000000e-09 1.000000e-09 1.000000e-09 9.926601e-01 7.339887e-03 1           
322:         1.000000e-09 1.000000e-09 1.000000e-09 1.000000e-09 1.000000e-09 1.000000e+00 1.000000e-09 1           
323:         1.000000e-09 1.000000e-09 1.000000e-09 1.000000e-09 1.000000e-09 9.967175e-01 3.282467e-03 1           
324:         1.000000e-09 1.000000e-09 1.000000e-09 1.000000e-09 1.000000e-09 9.902935e-01 9.706491e-03 1           
325:         1.000000e-09 1.000000e-09 1.756613e-02 1.984831e-03 9.789518e-04 9.794701e-01 1.000000e-09 1           
326:         1.000000e-09 1.000000e-09 7.022356e-03 1.263195e-03 6.323771e-04 9.910821e-01 1.000000e-09 1           
327:         8.250176e-04 8.374218e-04 1.883361e-02 1.000000e-09 1.000000e-09 9.783590e-01 1.144998e-03 1           
328:         1.000000e-09 1.000000e-09 3.765429e-03 1.000000e-09 1.000000e-09 9.962346e-01 1.000000e-09 1           
329:         1.000000e-09 1.000000e-09 1.000000e-09 1.000000e-09 1.000000e-09 1.000000e+00 1.000000e-09 1           
330:         1.000000e-09 1.000000e-09 1.815514e-02 1.000000e-09 1.000000e-09 9.818449e-01 1.000000e-09 1           
331:         1.000000e-09 1.000000e-09 1.191258e-02 1.000000e-09 1.000000e-09 9.877732e-01 3.141729e-04 1           
332:         1.000000e-09 1.000000e-09 1.000000e-09 1.000000e-09 1.000000e-09 1.000000e+00 1.000000e-09 1           
333:         1.000000e-09 1.000000e-09 1.763117e-03 1.000000e-09 1.000000e-09 9.982369e-01 1.000000e-09 1           
334:         1.000000e-09 1.000000e-09 2.088615e-02 1.000000e-09 1.000000e-09 9.782794e-01 8.344155e-04 1           
335:         1.000000e-09 1.000000e-09 1.000000e-09 1.000000e-09 1.000000e-09 9.943534e-01 5.646595e-03 1           
336:         1.000000e-09 1.000000e-09 1.000000e-09 1.000000e-09 1.000000e-09 1.000000e+00 1.000000e-09 1           
337:         1.000000e-09 1.000000e-09 1.000000e-09 1.000000e-09 1.000000e-09 9.954918e-01 4.508230e-03 1           
338:         1.000000e-09 1.000000e-09 1.000000e-09 1.000000e-09 1.000000e-09 9.978885e-01 2.111462e-03 1           
339:         1.000000e-09 1.000000e-09 1.000000e-09 1.000000e-09 1.000000e-09 1.000000e+00 1.000000e-09 1           
340:         1.000000e-09 1.000000e-09 2.265640e-02 1.000000e-09 1.000000e-09 9.467848e-01 3.055878e-02 1           
341:         1.000000e-09 1.000000e-09 1.000000e-09 1.000000e-09 1.000000e-09 1.000000e+00 1.000000e-09 1           
