0.00000000099999999976 0.98157630513407267969 0.01842368986592729865 0.00000000099999999976 0.00000000099999999976 0.00000000099999999976 0.00000000099999999976 
0.00000000099999999972 0.98126270471829846187 0.01873729028170174893 0.00000000099999999972 0.00000000099999999972 0.00000000099999999972 0.00000000099999999972 
0.00000000099999999983 0.96181253963521662342 0.03818745536478351105 0.00000000099999999983 0.00000000099999999983 0.00000000099999999983 0.00000000099999999983 
0.00512547896330467403 0.98257598605537144199 0.01229853098132391645 0.00000000099999999968 0.00000000099999999968 0.00000000099999999968 0.00000000099999999968 
0.00000000099999999968 0.99999999400000016969 0.00000000099999999968 0.00000000099999999968 0.00000000099999999968 0.00000000099999999968 0.00000000099999999968 
0.00000000099999999965 0.99531593986506095018 0.00468405513493912878 0.00000000099999999965 0.00000000099999999965 0.00000000099999999965 0.00000000099999999965 
0.00000000099999999973 0.99999999400000016969 0.00000000099999999973 0.00000000099999999973 0.00000000099999999973 0.00000000099999999973 0.00000000099999999973 
0.00000000099999999968 0.99999999340705403306 0.00000000159294604818 0.00000000099999999968 0.00000000099999999968 0.00000000099999999968 0.00000000099999999968 
0.00000000099999999973 0.99999993845324086639 0.00000005654675915621 0.00000000099999999973 0.00000000099999999973 0.00000000099999999973 0.00000000099999999973 
0.00552931267834845357 0.99447051948736209237 0.00000000099999999992 0.00000016383428956524 0.00000000099999999992 0.00000000099999999992 0.00000000099999999992 
0.00000000099999999970 0.99999999400000016969 0.00000000099999999970 0.00000000099999999970 0.00000000099999999970 0.00000000099999999970 0.00000000099999999970 
0.00000000099999999970 0.99217281894256670327 0.00782717605743341038 0.00000000099999999970 0.00000000099999999970 0.00000000099999999970 0.00000000099999999970 
0.00000000099999999989 0.98169161751363087642 0.01830837748636918519 0.00000000099999999989 0.00000000099999999989 0.00000000099999999989 0.00000000099999999989 
0.00000000099999999973 0.99999999400000005867 0.00000000099999999973 0.00000000099999999973 0.00000000099999999973 0.00000000099999999973 0.00000000099999999973 
0.00000000099999999983 0.99999999400000016969 0.00000000099999999983 0.00000000099999999983 0.00000000099999999983 0.00000000099999999983 0.00000000099999999983 
0.00000000099999999966 0.99999999400000005867 0.00000000099999999966 0.00000000099999999966 0.00000000099999999966 0.00000000099999999966 0.00000000099999999966 
0.00000000099999999981 0.89977087734673755204 0.10022911765326263100 0.00000000099999999981 0.00000000099999999981 0.00000000099999999981 0.00000000099999999981 
0.00000000099999999981 0.95400714949845255575 0.04599284550154761342 0.00000000099999999981 0.00000000099999999981 0.00000000099999999981 0.00000000099999999981 
0.00000000099999999972 0.99999979514626458066 0.00000019985373546170 0.00000000099999999972 0.00000000099999999972 0.00000000099999999972 0.00000000099999999972 
0.01008129391639525640 0.98991870108360480174 0.00000000099999999971 0.00000000099999999971 0.00000000099999999971 0.00000000099999999971 0.00000000099999999971 
0.00000000099999999971 0.96375972549701016678 0.03624026950298998156 0.00000000099999999971 0.00000000099999999971 0.00000000099999999971 0.00000000099999999971 
0.00130455153212925444 0.97661975969384029472 0.02207568477403049415 0.00000000099999999965 0.00000000099999999965 0.00000000099999999965 0.00000000099999999965 
0.00000000099999999973 0.99999964690935450040 0.00000034809064560830 0.00000000099999999973 0.00000000099999999973 0.00000000099999999973 0.00000000099999999973 
0.00000000099999999973 0.94670796607811813494 0.05329202892188199953 0.00000000099999999973 0.00000000099999999973 0.00000000099999999973 0.00000000099999999973 
0.00000000099999999982 0.92955634299230638362 0.07044365200769371615 0.00000000099999999982 0.00000000099999999982 0.00000000099999999982 0.00000000099999999982 
0.00000000099999999967 0.99840210400948758984 0.00159789099051255764 0.00000000099999999967 0.00000000099999999967 0.00000000099999999967 0.00000000099999999967 
0.00000000099999999975 0.95822717583370164984 0.04177281916629849851 0.00000000099999999975 0.00000000099999999975 0.00000000099999999975 0.00000000099999999975 
0.00000000099999999999 0.93370191059644636056 0.06269785134201769083 0.00000000099999999999 0.00360023406153589173 0.00000000099999999999 0.00000000099999999999 
0.01063682545130672195 0.97153215096771416981 0.01783101958097914330 0.00000000099999999980 0.00000000099999999980 0.00000000099999999980 0.00000000099999999980 
0.00000000099999999972 0.94482480193656204204 0.05517519306343812713 0.00000000099999999972 0.00000000099999999972 0.00000000099999999972 0.00000000099999999972 
0.00000000099999999968 0.99999999299064767921 0.00000000200935243220 0.00000000099999999968 0.00000000099999999968 0.00000000099999999968 0.00000000099999999968 
0.00000000099999999989 0.99956722100110029228 0.00000000099999999989 0.00000000099999999989 0.00000000099999999989 0.00000000099999999989 0.00043277399889990388 
0.00000000099999999986 0.91038158999943719074 0.07937392605867379936 0.01024447994188893048 0.00000000099999999986 0.00000000099999999986 0.00000000099999999986 
0.00000000099999999983 0.96352057236436705612 0.02981209630924178816 0.00666732732639137293 0.00000000099999999983 0.00000000099999999983 0.00000000099999999983 
0.00000000099999999980 0.90765046087358103311 0.09234953412641908055 0.00000000099999999980 0.00000000099999999980 0.00000000099999999980 0.00000000099999999980 
0.00000000099999999985 0.98266122819492462970 0.01103043594684816053 0.00630833185822720147 0.00000000099999999985 0.00000000099999999985 0.00000000099999999985 
0.00000000099999999978 0.95306578307695632990 0.04693421192304388090 0.00000000099999999978 0.00000000099999999978 0.00000000099999999978 0.00000000099999999978 
0.00000000099999999980 0.92629421662048028185 0.07051221149385268616 0.00319356788566720192 0.00000000099999999980 0.00000000099999999980 0.00000000099999999980 
0.00000000099999999983 0.90198614965572654345 0.09801382735486539877 0.00000001898940815296 0.00000000099999999983 0.00000000099999999983 0.00000000099999999983 
0.02712060897875625751 0.97287938602124379717 0.00000000099999999988 0.00000000099999999988 0.00000000099999999988 0.00000000099999999988 0.00000000099999999988 
0.00000000099999999982 0.99999999400000016969 0.00000000099999999982 0.00000000099999999982 0.00000000099999999982 0.00000000099999999982 0.00000000099999999982 
0.00401591098193431265 0.96009855831071722054 0.00007418923624430891 0.00000023088941830939 0.00000000099999999993 0.00002988186698572048 0.03578122771470004099 
0.00000000099999999976 0.99451755724351831311 0.00548243775648162186 0.00000000099999999976 0.00000000099999999976 0.00000000099999999976 0.00000000099999999976 
0.00000000099999999973 0.98652828382180968170 0.01347171117819038685 0.00000000099999999973 0.00000000099999999973 0.00000000099999999973 0.00000000099999999973 
0.00000000099999999975 0.91228889176255412163 0.08771110323744595039 0.00000000099999999975 0.00000000099999999975 0.00000000099999999975 0.00000000099999999975 
0.00000000099999999974 0.95084669189398385303 0.04915330310601622593 0.00000000099999999974 0.00000000099999999974 0.00000000099999999974 0.00000000099999999974 
0.00000000099999999974 0.97106289783671706495 0.02893709716328299666 0.00000000099999999974 0.00000000099999999974 0.00000000099999999974 0.00000000099999999974 
0.00000000099999999983 0.94293127848060565022 0.05706871651939442874 0.00000000099999999983 0.00000000099999999983 0.00000000099999999983 0.00000000099999999983 
0.00000000099999999976 0.94770997610106555431 0.04067616789514522796 0.01161385200378932739 0.00000000099999999976 0.00000000099999999976 0.00000000099999999976 
0.00000000099999999977 0.91223406704545706436 0.08776592795454313256 0.00000000099999999977 0.00000000099999999977 0.00000000099999999977 0.00000000099999999977 
0.00000000099999999975 0.95138250419149983372 0.04273593595570249204 0.00000000099999999975 0.00000000099999999975 0.00588155585279768762 0.00000000099999999975 
0.00000000099999999979 0.93772825291939088110 0.06227174208060925337 0.00000000099999999979 0.00000000099999999979 0.00000000099999999979 0.00000000099999999979 
0.00000000099999999981 0.99999999400000005867 0.00000000099999999981 0.00000000099999999981 0.00000000099999999981 0.00000000099999999981 0.00000000099999999981 
0.00000000154998573382 0.99999999148262797011 0.00000000099999999982 0.00000000099999999982 0.00000000099999999982 0.00000000296738639670 0.00000000099999999982 
0.00000000099999999973 0.98168306261713889072 0.01831693238286107375 0.00000000099999999973 0.00000000099999999973 0.00000000099999999973 0.00000000099999999973 
0.00000000099999999978 0.97461960462024888052 0.02538039037975131640 0.00000000099999999978 0.00000000099999999978 0.00000000099999999978 0.00000000099999999978 
0.00000000099999999981 0.94831386683475349386 0.05168612816524659898 0.00000000099999999981 0.00000000099999999981 0.00000000099999999981 0.00000000099999999981 
0.00000000099999999982 0.99348375305244107647 0.00651624194755901377 0.00000000099999999982 0.00000000099999999982 0.00000000099999999982 0.00000000099999999982 
0.00000000099999999973 0.99999999400000016969 0.00000000099999999973 0.00000000099999999973 0.00000000099999999973 0.00000000099999999973 0.00000000099999999973 
0.00000000099999999982 0.99885125093111193362 0.00114874406888808246 0.00000000099999999982 0.00000000099999999982 0.00000000099999999982 0.00000000099999999982 
0.00000000099999999974 0.98373366878605739139 0.01626632621394261818 0.00000000099999999974 0.00000000099999999974 0.00000000099999999974 0.00000000099999999974 
0.00000000099999999985 0.99267557987233090433 0.00732441512766929693 0.00000000099999999985 0.00000000099999999985 0.00000000099999999985 0.00000000099999999985 
0.01284684913048965080 0.98159733881064914485 0.00555580805886131662 0.00000000099999999981 0.00000000099999999981 0.00000000099999999981 0.00000000099999999981 
0.00000000099999999983 0.99249625359880699893 0.00750374140119310345 0.00000000099999999983 0.00000000099999999983 0.00000000099999999983 0.00000000099999999983 
0.00000000099999999978 0.99999999400000016969 0.00000000099999999978 0.00000000099999999978 0.00000000099999999978 0.00000000099999999978 0.00000000099999999978 
0.00000000099999999991 0.95757427133011030485 0.04242572366988978799 0.00000000099999999991 0.00000000099999999991 0.00000000099999999991 0.00000000099999999991 
0.00000000099999999999 0.99552964063558768704 0.00000045660293921543 0.00000000099999999999 0.00385027557046800379 0.00000002301920430670 0.00061960217180071625 
0.00000000099999999998 0.99346796102667001005 0.00653203397333004896 0.00000000099999999998 0.00000000099999999998 0.00000000099999999998 0.00000000099999999998 
0.00000000099999999995 0.99999999400000016969 0.00000000099999999995 0.00000000099999999995 0.00000000099999999995 0.00000000099999999995 0.00000000099999999995 
0.00000000586706543776 0.99999998893849051385 0.00000000119444411709 0.00000000099999999988 0.00000000099999999988 0.00000000099999999988 0.00000000099999999988 
0.00000000099999999993 0.92982226141307999789 0.07017773358692019903 0.00000000099999999993 0.00000000099999999993 0.00000000099999999993 0.00000000099999999993 
0.00000000099999999992 0.99999999400000005867 0.00000000099999999992 0.00000000099999999992 0.00000000099999999992 0.00000000099999999992 0.00000000099999999992 
0.00000000099999999978 0.00000000099999999978 0.01042056640379339892 0.00250162644974714302 0.00000000099999999978 0.98707780314645943154 0.00000000099999999978 
0.00000000099999999978 0.00000000099999999978 0.00000000099999999978 0.00000000099999999978 0.00000000099999999978 0.99999999399999994765 0.00000000099999999978 
0.03004390671953480543 0.01072062377403947345 0.00319081565408885518 0.00633256908779405211 0.00000000099999999986 0.94971198959985281274 0.00000009416469010460 
0.00000000099999999993 0.00000000099999999993 0.00000000099999999993 0.00621169281230969303 0.00000000099999999993 0.99378830218769032001 0.00000000099999999993 
0.00000000099999999980 0.00000000099999999980 0.00313422190731115456 0.00004139265652333226 0.00000000099999999980 0.99129602724179755047 0.00552835519436784863 
0.00000000099999999983 0.00000000099999999983 0.00001935798745455178 0.00000000099999999983 0.00000000099999999983 0.99998063701254547020 0.00000000099999999983 
0.00000000099999999988 0.00000000099999999988 0.00853876013632826406 0.01831045962989382575 0.00000000099999999988 0.97315077623377788107 0.00000000099999999988 
0.00000000099999999981 0.00000000099999999981 0.00709362426250429758 0.00000000099999999981 0.00000000099999999981 0.99290637073749565822 0.00000000099999999981 
0.03436199404640229854 0.00000000099999999980 0.00123334413525509634 0.00000000099999999980 0.00000000099999999980 0.96440465781834261438 0.00000000099999999980 
0.00000000099999999989 0.00000000099999999989 0.00000000099999999989 0.00000000099999999989 0.00000000099999999989 0.99999999399999994765 0.00000000099999999989 
0.00000000099999999979 0.00000000099999999979 0.00000000099999999979 0.00368539222165221265 0.00000000099999999979 0.99631460277834782424 0.00000000099999999979 
0.00000000099999999982 0.01449915501762114554 0.00139531318293105444 0.01676062224522754593 0.00000000099999999982 0.96724076459631724845 0.00010414295790305654 
0.00000000099999999980 0.00000000099999999980 0.00000000099999999980 0.00068098082408442307 0.00000000099999999980 0.99931901417591562087 0.00000000099999999980 
0.00000000099999999983 0.00000002628395252004 0.00000000099999999983 0.00118071902404930183 0.00000000099999999983 0.99876128300679889449 0.00005796868519910216 
0.00256289140341707132 0.00000000099999999983 0.00000000099999999983 0.00442534648891612648 0.00000000099999999983 0.99301175810766673102 0.00000000099999999983 
0.00000000099999999985 0.00000000099999999985 0.02653617398047686954 0.00000000099999999985 0.00000000099999999985 0.97346382101952311228 0.00000000099999999985 
0.00218046619323704338 0.00000055873085950316 0.00325761630701081181 0.01199022526585990372 0.00000000099999999989 0.98257107474510196887 0.00000005775793083288 
0.00000000099999999973 0.00000000099999999973 0.00000000099999999973 0.00753774228853366229 0.00000000099999999973 0.99246225271146637503 0.00000000099999999973 
0.00333763090130095559 0.00000400129084911384 0.02223410229399851515 0.00004959900101788539 0.00130501738136078529 0.93893083717986969283 0.03413881195160312770 
0.00000000099999999999 0.00218533888261123301 0.07199080449165291828 0.00000000099999999999 0.00123858721417095048 0.91547493161514759130 0.00911033579641731470 
0.00000000099999999990 0.02391561846284912321 0.00000000099999999990 0.00000000099999999990 0.00000000099999999990 0.95025336624674361374 0.02583101129040723393 
0.00000000100000000000 0.00003143442215746220 0.07977468333978778026 0.00000000100000000000 0.00468078927274179473 0.91551308996531299833 0.00000000100000000000 
0.00000000099999999999 0.06512918419525208502 0.05538405651607292840 0.00000000099999999999 0.00127211709500347505 0.87821463919367148687 0.00000000099999999999 
0.00000175336436277231 0.00685957231255772404 0.07109904872639674633 0.00000000100000000000 0.00294834288396936175 0.89766142277315996711 0.02142985893955334439 
0.00000000099999999998 0.00000000099999999998 0.02183481976647572848 0.00000000099999999998 0.00000000099999999998 0.97042552323464359443 0.00773965299888056037 
0.00000000100000000000 0.00000121707326418229 0.06806739613069165418 0.00000000268104939834 0.00223579092037526827 0.90040636341840274426 0.02928922877621685864 
0.00000000099999999999 0.00000000099999999999 0.05372040637708686006 0.00000037545265933015 0.00113303960367229441 0.91471908437483506749 0.03042709219174643057 
0.01420189144738551006 0.00000000099999999996 0.03649682112751157642 0.00000000099999999996 0.00000000099999999996 0.94930128342510289308 0.00000000099999999996 
0.00000000099999999992 0.00000000099999999992 0.03584770840434935157 0.00042866179059861657 0.00000000099999999992 0.96372362580505199769 0.00000000099999999992 
0.00000000099999999989 0.00000055752178936599 0.08161936083156608179 0.00000000099999999989 0.00000000099999999989 0.91837974889295126424 0.00000032975369330155 
0.00000000099999999996 0.00000000099999999996 0.06964965687934669691 0.01204627210081327462 0.00000000099999999996 0.91054289688940925895 0.00776117113043085349 
0.01629987322853398632 0.02543338856505285989 0.05006325518547473374 0.00000000100000000000 0.00289439895542321999 0.86738458151143316144 0.03792450155408193246 
0.00000000099999999999 0.00011485343181171104 0.07222779066979199969 0.00774500793916429921 0.00560614268811837103 0.89830881128278539105 0.01599739298832809561 
0.00000000099999999992 0.03927915822492708542 0.05368910677697668471 0.01980084527007624356 0.00000000099999999992 0.87790995640501479080 0.00932093132300524513 
0.00000000099999999989 0.00000000099999999989 0.11131762631999415902 0.01084520391267788930 0.00000000099999999989 0.87783716576732784276 0.00000000099999999989 
0.00000000099999999982 0.04631599309551039101 0.07290382912178081098 0.00000000099999999982 0.00000000099999999982 0.87587596660024469308 0.00490420818246420972 
0.00221042329984076072 0.04979228585831185078 0.05923624107485001011 0.00000000099999999995 0.00000000099999999995 0.88876104676699729801 0.00000000099999999995 
0.00000000100000000000 0.02504060138269723415 0.06237019254672174912 0.00170113878501876249 0.00116011652373385109 0.90587203927564774464 0.00385591048618077591 
0.00306645237161905877 0.03593440924868188113 0.00974026038925520504 0.00000015929415767517 0.00000000099999999992 0.95115392216059890806 0.00010479553568728614 
0.00000000099999999999 0.05166098012673422946 0.03979666125833681428 0.00000000099999999999 0.00354648978409288123 0.85858092893419490910 0.04641493789664099395 
0.00000000117019907726 0.01859163038300143400 0.01907246553995763094 0.00415307616289826379 0.00000000099999999997 0.94952548789559898523 0.00865733784834475141 
0.02529647526368124927 0.09140949728862322876 0.00541755115021962455 0.00714999333377038058 0.00097184462685158293 0.85079035207024422682 0.01896428626660965136 
0.00369936502851540274 0.09699715948692437528 0.01913022362064015214 0.00005476100472130548 0.00000000099999999996 0.87324494342082059628 0.00687354643837817872 
0.00000000099999999979 0.03883077058500565559 0.04671037091672911729 0.01315826572347397402 0.00000000099999999979 0.89730960759856603914 0.00399098317622522888 
0.00000049966843154640 0.00790570749717122746 0.01221666679829692091 0.00682496896459838017 0.00000000099999999986 0.93111750165049089745 0.04193465442101102642 
0.00000000099999999986 0.82037340598284314019 0.00000000099999999986 0.02799526466198660329 0.00000000099999999986 0.14222920791027124365 0.00940211844489906474 
0.05497818842321340604 0.67571654006423853556 0.02541860378747842417 0.02585996855613984652 0.00000000099999999982 0.19591771537298632855 0.02210898279594357765 
0.02778822824595730823 0.47194694331646103169 0.00000000118637956739 0.01736426123228873228 0.29480439486634668622 0.16340981104507235067 0.02468636010749433382 
0.00000000099999999997 0.84755386642062124913 0.00000000099999999997 0.03222922527244501817 0.00000000099999999997 0.09929168341522198737 0.02092522189171184752 
0.00000000099999999999 0.77636218326353956254 0.00000000099999999999 0.05024402860610432953 0.00000000099999999999 0.09558580270195195239 0.07780798242840428203 
0.00005902411549483917 0.51820940836371920390 0.00000000100000000000 0.02834740314899492769 0.31734527116240635047 0.11432693571060233151 0.02171195649878246425 
0.03352438125800347168 0.56344255850427393817 0.01789622184172775035 0.07027981811967784487 0.24865060541112912751 0.06620641386518787141 0.00000000100000000000 
0.01031774881935400290 0.53514185388293589174 0.00000000100000000000 0.03937764900956533531 0.25095935317567907852 0.16315174063523116277 0.00105165347723457396 
0.00000000287381727967 0.62169774136171773726 0.00000000100000000000 0.00120861383363049719 0.23690257805788947354 0.14019106187294499977 0.00000000100000000000 
0.00567965148638564961 0.62792186464778398935 0.00000000100000000000 0.01878924053536089323 0.22909885048188591283 0.10751802720330277952 0.01099236464528070313 
0.00000000099999999981 0.77354398386811984434 0.00000000099999999981 0.02788978140886136381 0.00000000099999999981 0.14003235772649788582 0.05853387399652103945 
0.00000000099999999999 0.58857273970095813631 0.00000000099999999999 0.05145473813693074439 0.28121080968954770274 0.05795964970803699212 0.02080206076452660938 
0.01129934118105839665 0.74744893947025814462 0.00000000100000000000 0.05543288575334470725 0.00588151883058843968 0.11234226755149223642 0.06759504621325830576 
0.02096995376365147490 0.55384984011201043863 0.00001962049386924038 0.01816181285744098567 0.30651210495386188581 0.10012149610253094634 0.00036517171663508994 
0.04692923364817237070 0.75555322694213045143 0.00560769750086981267 0.02211092384187087617 0.00000000099999999981 0.12655595657518817210 0.04324296049176841461 
0.00000000099999999985 0.79672189688530548057 0.00571427996792446373 0.01078147388332635279 0.00000000099999999985 0.12709009543248955820 0.05969225183095420995 
0.00000000100000000000 0.58961618927612280405 0.00018476887852285839 0.02232301452123922753 0.29877410808719856439 0.02139069911030861554 0.06771121912660815756 
0.02647117538490082606 0.77062186606271121381 0.00000000099999999976 0.03721376905960483567 0.00000000099999999976 0.16228285337884953976 0.00341033411393383687 
0.00110953125657284215 0.77512924450775055885 0.00699633024479004613 0.03868341298021124586 0.00000000099999999994 0.14502825443411218598 0.03305322557656324711 
0.00384253958058697115 0.00000000099999999996 0.00682071602583590123 0.00000000099999999996 0.00000000099999999996 0.98933674039357710761 0.00000000099999999996 
0.00000000099999999998 0.00000000099999999998 0.08503549047952184414 0.00000000099999999998 0.02562480953049402557 0.88933969598998419137 0.00000000099999999998 
0.00000000099999999983 0.00000019252305088812 0.00972219716037773726 0.00000000099999999983 0.00000000099999999983 0.99027760631657135715 0.00000000099999999983 
0.00000000099999999978 0.00000000099999999978 0.00000000099999999978 0.00000000099999999978 0.00000000099999999978 0.99999999400000005867 0.00000000099999999978 
0.00000000099999999999 0.00000000099999999999 0.00002979838106295814 0.00000000099999999999 0.13843463707425568421 0.86153556054468127812 0.00000000099999999999 
0.00000000099999999987 0.00000000099999999987 0.01042180385729773659 0.00000000099999999987 0.00000000099999999987 0.98957819114270217931 0.00000000099999999987 
0.00000000099999999982 0.00000000099999999982 0.00000000099999999982 0.00000000099999999982 0.00000000099999999982 0.99925296518420747560 0.00074702981579244973 
0.00000000099999999966 0.00000000099999999966 0.00000000099999999966 0.00000000099999999966 0.00000000099999999966 0.99999999400000005867 0.00000000099999999966 
0.00000000099999999976 0.00000000099999999976 0.00172723217203186292 0.00000000099999999976 0.00000000099999999976 0.99827276282796817419 0.00000000099999999976 
0.00000000099999999975 0.00000000099999999975 0.01556455155022556762 0.00000000099999999975 0.00000000099999999975 0.98443544344977451654 0.00000000099999999975 
0.00000000099999999974 0.00000000099999999974 0.00000000099999999974 0.00000000099999999974 0.00000000099999999974 0.99999999399999994765 0.00000000099999999974 
0.00000000099999999969 0.00000000099999999969 0.00000000099999999969 0.00000000099999999969 0.00000000099999999969 0.99999999400000005867 0.00000000099999999969 
0.00000000099999999982 0.00000000099999999982 0.00918325995880172295 0.00000000099999999982 0.00000000099999999982 0.98766845712299733417 0.00314827891820079579 
0.00000000099999999989 0.00598516429549138512 0.00000000099999999989 0.00000000099999999989 0.00000000099999999989 0.99401483070450857848 0.00000000099999999989 
0.00365235500868449272 0.00068880268803727870 0.00000000099999999978 0.00195737999118038124 0.00000000099999999978 0.99370145931209785672 0.00000000099999999978 
0.00000000099999999999 0.00000000099999999999 0.00000000099999999999 0.00000000099999999999 0.00577876112689400083 0.99422123387310601395 0.00000000099999999999 
0.00000000099999999991 0.00000000099999999991 0.04654220295632478799 0.00000000099999999991 0.00000000099999999991 0.95345779204367508974 0.00000000099999999991 
0.00236317116785348487 0.00000000099999999985 0.01529479908867044553 0.00000000099999999985 0.00000000099999999985 0.98234202574347595505 0.00000000099999999985 
0.00000000099999999990 0.00000000099999999990 0.00777159979874895209 0.00000000099999999990 0.00000000099999999990 0.99222839520125116763 0.00000000099999999990 
0.00000000099999999973 0.00000000099999999973 0.00000000099999999973 0.00000000099999999973 0.00000000099999999973 0.99999999400000005867 0.00000000099999999973 
0.00000000099999999985 0.00000000099999999985 0.00000000099999999985 0.00000000099999999985 0.00000000099999999985 0.99999999399999994765 0.00000000099999999985 
0.00000000099999999992 0.00000000099999999992 0.03893345133376277523 0.00329373544156754978 0.00000000099999999992 0.91345305233563511838 0.04431975788903451396 
0.00000000100000000000 0.00833474208471504489 0.03603105995348498958 0.00000000100000000000 0.00425309489798425359 0.95138110006381559902 0.00000000100000000000 
0.00000000099999999982 0.00000000099999999982 0.01320620232538987325 0.00000000099999999982 0.00000000099999999982 0.98679379267461009295 0.00000000099999999982 
0.00000000099999999984 0.00000000099999999984 0.00000053943493278794 0.00000000099999999984 0.00000000099999999984 0.99999945556506719679 0.00000000099999999984 
0.00000000099999999971 0.00000000099999999971 0.00000000099999999971 0.00000000099999999971 0.00000000099999999971 0.99999999400000005867 0.00000000099999999971 
0.02998987463693196520 0.00000000186641458986 0.00000000099999999980 0.00000000099999999980 0.00000000099999999980 0.97001011949665350009 0.00000000099999999980 
0.00000000099999999985 0.00000000099999999985 0.03556129509754082929 0.00633870471176473105 0.00000000099999999985 0.95809999619069441401 0.00000000099999999985 
0.00000000099999999987 0.00000000099999999987 0.01149261267060111384 0.00000000099999999987 0.00000000099999999987 0.96229159068552472256 0.02621579264387413274 
0.00000000099999999995 0.00505171939345642595 0.07610539205548916275 0.00000000099999999995 0.00000000099999999995 0.91884288455105445070 0.00000000099999999995 
0.00000000099999999994 0.00000000099999999994 0.01855399253210008453 0.00000000099999999994 0.00000000099999999994 0.98144600246789992504 0.00000000099999999994 
0.00000000099999999990 0.00000000099999999990 0.00000000099999999990 0.00000000099999999990 0.00000000099999999990 0.99999999399999994765 0.00000000099999999990 
0.01565579429729718058 0.00883799474150525136 0.05518942422008170368 0.00000000099999999996 0.00000000099999999996 0.92031678374111580698 0.00000000099999999996 
0.02534583410436179116 0.00658427908677159009 0.00000000099999999985 0.00000000099999999985 0.00000000099999999985 0.96806988280886663301 0.00000000099999999985 
0.00000000099999999998 0.00000000099999999998 0.00000000099999999998 0.00000000099999999998 0.00352965974254487161 0.99647033525745509763 0.00000000099999999998 
0.00000000099999999998 0.00000000099999999998 0.00000000099999999998 0.00075060658646474950 0.00151870041917396290 0.99773068899436134771 0.00000000099999999998 
0.00000000099999999999 0.00000000099999999999 0.01335929156194454702 0.00000000099999999999 0.00675488463534002631 0.91728112652617177503 0.06260469427654369312 
0.00000000099999999999 0.00000000099999999999 0.00265347821812211924 0.00000000099999999999 0.00570075383227108129 0.98923593028438772112 0.00240983466521903526 
0.00000000099999999999 0.00000000099999999999 0.01124168619071051062 0.00335686279777195392 0.00197985538887393651 0.98342155833964906009 0.00000003528299468295 
0.00000000099999999991 0.01566599242783707491 0.01742277703552935417 0.02267515461002333685 0.00000000099999999991 0.94423607292661027035 0.00000000099999999991 
0.00000000099999999991 0.00000000099999999991 0.00319211635525905877 0.00000000099999999991 0.00000000099999999991 0.99680787864474096338 0.00000000099999999991 
0.00000000099999999984 0.01680349567492387536 0.03646317984847005644 0.00000000099999999984 0.00000000099999999984 0.94673332047660607724 0.00000000099999999984 
0.00000000099999999996 0.00190053911270393096 0.00000968466149554782 0.00029876503992612435 0.00000000099999999996 0.95018400746044462402 0.04760700172542967762 
0.00520605836177339461 0.00000000099999999979 0.00000000099999999979 0.00000352131684821189 0.00000000099999999979 0.98900815883848325338 0.00578225848289502450 
0.00000000099999999994 0.00000000099999999994 0.00000073895363391878 0.00485727836104848324 0.00000000099999999994 0.92505879613022190533 0.07008318355509560171 
0.00000000099999999990 0.00884286484005420738 0.06890806579711819535 0.00561600122289798893 0.00000000099999999990 0.91663306513992970359 0.00000000099999999990 
0.00000000099999999996 0.00000000099999999996 0.03171340387737650590 0.01072469262295487440 0.00000000099999999996 0.94748830117724069932 0.01007359932242785430 
0.00000000099999999997 0.00788811320814421582 0.00000012746041405405 0.00000358142079412455 0.00000000099999999997 0.96114237582067918453 0.03096580008996846489 
0.00264884636773330068 0.00000000099999999999 0.00000000099999999999 0.00000000099999999999 0.00198609332482823633 0.97126906624280606728 0.02409599106463250484 
0.00000000099999999992 0.00000000099999999992 0.02539734838622347696 0.02947226618396202313 0.00000000099999999992 0.94512595854709358090 0.00000442388272100137 
0.00000000099999999990 0.01332693512268134060 0.00000000099999999990 0.00503628894732332556 0.00000000099999999990 0.98163677192999532206 0.00000000099999999990 
0.00000000099999999987 0.02251620003308716852 0.03835530693048212064 0.00000000099999999987 0.00000000099999999987 0.93912848903643075804 0.00000000099999999987 
0.00000000099999999995 0.00000000099999999995 0.00000000099999999995 0.00769480838441925601 0.00000000099999999995 0.99230518661558075877 0.00000000099999999995 
0.00000000099999999986 0.00000000099999999986 0.00000000099999999986 0.00000000099999999986 0.00000000099999999986 0.99999999400000005867 0.00000000099999999986 
0.00000030187433239964 0.00000000099999999980 0.00000000099999999980 0.00000000099999999980 0.00000000099999999980 0.99999969312566772128 0.00000000099999999980 
0.00000000099999999981 0.00000000099999999981 0.00000000099999999981 0.00090077507180487068 0.00000000099999999981 0.99909921992819517023 0.00000000099999999981 
0.00000000099999999995 0.00000000099999999995 0.02677824527078115358 0.00000000099999999995 0.00000000099999999995 0.97322174972921882130 0.00000000099999999995 
0.02290174649875073923 0.00000000099999999984 0.00000000099999999984 0.00000000099999999984 0.00000000099999999984 0.97156622284226556996 0.00553202665898370940 
0.00000000099999999990 0.00887197441201398838 0.00000000099999999990 0.00000000099999999990 0.00000000099999999990 0.98823503234963550046 0.00289298923835057181 
0.00000000099999999995 0.00000000099999999995 0.00511630666104579638 0.00000000099999999995 0.00000000099999999995 0.99488368833895424181 0.00000000099999999995 
0.00000000100000000000 0.01991703384543936500 0.02150526551306018372 0.00000000100000000000 0.00324070810467967001 0.94680009154097732882 0.00853689899584349383 
0.00000000099999999998 0.00499027264335664446 0.00000000099999999998 0.00000000099999999998 0.00000000099999999998 0.99401308888891137805 0.00099663446773194859 
0.00000000099999999996 0.00000000099999999996 0.00000000099999999996 0.00000000099999999996 0.00000000099999999996 0.99999999399999994765 0.00000000099999999996 
0.00000365056473218292 0.00000000099999999996 0.01572592881144641713 0.00000000099999999996 0.00000000099999999996 0.98427041643738000243 0.00000000118644134043 
0.00000000099999999998 0.00034250827115875284 0.02295752860565189457 0.00000000099999999998 0.00000000099999999998 0.97666552607929535412 0.00003443404389390777 
0.00000000099999999999 0.00000000099999999999 0.00268908368516895119 0.00000000099999999999 0.00831816277149291690 0.98899274954333815657 0.00000000099999999999 
0.00000000099999999999 0.00735653705645078568 0.01288210784517122669 0.00000000099999999999 0.00317932395010215836 0.97658202814827577143 0.00000000099999999999 
0.00000000099999999999 0.00046451038772740748 0.00000000099999999999 0.00657684932455651974 0.00000000099999999999 0.97463571529868808785 0.01832292198902800082 
0.00000000099999999999 0.00881585137554759778 0.00913589687008967491 0.00000000099999999999 0.00238985559285809267 0.97965839316150471472 0.00000000099999999999 
0.00000000099999999999 0.01140274992124342378 0.01186575344723075909 0.00000000099999999999 0.00216344829513275341 0.97456804533639307397 0.00000000099999999999 
0.00000000099999999990 0.00000000099999999990 0.00000015093259889197 0.00000000099999999990 0.00000000099999999990 0.99999984406740116682 0.00000000099999999990 
0.02633246976532845410 0.00000000099999999978 0.00000000099999999978 0.00000000099999999978 0.00000000099999999978 0.97366752523467148261 0.00000000099999999978 
0.00000000099999999986 0.00000000099999999986 0.00000000099999999986 0.00357515996169400097 0.00000000099999999986 0.99642483503830592273 0.00000000099999999986 
0.00228872547997506634 0.00000000099999999994 0.01007959715185987801 0.01357358303067529581 0.00000000099999999994 0.97356193127754409034 0.00049616105994570048 
0.00510645639881317486 0.02638322860363678107 0.01007598211363661296 0.00000000099999999989 0.00000000099999999989 0.94672229997543289048 0.01171203090848045060 
0.00319637989682182997 0.00000000099999999994 0.00000000099999999994 0.00000000099999999994 0.00000000099999999994 0.99680361510317827545 0.00000000099999999994 
0.00000000099999999999 0.00000000099999999999 0.00000036085029430197 0.00000002729690175290 0.00380213577489636745 0.96811974122180743940 0.02807773285610030284 
0.00000000099999999990 0.00000000099999999990 0.00000000099999999990 0.00000000099999999990 0.00000000099999999990 0.99999999400000005867 0.00000000099999999990 
0.00000000100000000000 0.00000000100000000000 0.00000000100000000000 0.01999417041907966194 0.00524094900806433214 0.94418201901539355880 0.03058285855746244869 
0.00000000100000000000 0.00000000100000000000 0.00367918834051660830 0.00005091119395779353 0.00235123255862297207 0.99391866490690261582 0.00000000100000000000 
0.00000000100000000000 0.00005311302061450455 0.00034945607838429428 0.00031832829283937590 0.00587175358770991151 0.99340734702045185855 0.00000000100000000000 
0.00000000100000000000 0.00000000100000000000 0.01497761366592567644 0.00000000100000000000 0.00684756476867173433 0.96473526226335815092 0.01343955630204441906 
0.00000000100000000000 0.00617606622071751026 0.01916151717853968942 0.00000000100000000000 0.01135675891414469896 0.95866322102703915853 0.00464243465955900547 
0.00000000099999999996 0.00838817892758501188 0.00000000099999999996 0.00003387931589241478 0.00000000099999999996 0.98251109903199296269 0.00906683972452956843 
0.00000023546557077468 0.00054715346172731153 0.00000000099999999991 0.00411258395178882175 0.00000000099999999991 0.99534002412091304723 0.00000000099999999991 
0.00000000099999999990 0.01891478941993954624 0.00000000099999999990 0.00299624555998101189 0.00000000099999999990 0.97808896102007936157 0.00000000099999999990 
0.00000000099999999994 0.00650031392881527878 0.00233110759277979640 0.03217677413124545027 0.00000000099999999994 0.95899180134715955592 0.00000000099999999994 
0.00000000099999999995 0.00000000099999999995 0.04651502148421361726 0.01854558341936578605 0.00000000099999999995 0.93493938862342651497 0.00000000347299410660 
0.00000000099999999992 0.00609659850662810140 0.01429449597857404206 0.00000000099999999992 0.00000000099999999992 0.97960890151479784738 0.00000000099999999992 
0.00000000099999999993 0.00318632706774049255 0.00000000099999999993 0.03471148348091122188 0.00000000099999999993 0.96210218545134829071 0.00000000099999999993 
0.00000000099999999973 0.00000000099999999973 0.00001601744087513117 0.00000000099999999973 0.00000000099999999973 0.99998397755912482587 0.00000000099999999973 
0.00000000099999999994 0.00000000099999999994 0.02803024956004735238 0.01624701461342162659 0.00000000099999999994 0.95571878307134439101 0.00000394975518654142 
0.00000000099999999996 0.00000000099999999996 0.00710396874913290892 0.02326393522520015661 0.00000000099999999996 0.96963199946239186922 0.00000009356327518539 
0.00000000099999999998 0.07911398008636927326 0.01536876270261827195 0.00000060793546662085 0.00000000099999999998 0.90551664580142243732 0.00000000147412346947 
0.00000000099999999995 0.00592897292461169820 0.00100868234036952001 0.00000150894492032092 0.00000000099999999995 0.99306083279009838005 0.00000000099999999995 
0.00003238571030418184 0.00000000100000000000 0.02326848987344137809 0.00000000100000000000 0.00582455922852846870 0.95740501684024970075 0.01346954634747623593 
0.00127461390527985907 0.00000000100000000000 0.03003718406481189693 0.00000000100000000000 0.00721304875932370169 0.96147515027058438886 0.00000000100000000000 
0.00000000099999999998 0.00000000099999999998 0.00000000099999999998 0.00000000099999999998 0.00000000099999999998 0.99999999400000005867 0.00000000099999999998 
0.00000014451126034083 0.00000000099999999999 0.00000000099999999999 0.00000115166753263497 0.00190820117265938223 0.99278936859705946283 0.00530113205148808816 
0.02547395675873022000 0.00000000099999999982 0.00000000099999999982 0.00000000099999999982 0.00000000099999999982 0.97452603824126970977 0.00000000099999999982 
0.00000000099999999991 0.00000000099999999991 0.04683676491902905720 0.00524756695276815815 0.00000000099999999991 0.94791566412820282839 0.00000000099999999991 
0.00000000099999999982 0.00000000099999999982 0.00000000099999999982 0.00000000099999999982 0.00000000099999999982 0.99999999399999994765 0.00000000099999999982 
0.00000000099999999989 0.01041706938289576126 0.00264115541460948830 0.00696214857724355117 0.00000000099999999989 0.97997962362525115054 0.00000000099999999989 
0.00479739626250075876 0.00000001104463507530 0.00984579227872378962 0.00007729798992471359 0.00000000099999999985 0.98527950042421552634 0.00000000099999999985 
0.00000000099999999990 0.00000000099999999990 0.02197759292398457701 0.00000000099999999990 0.00000000099999999990 0.96953462304023885210 0.00848778003577657647 
0.00000000099999999984 0.00000000099999999984 0.00351870120531742013 0.00000000099999999984 0.00000000099999999984 0.99648129379468264322 0.00000000099999999984 
0.01701344517725045594 0.02035036734104019723 0.00000000099999999987 0.00000000099999999987 0.00000000099999999987 0.96263618348170920669 0.00000000099999999987 
0.00768503270432973392 0.00000000099999999987 0.00000001190893798234 0.00000000099999999987 0.00000000099999999987 0.99231495138673220247 0.00000000099999999987 
0.00279929627259196782 0.00000000099999999991 0.05143691529139478302 0.00000000099999999991 0.00000000099999999991 0.94576378443601327728 0.00000000099999999991 
0.00000000099999999986 0.00000000099999999986 0.01062789282980908072 0.00370818419482297611 0.00000000099999999986 0.97470023075221345898 0.01096368922315437734 
