0.01988919468563279946 0.00000000099999999976 0.00000000099999999976 0.00000000099999999976 0.98011080131436723040 0.00000000099999999976 
0.02187299852456607227 0.00000000099999999973 0.00000000099999999973 0.00000000099999999973 0.97812699747543385698 0.00000000099999999973 
0.04079412032336383886 0.00000000099999999983 0.00000000099999999983 0.00000000099999999983 0.95920587567663617712 0.00000000099999999983 
0.01489759795358351104 0.00000000099999999968 0.00000000099999999968 0.00000000099999999968 0.98510239804641652750 0.00000000099999999968 
0.00000000099999999969 0.00000000099999999969 0.00000000099999999969 0.00000000099999999969 0.99999999500000003039 0.00000000099999999969 
0.00685996801263913120 0.00000000099999999965 0.00000000099999999965 0.00000000099999999965 0.99314002798736078503 0.00000000099999999965 
0.00052183277652777336 0.00000000099999999974 0.00000000099999999974 0.00000000099999999974 0.99947816322347204920 0.00000000099999999974 
0.00398310093537305489 0.00000000099999999968 0.00000000099999999968 0.00000000099999999968 0.99601689506462698365 0.00000000099999999968 
0.00639261864658184197 0.00000000099999999974 0.00000000099999999974 0.00000000099999999974 0.99360737735341819743 0.00000000099999999974 
0.00008005583896926870 0.00741166362166397613 0.00000000099999999992 0.00000000099999999992 0.99250827753936676778 0.00000000099999999992 
0.00000000187402407925 0.00000000099999999971 0.00000000099999999971 0.00000000099999999971 0.99999999412597584403 0.00000000099999999971 
0.01446043797232041996 0.00000000099999999970 0.00000000099999999970 0.00000000099999999970 0.98553955802767945205 0.00000000099999999970 
0.01877456241902438622 0.00000000099999999989 0.00000000099999999989 0.00000000099999999989 0.98122543358097558119 0.00000000099999999989 
0.00000000603172401682 0.00000000099999999973 0.00000000099999999973 0.00000000099999999973 0.99999998996827588194 0.00000000099999999973 
0.00000000485832143225 0.00000000099999999984 0.00000000099999999984 0.00000000099999999984 0.99999999114167859027 0.00000000099999999984 
0.00000150992609414866 0.00000000099999999966 0.00000000099999999966 0.00000000099999999966 0.99999848607390584565 0.00000000099999999966 
0.10255644092856687488 0.00000000099999999981 0.00000000099999999981 0.00000000134481163826 0.89744355472662140638 0.00000000099999999981 
0.04864811532013404993 0.00000000099999999982 0.00003210793429538335 0.00000000099999999982 0.95131977374557052940 0.00000000099999999982 
0.00707650753439592432 0.00000000099999999973 0.00000000099999999973 0.00000000099999999973 0.99292348846560396503 0.00000000099999999973 
0.00347150733504559758 0.00000000099999999971 0.00000000099999999971 0.00000000099999999971 0.99652848866495435942 0.00000000099999999971 
0.03807911565652835617 0.00000000099999999972 0.00000000099999999972 0.00000029884042746884 0.96192058250304413036 0.00000000099999999972 
0.02482098738714092270 0.00000034534327930822 0.00000000099999999966 0.00000000099999999966 0.97517866426957988679 0.00000000099999999966 
0.00761867125399498957 0.00012419589493265827 0.00000000099999999973 0.00000000099999999973 0.99225712985107228370 0.00000000099999999973 
0.05652898619601010033 0.00000000099999999974 0.00000000099999999974 0.00000000099999999974 0.94347100980398990178 0.00000000099999999974 
0.07266821969289465055 0.00000000099999999983 0.00000000099999999983 0.00000000099999999983 0.92733177630710539319 0.00000000099999999983 
0.01148032151013293062 0.00000000099999999968 0.00000000099999999968 0.00000000099999999968 0.98851967448986710618 0.00000000099999999968 
0.04460135573563866335 0.00000000099999999975 0.00000000099999999975 0.00000000099999999975 0.95539864026436127631 0.00000000099999999975 
0.06454679252262189582 0.00000000099999999999 0.00000000099999999999 0.00000000099999999999 0.93187708327669682706 0.00357612120068133074 
0.02159762999900387628 0.00000000152852828687 0.00000000099999999981 0.00000000099999999981 0.97840236547246783871 0.00000000099999999981 
0.05825916575117064816 0.00000000099999999972 0.00000000099999999972 0.00000000099999999972 0.94174083024882926374 0.00000000099999999972 
0.00434150808601502496 0.00000000099999999968 0.00000000099999999968 0.00000000099999999968 0.99565848791398503526 0.00000000099999999968 
0.00000024803927618902 0.00000000099999999990 0.00370103544067300946 0.00000000099999999990 0.99629871352005083818 0.00000000099999999990 
0.08431870067774389910 0.00739295127757652170 0.00000000099999999986 0.00000000099999999986 0.90828834504467947930 0.00000000099999999986 
0.03058752739563752598 0.00000000099999999983 0.00000000099999999983 0.00000000099999999983 0.96941246860436247612 0.00000000099999999983 
0.09393899388338863843 0.00000000099999999981 0.00000000099999999981 0.00000000099999999981 0.90606100211661133592 0.00000000099999999981 
0.01616708148838411768 0.00817291560666743959 0.00000000099999999985 0.00000000099999999985 0.97565999990494833849 0.00000000099999999985 
0.04842885976514671453 0.00000000099999999978 0.00000000099999999978 0.00000000099999999978 0.95157113623485323206 0.00000000099999999978 
0.07298972491477583036 0.00000000099999999980 0.00000000099999999980 0.00000000099999999980 0.92701027108522415787 0.00000000099999999980 
0.10068218769243209021 0.00000000099999999984 0.00000000364792392441 0.00000000099999999984 0.89931780565964403173 0.00000000099999999984 
0.00000000099999999988 0.00000000099999999988 0.00000000099999999988 0.00000000099999999988 0.99999999500000003039 0.00000000099999999988 
0.00000000099999999983 0.00000000099999999983 0.00000000099999999983 0.00000000099999999983 0.99999999500000003039 0.00000000099999999983 
0.00148680523320267495 0.00041922875914933357 0.03671628040158784329 0.00050358994049851948 0.96087409466556161775 0.00000000099999999993 
0.00868147778669801050 0.00000000099999999976 0.00000000099999999976 0.00000000099999999976 0.99131851821330196906 0.00000000099999999976 
0.01689040130956638922 0.00000000099999999974 0.00000000099999999974 0.00000000099999999974 0.98310959469043357473 0.00000000099999999974 
0.09029837788568137458 0.00000000099999999976 0.00000000099999999976 0.00000000099999999976 0.90970161811431848875 0.00000000099999999976 
0.05194570138975740381 0.00000000099999999975 0.00000000099999999975 0.00000000099999999975 0.94805429461024259830 0.00000000099999999975 
0.02995772309836532143 0.00000000099999999975 0.00000000099999999975 0.00000000099999999975 0.97004227290163469455 0.00000000099999999975 
0.05907040861634055284 0.00000000099999999983 0.00000000099999999983 0.00000000099999999983 0.94092958738365950477 0.00000000099999999983 
0.04239166595858901571 0.00944016998863361594 0.00000000099999999977 0.00002140908164910261 0.94814675297112827046 0.00000000099999999977 
0.09053548928670737683 0.00000000099999999977 0.00000000099999999977 0.00000000099999999977 0.90946450671329259752 0.00000000099999999977 
0.04439543668732188336 0.00000000099999999975 0.00000000099999999975 0.00595072382456950013 0.94965383648810852701 0.00000000099999999975 
0.06400689353321689645 0.00000000099999999980 0.00000000099999999980 0.00000000099999999980 0.93599310246678302239 0.00000000099999999980 
0.00000000099999999981 0.00000000099999999981 0.00000000099999999981 0.00000000099999999981 0.99999999499999991937 0.00000000099999999981 
0.00000000362688493643 0.00000000099999999983 0.00000000099999999983 0.00000016931307520543 0.99999982406003973257 0.00000000099999999983 
0.02013955768677698141 0.00000000099999999974 0.00000000099999999974 0.00000000099999999974 0.97986043831322289233 0.00000000099999999974 
0.02624508308191158060 0.00000000099999999979 0.00000000099999999979 0.00000000099999999979 0.97375491291808835559 0.00000000099999999979 
0.05372899615542444524 0.00000000099999999982 0.00000000099999999982 0.00000000099999999982 0.94627099984457552218 0.00000000099999999982 
0.00851202936657842121 0.00000000099999999982 0.00000000099999999982 0.00000000099999999982 0.99148796663342153579 0.00000000099999999982 
0.00000000099999999973 0.00000000099999999973 0.00000000099999999973 0.00000000099999999973 0.99999999499999991937 0.00000000099999999973 
0.00129967739302889562 0.00000000099999999982 0.00000000099999999982 0.00000000099999999982 0.99870031860697106030 0.00000000099999999982 
0.01842671398685409925 0.00000000099999999975 0.00000000099999999975 0.00000000099999999975 0.98157328201314597571 0.00000000099999999975 
0.00960132270718504384 0.00000000099999999985 0.00000000099999999985 0.00000000099999999985 0.99039867329281483510 0.00000000099999999985 
0.00842810356074781726 0.00000000099999999981 0.00000000099999999981 0.00000000099999999981 0.99157189243925214495 0.00000000099999999981 
0.00818137503132152465 0.00000000099999999984 0.00000000099999999984 0.00000000099999999984 0.99181862096867856593 0.00000000099999999984 
0.00000011604977935937 0.00000000099999999978 0.00000000099999999978 0.00000000099999999978 0.99999987995022066034 0.00000000099999999978 
0.04354397220872902735 0.00000000646084328842 0.00000000277025222669 0.00000000099999999991 0.95645601656017542602 0.00000000099999999991 
0.00003529474178784759 0.00000000100000000000 0.00620932163020474024 0.00000056545148921500 0.98993554606812039776 0.00381927110839780240 
0.00854392025552401860 0.00000000099999999998 0.00000000099999999998 0.00000000099999999998 0.99145607574447602861 0.00000000099999999998 
0.00000013102360121732 0.00000000099999999996 0.00000000099999999996 0.00000000099999999996 0.99999986497639870020 0.00000000099999999996 
0.00001193733708137455 0.00000000099999999988 0.00000000099999999988 0.00000000099999999988 0.99998805866291862188 0.00000000099999999988 
0.07269343827022796412 0.00000000099999999993 0.00000000099999999993 0.00000000099999999993 0.92730655772977210738 0.00000000099999999993 
0.00000000099999999993 0.00000000099999999993 0.00000000099999999993 0.00000000099999999993 0.99999999499999991937 0.00000000099999999993 
0.01042099726448279459 0.00000000319196197248 0.00000000099999999978 0.98957899654355530039 0.00000000099999999978 0.00000000099999999978 
0.00000000099999999978 0.00000000099999999978 0.00000000099999999978 0.99999999499999991937 0.00000000099999999978 0.00000000099999999978 
0.00439750580804898396 0.00001594040116007350 0.00006407124457947350 0.98422850713507881171 0.01129397441113266613 0.00000000099999999986 
0.00000000124535541954 0.00411266744300410950 0.00000000099999999993 0.99588732831164061832 0.00000000099999999993 0.00000000099999999993 
0.00323206585639468922 0.00000000099999999980 0.00543442207236345069 0.99133350907124184737 0.00000000099999999980 0.00000000099999999980 
0.00014443437301619232 0.00000000099999999984 0.00000000099999999984 0.99985556162698385751 0.00000000099999999984 0.00000000099999999984 
0.01029422359647633352 0.01013823848627265489 0.00000004561915899512 0.97956749029809198070 0.00000000099999999988 0.00000000099999999988 
0.00711283403301452358 0.00000000099999999981 0.00000000099999999981 0.99288716196698545424 0.00000000099999999981 0.00000000099999999981 
0.00232456925960055445 0.00000000099999999980 0.00000000099999999980 0.99767542674039955131 0.00000000099999999980 0.00000000099999999980 
0.00000000099999999990 0.00000000099999999990 0.00000000099999999990 0.99999999499999991937 0.00000000099999999990 0.00000000099999999990 
0.00000000099999999980 0.00340675079122077428 0.00000000099999999980 0.99659323790786591424 0.00000000830091326387 0.00000000099999999980 
0.00240028968271592622 0.01577564712151066986 0.00142171543176341370 0.96742291147904357906 0.01297943528496625296 0.00000000099999999983 
0.00000000099999999980 0.00000000099999999980 0.00000000099999999980 0.99999999500000003039 0.00000000099999999980 0.00000000099999999980 
0.00000000099999999983 0.00000000099999999983 0.00017158997632911381 0.99982478266005148093 0.00000362436361933540 0.00000000099999999983 
0.00000000099999999983 0.00628099696403943471 0.00000000099999999983 0.99371899903596050407 0.00000000099999999983 0.00000000099999999983 
0.02682561948004718103 0.00000000099999999985 0.00000000099999999985 0.97317437651995297720 0.00000000099999999985 0.00000000099999999985 
0.00325039574458150723 0.01089549086072835390 0.00000533478404139516 0.98572437177639637973 0.00012440583425242098 0.00000000099999999989 
0.00006263056917892768 0.00008184086982157752 0.00000000099999999974 0.99985552556099943633 0.00000000099999999974 0.00000000099999999974 
0.02208372384217244244 0.00684309209072656542 0.03365521002477309814 0.93599620427028584757 0.00010249062625732947 0.00131927914578466713 
0.07193092139625495429 0.00000000100000000000 0.00904358707147878693 0.91543706083261999762 0.00234503222901648930 0.00124339747062963621 
0.00000000099999999990 0.00000000099999999990 0.02578007786254248035 0.95077587490638826306 0.02344404423106928592 0.00000000099999999990 
0.07930979504282004156 0.00000001133101966854 0.00000103084761763124 0.91447048880550374506 0.00153506813585322613 0.00468360583718571873 
0.05543416719356285272 0.00000000100000000000 0.00000000100000000000 0.87877422191195175838 0.06451678115031396488 0.00127482774417132468 
0.07090605201371723287 0.00000022142496196219 0.02164084061248982768 0.89695562462169498019 0.00755010972247547544 0.00294715160466054327 
0.02208700461327868514 0.00000000099999999998 0.00773503969257667047 0.97017795168970388797 0.00000000200444065750 0.00000000099999999998 
0.06776483988725542917 0.00000000100000000000 0.02890014841645274432 0.90098835312535141551 0.00010684996735620334 0.00223980760358415826 
0.05377052170195111697 0.00000000100000000000 0.03031064093958547867 0.91477904112601482467 0.00000000100000000000 0.00113979423244863908 
0.03897297064537948164 0.00000000268081438741 0.00000001508138213971 0.96102700959242404188 0.00000000099999999997 0.00000000099999999997 
0.03574983594359695122 0.00000000099999999993 0.00000000099999999993 0.96425015991913454183 0.00000000113726845507 0.00000000099999999993 
0.08110499286542190156 0.00000000099999999989 0.00002091817933368414 0.91876259847211017018 0.00011148848313410064 0.00000000099999999989 
0.07089474544649862486 0.00106147800278647746 0.01008429273895902582 0.91795948181175601732 0.00000000099999999996 0.00000000099999999996 
0.05006405692703640165 0.00000000100000000000 0.03776493245979212904 0.88085444772872245611 0.02843217660699588409 0.00288438527745303337 
0.07379725797334664439 0.00363797836345085366 0.01599040803538688896 0.89999633936779688259 0.00097514510982747238 0.00560287115019136948 
0.05487691405782287729 0.00054816707189115504 0.01362364805450154773 0.88741731614530694472 0.04353395367047740300 0.00000000099999999992 
0.11091698287045102800 0.00946597791564304097 0.00017177567822124692 0.87944526153568469695 0.00000000099999999989 0.00000000099999999989 
0.07310093242582300921 0.00000000099999999982 0.00491244803665644419 0.87698708332071306781 0.04499953421680743387 0.00000000099999999982 
0.05940575699546761512 0.00060622482947410685 0.00000003696808358792 0.89082829062189405889 0.04915968958508055292 0.00000000099999999995 
0.06214765573344131766 0.00000041043675365921 0.00385931932448387548 0.90692251156789749356 0.02590969452041134297 0.00116040841701229723 
0.00987365610488839980 0.00739129220641274263 0.00007380410241250553 0.94688062270641826235 0.03578062387986801623 0.00000000099999999992 
0.03983171699579467206 0.00000000100000000000 0.04615548866071005063 0.85848061695963429063 0.05198400853740544475 0.00354816784645540367 
0.01803981932534932942 0.00310447885104788834 0.00453810988052573156 0.94973281898286365799 0.02458477196021343139 0.00000000099999999997 
0.00637921511302918555 0.00931402993014404830 0.01987276874217179523 0.86735527018263069987 0.09608482227163676892 0.00099389376038751536 
0.01972037940535767420 0.00994762609472725490 0.00686126731586722462 0.86857420620642467046 0.09489651997762323099 0.00000000099999999996 
0.04700817726895151205 0.00957229328797353299 0.00439120145356833302 0.90036762600744357776 0.03866070098206294409 0.00000000099999999979 
0.01237753751299077061 0.00620806315937355666 0.04238578941992734994 0.93212934993360763158 0.00689925897410058157 0.00000000099999999986 
0.00000000099999999987 0.02288209479507408856 0.00965785704389227062 0.14513016108746712440 0.82232988507356663543 0.00000000099999999987 
0.02741057705929015806 0.05721586765392270429 0.02326052166779223745 0.20766745495635305363 0.68444557766264180199 0.00000000099999999982 
0.00107315364198092814 0.05842938878605938996 0.02442718431983727928 0.15210836363660476533 0.46913450614189916577 0.29482740347361841016 
0.00000000636853473889 0.01332979441391615900 0.02152940186216313959 0.11185317739323570596 0.85328761896215032934 0.00000000099999999997 
0.00000000099999999999 0.03500297322486820711 0.08001057485741393249 0.10229943003602055829 0.78268701988169731010 0.00000000099999999999 
0.00000000100000000000 0.03787142544291834806 0.02031246196186157343 0.10696794461825177847 0.51759321655947776453 0.31725495041749052216 
0.01875405550083953515 0.08053192601104330883 0.00000002585512785890 0.08008558587251213279 0.57208946026691420705 0.24853894649356300661 
0.00000004637113230146 0.06864195772989238609 0.00094965538931557998 0.14996945156248245312 0.52955530417299290225 0.25088358477418443160 
0.00000000100000000000 0.00611303507716842720 0.00000000100000000000 0.13769386978302844415 0.61930091521019947631 0.23689217792960357012 
0.00000000436030887385 0.03049978852928126108 0.01088884855013809959 0.10197595263542999500 0.62757069877126225865 0.22906470715357943324 
0.00038521587682795524 0.01787464436570335852 0.06001073590723188245 0.14666866344102974518 0.77506073940920694465 0.00000000099999999981 
0.00000000100000000000 0.04760461040776304414 0.02244438353562925106 0.05995420163115119244 0.58888966067907244639 0.28110714274638404220 
0.00000027716621223207 0.07048761167046718734 0.06838586509876828923 0.10948367692181494581 0.74576888920103667768 0.00587367994170064685 
0.00756418741312628144 0.03703324911633729122 0.00072819945668475448 0.09741026752164183566 0.55083285258891245828 0.30643124390329734563 
0.00697482080505222157 0.03191260719013711000 0.04766987360477522445 0.14280880587550384697 0.77063389152453143360 0.00000000099999999981 
0.00607836508096343871 0.00503789920547949386 0.06004425502622889876 0.13002518552500580418 0.79881429416232230256 0.00000000099999999985 
0.00066999261895088870 0.03757283533014885157 0.06835172035527446732 0.00933769755153318094 0.58530596140546775619 0.29876179273862485397 
0.00000000099999999976 0.07261974780582107492 0.00312090804849032670 0.15676429209757608563 0.76749505004811247044 0.00000000099999999976 
0.00709348460658686380 0.04204728306710616564 0.03198881770608237585 0.14298188583995830037 0.77588852778026629053 0.00000000099999999994 
0.00735883501828164290 0.00405458409529389947 0.00000000099999999996 0.98858657788642445574 0.00000000099999999996 0.00000000099999999996 
0.08487104881874593665 0.00000000099999999999 0.00000000099999999999 0.88949706373958736805 0.00000000099999999999 0.02563188444166680791 
0.00951732132424985139 0.00000000099999999983 0.00000000099999999983 0.99030137291503206320 0.00018130276071812352 0.00000000099999999983 
0.00000000099999999978 0.00000000099999999978 0.00000000099999999978 0.99999999499999991937 0.00000000099999999978 0.00000000099999999978 
0.00027085738393639233 0.00000000099999999999 0.00000000099999999999 0.86128444633990430823 0.00000000099999999999 0.13844469327615935295 
0.01020369560323552624 0.00000000099999999987 0.00000000099999999987 0.98979630039676436137 0.00000000099999999987 0.00000000099999999987 
0.00000000099999999982 0.00000000099999999982 0.00073476214232632013 0.99926523385767374030 0.00000000099999999982 0.00000000099999999982 
0.00000000099999999966 0.00000000099999999966 0.00000000099999999966 0.99999999499999991937 0.00000000099999999966 0.00000000099999999966 
0.00194344657429465256 0.00000000099999999976 0.00000000099999999976 0.99805654942570531940 0.00000000099999999976 0.00000000099999999976 
0.01533839146781068585 0.00000000099999999975 0.00000000099999999975 0.98466160453218942727 0.00000000099999999975 0.00000000099999999975 
0.00000000099999999975 0.00000000099999999975 0.00000000099999999975 0.99999999499999991937 0.00000000099999999975 0.00000000099999999975 
0.00000010564760563166 0.00000000099999999969 0.00000000099999999969 0.99999989035239433832 0.00000000099999999969 0.00000000099999999969 
0.00924579043906090248 0.00000000099999999983 0.00317348848615348848 0.98758069931067371527 0.00000001976411191275 0.00000000099999999983 
0.00000000099999999989 0.00000000099999999989 0.00000000099999999989 0.99379970219357494088 0.00620029380642500398 0.00000000099999999989 
0.00000000099999999978 0.00049767465014664944 0.00000000099999999978 0.99588480856325245494 0.00361751378660093211 0.00000000099999999978 
0.00000000099999999999 0.00000000099999999999 0.00000153712809642863 0.99421241760237255569 0.00000000099999999999 0.00578604226953103977 
0.04641938602829020349 0.00000000099999999991 0.00000000099999999991 0.95358060997170979167 0.00000000099999999991 0.00000000099999999991 
0.01553859772839467912 0.00000614439764821780 0.00000000154791267299 0.98445525432604452654 0.00000000099999999985 0.00000000099999999985 
0.00772407010661774109 0.00000000099999999991 0.00000000099999999991 0.99227592589338220463 0.00000000099999999991 0.00000000099999999991 
0.00000000099999999973 0.00000000099999999973 0.00000000099999999973 0.99999999499999991937 0.00000000099999999973 0.00000000099999999973 
0.00000000099999999986 0.00000000099999999986 0.00000000099999999986 0.99999999500000003039 0.00000000099999999986 0.00000000099999999986 
0.03831357191054070993 0.00201551493942292610 0.04485696804963702766 0.91481394310039942930 0.00000000099999999992 0.00000000099999999992 
0.03594531625095562927 0.00000040438607533410 0.00000000100000000000 0.95144124133292651280 0.00835390844897600064 0.00425912858106651093 
0.01315787470833422110 0.00000000099999999983 0.00000001164644458291 0.98684211064522120438 0.00000000099999999983 0.00000000099999999983 
0.00001578240763153977 0.00000000099999999984 0.00000000099999999984 0.99998324302916030693 0.00000097156320807868 0.00000000099999999984 
0.00000000099999999971 0.00000000099999999971 0.00000000099999999971 0.99999999500000003039 0.00000000099999999971 0.00000000099999999971 
0.00000000099999999981 0.00385603480706770948 0.00000000099999999981 0.99583450723599653553 0.00030945495693557621 0.00000000099999999981 
0.03539756178537785403 0.00540207119764122071 0.00000000099999999985 0.95920036401698094419 0.00000000099999999985 0.00000000099999999985 
0.01137884622088206760 0.00000000099999999987 0.02619078547533866541 0.96243036530377934490 0.00000000099999999987 0.00000000099999999987 
0.07637767774908466034 0.00000000099999999995 0.00000000099999999995 0.91862327232382690045 0.00499904692708832109 0.00000000099999999995 
0.01865657842773847316 0.00000000099999999994 0.00000000099999999994 0.98134341757226140057 0.00000000099999999994 0.00000000099999999994 
0.00000000099999999990 0.00000000099999999990 0.00000000099999999990 0.99999999500000003039 0.00000000099999999990 0.00000000099999999990 
0.05544474275805053726 0.01346580963524311551 0.00000000099999999996 0.92212177458699073895 0.00896767101971557810 0.00000000099999999996 
0.00000000319480474358 0.00000000099999999985 0.00000000099999999985 0.99323375352779252889 0.00676624027740280881 0.00000000099999999985 
0.00000000099999999999 0.00000000099999999999 0.00000000099999999999 0.99646079471593862475 0.00000147899316509984 0.00353772329089613096 
0.00000000099999999999 0.00000000099999999999 0.00000000099999999999 0.99846860333658071784 0.00000000099999999999 0.00153139266341929640 
0.01330192577254037632 0.00000000099999999999 0.06219182625800662167 0.91773489944590580514 0.00000000099999999999 0.00677134652354726991 
0.00240096489532397100 0.00000000099999999999 0.00240426875913451717 0.98948572034865212022 0.00000000099999999999 0.00570904399688945251 
0.01343437537928119686 0.00000000100000000000 0.00012069923463186906 0.98446056087096245335 0.00000000100000000000 0.00198436251512463862 
0.02161823485853592991 0.00000025240325333711 0.00000009037132605892 0.95935503019545276260 0.01902639117143200068 0.00000000099999999991 
0.00303713035576012261 0.00000000099999999991 0.00000000099999999991 0.99696286564423985954 0.00000000099999999991 0.00000000099999999991 
0.03613290758854163093 0.00000000099999999984 0.00000000099999999984 0.94745975465639475921 0.01640733475506351430 0.00000000099999999984 
0.00003295899546067905 0.00000000099999999997 0.04731804861095559311 0.95124749184794177292 0.00140149854564189467 0.00000000099999999997 
0.00000000099999999979 0.00629134227774514644 0.00581124458712922558 0.98789720476730524812 0.00000020636782028285 0.00000000099999999979 
0.00115473276091826492 0.00000000099999999995 0.07020426946255971246 0.92864099477652195525 0.00000000099999999995 0.00000000099999999995 
0.06910559625578102660 0.00458778645935704454 0.00000000099999999990 0.91667418385573340434 0.00963243142912849869 0.00000000099999999990 
0.03505135618879140491 0.00152628816929180323 0.01023952400155517251 0.95318282964036171734 0.00000000099999999996 0.00000000099999999996 
0.00000163466618993496 0.00000001774022505944 0.03125360638380703104 0.96165510211034110899 0.00708963809943695140 0.00000000099999999997 
0.00000003859700715235 0.00148781862767911888 0.02406497153369621667 0.97245796559315644814 0.00000000100000000000 0.00198920464846122401 
0.02414590716042786661 0.02003019007867884449 0.00033515669519913527 0.95548874406569417328 0.00000000099999999992 0.00000000099999999992 
0.00000000099999999990 0.00000001044642999864 0.00000000099999999990 0.98144070048273790441 0.01855928607083214693 0.00000000099999999990 
0.03790656182304287525 0.00000000099999999987 0.00000008768112227804 0.93916023580503715795 0.02293311269079754966 0.00000000099999999987 
0.00000000099999999996 0.00602781088362459253 0.00000000099999999996 0.99397218511637552840 0.00000000099999999996 0.00000000099999999996 
0.00000000099999999987 0.00000000099999999987 0.00000000099999999987 0.99999999499999991937 0.00000000099999999987 0.00000000099999999987 
0.00000000099999999980 0.00000000099999999980 0.00000000412815653048 0.99999999187184351879 0.00000000099999999980 0.00000000099999999980 
0.00000025743198023143 0.00000025289126296043 0.00000000099999999981 0.99999948667675675473 0.00000000099999999981 0.00000000099999999981 
0.02656672911807517537 0.00000000099999999995 0.00000001037779847115 0.97343325285793702584 0.00000000564618915623 0.00000000099999999995 
0.00000000099999999984 0.00000000099999999984 0.00584004009796548068 0.99415950785238726972 0.00000044904964720310 0.00000000099999999984 
0.00000000099999999991 0.00000000099999999991 0.00290800918614035880 0.98834826145850096513 0.00874372635535851372 0.00000000099999999991 
0.00517236938579186158 0.00000000099999999995 0.00000000268664752918 0.99482762492756060535 0.00000000099999999995 0.00000000099999999995 
0.02130150765584166300 0.00000000100000000000 0.00798615640738422131 0.94682285291527346072 0.02064352354989988647 0.00324595847160067709 
0.00000000099999999999 0.00000000099999999999 0.00025990831410476113 0.99274195906557838320 0.00699812962031676894 0.00000000099999999999 
0.00000001266963160990 0.00000000099999999996 0.00000000099999999996 0.99999994991126794908 0.00000003441910034062 0.00000000099999999996 
0.01576132012592545636 0.00000004041511114289 0.00000007811160240556 0.98423801460270565755 0.00000054574465536087 0.00000000099999999997 
0.02257134276622623295 0.00000000099999999998 0.00030032652016522758 0.97511211891130122886 0.00201620980230731578 0.00000000099999999998 
0.00278977857291819696 0.00000000099999999999 0.00000000099999999999 0.98888597129505839689 0.00000000099999999999 0.00832424713202345283 
0.01293240607465584620 0.00000000099999999999 0.00000000099999999999 0.97663031319344861814 0.00725377339831591826 0.00318350533357954516 
0.00000000825115033196 0.00540419907169941826 0.01835157692937872814 0.97528263234733547637 0.00096158240043603535 0.00000000100000000000 
0.00917699020507075323 0.00000000099999999999 0.00000000099999999999 0.97989211602679970881 0.00854017322664267324 0.00239071854148689700 
0.01198968722764656193 0.00000000099999999999 0.00000000099999999999 0.97477187872035497840 0.01107616981968256170 0.00216226223231598446 
0.00000009206550396720 0.00000000099999999990 0.00000000099999999990 0.99999988508914261498 0.00000001984535347453 0.00000000099999999990 
0.00000000099999999978 0.00000000099999999978 0.00000000099999999978 0.99999999500000003039 0.00000000099999999978 0.00000000099999999978 
0.00000000099999999986 0.00178489706317294596 0.00000000099999999986 0.99821509893682713876 0.00000000099999999986 0.00000000099999999986 
0.01552736627874776350 0.00100453492275186479 0.00055421508238182331 0.98290721129940550327 0.00000667141671299560 0.00000000099999999994 
0.01019463158516440218 0.00000000099999999989 0.01172782453166128919 0.94918223560623360413 0.02889530627694059453 0.00000000099999999989 
0.00001582897304827364 0.00000379396944082913 0.00000000099999999994 0.99998037405751094564 0.00000000099999999994 0.00000000099999999994 
0.00000692544837550430 0.00000000100000000000 0.02798779484216214891 0.96819838418156212168 0.00000000314724850549 0.00380689138065172083 
0.00000000917462373248 0.00000000099999999991 0.00000000099999999991 0.99999998682537627470 0.00000000099999999991 0.00000000099999999991 
0.00000000100000000000 0.00591057957721863314 0.03455362004957310273 0.95433000254307298604 0.00000077599289254504 0.00520502083724266700 
0.00373027747155292100 0.00000138586801347857 0.00000000100000000000 0.99391875858576750336 0.00000000100000000000 0.00234957607466620370 
0.00076200973721609125 0.00000000663403388268 0.00000000100000000000 0.99285957453919315707 0.00049655008041175354 0.00588185800914487345 
0.01498583350325816479 0.00000001174052682509 0.01328191678988080437 0.96487872548362874081 0.00000003084230021317 0.00685348164040525294 
0.01913588635998558773 0.00000000100000000000 0.00451867835662973869 0.95772816078032374509 0.00725173686501580719 0.01136553663804499258 
0.00000002697897956446 0.00000000099999999996 0.00904933507022402835 0.98269508719408515951 0.00825554875671133739 0.00000000099999999996 
0.00000000099999999991 0.00095768518707355522 0.00000000099999999991 0.99870158481998083655 0.00034072699294568348 0.00000000099999999991 
0.00000000099999999991 0.00000112160495733101 0.00000000099999999991 0.97981124751765114045 0.02018762787739154102 0.00000000099999999991 
0.00377053152180964078 0.02445780754853836558 0.00000054495716776362 0.96518067844154409318 0.00659043653093998281 0.00000000099999999994 
0.04683392037416631015 0.00978744795919208460 0.00001498559548006816 0.94336364407116157782 0.00000000099999999995 0.00000000099999999995 
0.01424331572887306899 0.00000000099999999993 0.00000023050917545875 0.97972814907007044205 0.00602830269188094677 0.00000000099999999993 
0.00000000099999999993 0.01906095257656528069 0.00000000099999999993 0.97711495757361688241 0.00382408684981776562 0.00000000099999999993 
0.00148066593187799874 0.00000000099999999973 0.00000000099999999973 0.99851933006812199078 0.00000000099999999973 0.00000000099999999973 
0.02831835876381655348 0.01480116063341274484 0.00097652136246734807 0.95590349895989323858 0.00000045928040999829 0.00000000099999999994 
0.00719529798746947318 0.01794210188103080583 0.00000787056906364891 0.97485142439933447633 0.00000330416310162056 0.00000000099999999996 
0.01540629291955090095 0.00092186862101590618 0.00000097585757903044 0.90789700555787522518 0.07577385604397887664 0.00000000099999999998 
0.00100365957213441543 0.00000000099999999995 0.00000000099999999995 0.99315723680103829007 0.00583910062682727049 0.00000000099999999995 
0.02332447993968123426 0.00000000100000000000 0.01341325764134067983 0.95743761275312000425 0.00000000506105742916 0.00582464360480074161 
0.02943070314133694465 0.00000027900903101481 0.00000000100000000000 0.96334650607103089470 0.00000172245432171305 0.00722078832427951525 
0.00000000099999999998 0.00000000099999999998 0.00000000099999999998 0.99999999499999991937 0.00000000099999999998 0.00000000099999999998 
0.00000000099999999999 0.00012482331200468327 0.00531172357900169465 0.99265288010557106713 0.00000000099999999999 0.00191057100342259534 
0.00000000099999999983 0.00000000099999999983 0.00000000099999999983 0.99999999499999991937 0.00000000099999999983 0.00000000099999999983 
0.04716804001310800909 0.00000326826826709597 0.00000000099999999991 0.95282868388578156882 0.00000000583284322933 0.00000000099999999991 
0.00000000099999999983 0.00000000099999999983 0.00000019854876476144 0.99999979745123512842 0.00000000099999999983 0.00000000099999999983 
0.00263416900832582658 0.00821792614891400826 0.00000000099999999990 0.97870584982177011302 0.01044205302099004626 0.00000000099999999990 
0.00873577702058325398 0.00740406849858860246 0.00000000099999999985 0.98385165412257058470 0.00000849835825754453 0.00000000099999999985 
0.02190298936388197781 0.00000000099999999990 0.00851679927736792054 0.96958020835875002863 0.00000000099999999990 0.00000000099999999990 
0.00352238070020944585 0.00000000099999999984 0.00000000099999999984 0.99647761529979062001 0.00000000099999999984 0.00000000099999999984 
0.00000000099999999988 0.00000000099999999988 0.00000002482586549060 0.97890038694605030489 0.02109958522808424303 0.00000000099999999988 
0.00000171177845137905 0.00180311174095299604 0.00000000099999999987 0.99819517348059572104 0.00000000099999999987 0.00000000099999999987 
0.05123582534018413653 0.00014360383066893456 0.00000000099999999991 0.94862053928277700887 0.00000002954636976727 0.00000000099999999991 
0.01194445180769745235 0.00010662626908689798 0.01108195600766446846 0.97686696391555116747 0.00000000099999999987 0.00000000099999999987 
0.00000000099999999985 0.00000000099999999985 0.00000000099999999985 0.99999999499999991937 0.00000000099999999985 0.00000000099999999985 
0.00887687595488391087 0.00000000099999999995 0.00353400496588841036 0.98758911607922772458 0.00000000099999999995 0.00000000099999999995 
0.00000000099999999982 0.00000000099999999982 0.00000000099999999982 0.99999999500000003039 0.00000000099999999982 0.00000000099999999982 
0.00547841379614165836 0.00000000099999999987 0.00000005427297202886 0.99452152668821003356 0.00000000324267638114 0.00000000099999999987 
0.00000000099999999981 0.00000000099999999981 0.00000000099999999981 0.99999999500000003039 0.00000000099999999981 0.00000000099999999981 
0.00272729284338081015 0.00000000099999999980 0.00000000099999999980 0.99727270315661920019 0.00000000099999999980 0.00000000099999999980 
0.01122154850338988492 0.00377628519167719050 0.00000000099999999985 0.98500216330493295391 0.00000000099999999985 0.00000000099999999985 
0.00000000100000000000 0.00000000100000000000 0.00005443947690233130 0.99409314431277406854 0.00395371444716847899 0.00189869976315522890 
0.00000000100000000000 0.00000000100000000000 0.00001741650960519806 0.99317788715286714485 0.00611587232681173008 0.00068882201071594372 
0.00259338725631506504 0.00000000099999999998 0.00716783480609051345 0.98401133699489440332 0.00622743894269999800 0.00000000099999999998 
0.00000000099999999988 0.00000000099999999988 0.00045687362966010699 0.99954312237033982047 0.00000000099999999988 0.00000000099999999988 
0.00000000099999999972 0.00068943886699871925 0.00000214167752700100 0.99930841645547441310 0.00000000099999999972 0.00000000099999999972 
0.00000000099999999975 0.00000061152937361881 0.00243967460917226577 0.97727185082056911014 0.02028786104088493164 0.00000000099999999975 
0.00000000099999999985 0.00000000099999999985 0.00000059124626601516 0.99946739873104628593 0.00053200702268763099 0.00000000099999999985 
0.00000000099999999978 0.00000000099999999978 0.00000000099999999978 0.99999999500000003039 0.00000000099999999978 0.00000000099999999978 
0.00000000099999999977 0.01238238347238088469 0.00000000099999999977 0.98739671394914785285 0.00022089957847120471 0.00000000099999999977 
0.00374246050584426141 0.00644274138523561520 0.00308022954386225501 0.97881742919890302179 0.00791713836615482239 0.00000000099999999977 
0.00516137051158413636 0.00613623022536961913 0.00000000099999999982 0.98870239626304612379 0.00000000099999999982 0.00000000099999999982 
0.00000000099999999971 0.01990029159336392101 0.00000000099999999971 0.98009970440663607416 0.00000000099999999971 0.00000000099999999971 
0.00530162118303335438 0.01099033658084371673 0.00000000099999999985 0.98370803923612293307 0.00000000099999999985 0.00000000099999999985 
0.00239421015247397954 0.00532794466442068973 0.00000000099999999977 0.99227784218310521869 0.00000000099999999977 0.00000000099999999977 
0.00000000099999999976 0.00000000099999999976 0.00000000099999999976 0.99999999500000003039 0.00000000099999999976 0.00000000099999999976 
0.02205649279895345941 0.01246055836796184507 0.01030494123522929587 0.95517798045209179048 0.00000002614576354258 0.00000000099999999989 
0.00000000099999999986 0.00000000099999999986 0.00000000099999999986 0.99999999500000003039 0.00000000099999999986 0.00000000099999999986 
0.00000000099999999988 0.01575487319280596821 0.02580637815201481527 0.95843874565517916952 0.00000000099999999988 0.00000000099999999988 
0.00000092746264477427 0.00000000099999999983 0.00000000099999999983 0.99999906853735520684 0.00000000099999999983 0.00000000099999999983 
0.00000002319500358291 0.00000000099999999980 0.00000000099999999980 0.99185045112599112827 0.00814952267900529749 0.00000000099999999980 
0.00000000099999999979 0.00585568712492559075 0.00000000099999999979 0.99414175056059184143 0.00000255931448250199 0.00000000099999999979 
0.00394432991685166479 0.00000000099999999978 0.00117444168072407848 0.99488122540242418523 0.00000000099999999978 0.00000000099999999978 
0.00449189185560366650 0.00000000099999999985 0.00000000099999999985 0.99550810414439627749 0.00000000099999999985 0.00000000099999999985 
0.00354812429929553903 0.00000000736391453142 0.00000000099999999989 0.98506541229852839781 0.01138645403826146242 0.00000000099999999989 
0.01063631712584353455 0.00163135613828734212 0.00000000099999999979 0.98773232373586905553 0.00000000099999999979 0.00000000099999999979 
0.00514517579864071355 0.00000002263739291782 0.00000000100000000000 0.98813562988883663074 0.00329054399245955502 0.00342862668267017619 
0.00000253341786483671 0.01329327975293370656 0.00650477019687644136 0.93785202813211954176 0.03616003204800618404 0.00618735645219934977 
0.00000000099999999985 0.00000000099999999985 0.00000000099999999985 0.99999999499999991937 0.00000000099999999985 0.00000000099999999985 
0.01897075654476474554 0.01840330320347218634 0.01325642939208975316 0.93955742382879303687 0.00722753867624535695 0.00258454835463492764 
0.00004932377251063347 0.00291915252764712169 0.00000000099999999999 0.99282320329417983462 0.00000000099999999999 0.00420831840566240727 
0.00000000099999999999 0.00000000099999999999 0.00000000099999999999 0.99566861385305904797 0.00000000099999999999 0.00433138214694087087 
0.00000000099999999999 0.00000000099999999999 0.00165106777966280501 0.99767223506369551167 0.00000000099999999999 0.00067669415664165465 
0.00000000099999999990 0.00000000099999999990 0.00000000099999999990 0.99999999499999991937 0.00000000099999999990 0.00000000099999999990 
0.00000000100000000000 0.00365571843914792687 0.09809953922867627185 0.89300087197731459199 0.00263112896797717492 0.00261274038688398243 
