0.14291865906533332553 0.01168557140019785105 0.00000000099999999975 0.84539576353446888035 0.00000000099999999975 0.00000000099999999975 0.00000000099999999975 0.00000000099999999975 0.00000000099999999975 
0.14206386202898566018 0.02043080123802987896 0.00000000099999999971 0.83750533073298460973 0.00000000099999999971 0.00000000099999999971 0.00000000099999999971 0.00000000099999999971 0.00000000099999999971 
0.04737351925988614321 0.04545817603894731357 0.00000000099999999982 0.90716829870116655332 0.00000000099999999982 0.00000000099999999982 0.00000000099999999982 0.00000000099999999982 0.00000000099999999982 
0.17140437113120590706 0.00591942467319127568 0.00000000099999999967 0.82267619759704457838 0.00000000099999999967 0.00000000099999999967 0.00000000099999999967 0.00000000159855828059 0.00000000099999999967 
0.17574422467641112600 0.00000000099999999967 0.00000000099999999967 0.82425576832358882218 0.00000000099999999967 0.00000000099999999967 0.00000000099999999967 0.00000000099999999967 0.00000000099999999967 
0.23687580175891667644 0.00000000634779439007 0.00000000099999999962 0.76312418589328900875 0.00000000099999999962 0.00000000099999999962 0.00000000099999999962 0.00000000099999999962 0.00000000099999999962 
0.15033184887511033545 0.00000000099999999973 0.00000000099999999973 0.84966814412488966823 0.00000000099999999973 0.00000000099999999973 0.00000000099999999973 0.00000000099999999973 0.00000000099999999973 
0.21600083212333523464 0.00000000099999999966 0.00000000099999999966 0.78399916087666476905 0.00000000099999999966 0.00000000099999999966 0.00000000099999999966 0.00000000099999999966 0.00000000099999999966 
0.16696631022133051614 0.00948854144507664705 0.00000000099999999973 0.82354514233359288333 0.00000000099999999973 0.00000000099999999973 0.00000000099999999973 0.00000000099999999973 0.00000000099999999973 
0.15776643674983756305 0.00000000099999999991 0.00000000099999999991 0.84223355625016238513 0.00000000099999999991 0.00000000099999999991 0.00000000099999999991 0.00000000099999999991 0.00000000099999999991 
0.15868996934031240342 0.00000000099999999969 0.00000000099999999969 0.84131002365968754475 0.00000000099999999969 0.00000000099999999969 0.00000000099999999969 0.00000000099999999969 0.00000000099999999969 
0.19736732926794034459 0.01221131216908122319 0.00000000099999999968 0.79042135256297851864 0.00000000099999999968 0.00000000099999999968 0.00000000099999999968 0.00000000099999999968 0.00000000099999999968 
0.20451145534444342688 0.01447143278690755583 0.00000000099999999990 0.78101710586864914188 0.00000000099999999990 0.00000000099999999990 0.00000000099999999990 0.00000000099999999990 0.00000000099999999990 
0.11299616776502709181 0.00000000099999999972 0.00000000099999999972 0.88700382523497300902 0.00000000099999999972 0.00000000099999999972 0.00000000099999999972 0.00000000099999999972 0.00000000099999999972 
0.03359765755075666549 0.00000000197331782807 0.00000000099999999984 0.96625332097376159801 0.00014804766055087837 0.00000096784161298925 0.00000000099999999984 0.00000000099999999984 0.00000000099999999984 
0.22404182787430640400 0.00000000099999999963 0.00000000099999999963 0.77595816512569359968 0.00000000099999999963 0.00000000099999999963 0.00000000099999999963 0.00000000099999999963 0.00000000099999999963 
0.04338126723927313716 0.10112473074035503717 0.00000000099999999981 0.85539380823038091428 0.00010018140272867629 0.00000000838726230498 0.00000000099999999981 0.00000000099999999981 0.00000000099999999981 
0.08926637158525664584 0.05248378412486941896 0.00000000099999999981 0.85824983766678630825 0.00000000099999999981 0.00000000099999999981 0.00000000162308770462 0.00000000099999999981 0.00000000099999999981 
0.13010639675369570223 0.00657837859013592381 0.00000000099999999972 0.86331521865616844824 0.00000000099999999972 0.00000000099999999972 0.00000000099999999972 0.00000000099999999972 0.00000000099999999972 
0.19898722254841377799 0.00000000099999999970 0.00000000099999999970 0.80101271462608059082 0.00000000099999999970 0.00000000099999999970 0.00000000099999999970 0.00000005682550576152 0.00000000099999999970 
0.20267473452198364603 0.03164147039265547551 0.00000000099999999970 0.76568378908536094407 0.00000000099999999970 0.00000000099999999970 0.00000000099999999970 0.00000000099999999970 0.00000000099999999970 
0.21213957782142309205 0.01967133031471866161 0.00000000099999999964 0.76818908586385825643 0.00000000099999999964 0.00000000099999999964 0.00000000099999999964 0.00000000099999999964 0.00000000099999999964 
0.15628354165128510722 0.00667094850864162481 0.00000000099999999972 0.83704550384007347930 0.00000000099999999972 0.00000000099999999972 0.00000000099999999972 0.00000000099999999972 0.00000000099999999972 
0.11310257822002164896 0.05160527400008203813 0.00000000099999999972 0.83529214177989630219 0.00000000099999999972 0.00000000099999999972 0.00000000099999999972 0.00000000099999999972 0.00000000099999999972 
0.06424696764846556107 0.06810296228503247284 0.00000000099999999982 0.86765006406650202475 0.00000000099999999982 0.00000000099999999982 0.00000000099999999982 0.00000000099999999982 0.00000000099999999982 
0.18417311183080917192 0.00621173124972372332 0.00000000099999999966 0.80961515091946723022 0.00000000099999999966 0.00000000099999999966 0.00000000099999999966 0.00000000099999999966 0.00000000099999999966 
0.05741153881775414025 0.04594150496283435497 0.00000000099999999975 0.89664695021941165365 0.00000000099999999975 0.00000000099999999975 0.00000000099999999975 0.00000000099999999975 0.00000000099999999975 
0.12949325428831490181 0.06366996526890186803 0.00369875497543678934 0.80313802046734661388 0.00000000099999999998 0.00000000099999999998 0.00000000099999999998 0.00000000099999999998 0.00000000099999999998 
0.17173820874999587427 0.01036293934779832643 0.00000000099999999980 0.81789879588634950558 0.00000000099999999980 0.00000000099999999980 0.00000000099999999980 0.00000005101585637282 0.00000000099999999980 
0.19325423066791302951 0.04155477807851727656 0.00000000099999999970 0.76519098525356965546 0.00000000099999999970 0.00000000099999999970 0.00000000099999999970 0.00000000099999999970 0.00000000099999999970 
0.21334375495422963631 0.00000000119664296956 0.00000000099999999966 0.78665623784912741545 0.00000000099999999966 0.00000000099999999966 0.00000000099999999966 0.00000000099999999966 0.00000000099999999966 
0.10185921813501278010 0.00000000099999999989 0.00000000099999999989 0.89435905171972074346 0.00000000099999999989 0.00000000099999999989 0.00378172414526654161 0.00000000099999999989 0.00000000099999999989 
0.00000000104924493471 0.07253790507624757744 0.00000000099999999986 0.91413370677436045497 0.00000600620603517321 0.00000000099999999986 0.00000000099999999986 0.00000000099999999986 0.01332237689411195844 
0.04465488640532175313 0.03463183842360381681 0.00000000099999999983 0.91294270636075491865 0.00000000099999999983 0.00000000099999999983 0.00000000099999999983 0.00000000099999999983 0.00777056381031954440 
0.03892726467936951512 0.09450788024290647515 0.00000000099999999980 0.86656266017059868645 0.00000218990712526284 0.00000000099999999980 0.00000000099999999980 0.00000000099999999980 0.00000000099999999980 
0.04421095609337253457 0.01428059620331945632 0.00000000099999999985 0.93395421933357158917 0.00000623222434761285 0.00000000099999999985 0.00000000099999999985 0.00000000099999999985 0.00754799214538874955 
0.07585373784373404538 0.04815723769355707840 0.00000000099999999977 0.87598901846270893490 0.00000000099999999977 0.00000000099999999977 0.00000000099999999977 0.00000000099999999977 0.00000000099999999977 
0.03286465353775389758 0.06911438119151296078 0.00000000099999999979 0.89409359563555390604 0.00000094767118383239 0.00000000099999999979 0.00000000099999999979 0.00000000099999999979 0.00392641796399541190 
0.00000000102116724025 0.10276466859254569652 0.00000000099999999983 0.89712677596286172221 0.00010854730927169258 0.00000000099999999983 0.00000000099999999983 0.00000000099999999983 0.00000000311415362389 
0.05887764340093599308 0.00000000099999999988 0.00000000099999999988 0.91214989877029062360 0.00000000099999999988 0.00000000099999999988 0.00000000099999999988 0.02897245182877345934 0.00000000099999999988 
0.08269033809454547079 0.00000000099999999982 0.00000000099999999982 0.91730965490545468555 0.00000000099999999982 0.00000000099999999982 0.00000000099999999982 0.00000000099999999982 0.00000000099999999982 
0.00000000099999999992 0.00000000099999999992 0.00000000099999999992 0.94651124913890982704 0.02421438681359740566 0.00000000099999999992 0.02927422510543848180 0.00000013394205426969 0.00000000099999999992 
0.09858498241585739175 0.00796176631578317077 0.00000000099999999975 0.89345324526835956380 0.00000000099999999975 0.00000000099999999975 0.00000000099999999975 0.00000000099999999975 0.00000000099999999975 
0.07278318271267217310 0.01616838675944458695 0.00000000099999999973 0.91104842452788326046 0.00000000099999999973 0.00000000099999999973 0.00000000099999999973 0.00000000099999999973 0.00000000099999999973 
0.04700502374014484119 0.09339395673915411311 0.00000000099999999975 0.85960101352070106273 0.00000000099999999975 0.00000000099999999975 0.00000000099999999975 0.00000000099999999975 0.00000000099999999975 
0.07468010021716948998 0.05551408404030670762 0.00000000099999999974 0.86980580974252386106 0.00000000099999999974 0.00000000099999999974 0.00000000099999999974 0.00000000099999999974 0.00000000099999999974 
0.08767668133544127829 0.03440106441243279134 0.00000000099999999974 0.87792224825212605843 0.00000000099999999974 0.00000000099999999974 0.00000000099999999974 0.00000000099999999974 0.00000000099999999974 
0.07514396387767077745 0.05991971007323704246 0.00000000099999999982 0.86493632004909215549 0.00000000099999999982 0.00000000099999999982 0.00000000099999999982 0.00000000099999999982 0.00000000099999999982 
0.07053906488271684261 0.04481999472119539696 0.00000000099999999976 0.87211933170536881654 0.00000000099999999976 0.00000000099999999976 0.00000000099999999976 0.00000000099999999976 0.01252160369071901418 
0.08229418634470901661 0.09517070695749087206 0.00000000099999999977 0.82253510069780033653 0.00000000099999999977 0.00000000099999999977 0.00000000099999999977 0.00000000099999999977 0.00000000099999999977 
0.08173197984947803973 0.04319468204499243846 0.00000000099999999975 0.87497481673452581763 0.00009846188948950940 0.00000005548151428864 0.00000000099999999975 0.00000000099999999975 0.00000000099999999975 
0.00286258754508633001 0.07529380455693571172 0.00000000099999999979 0.92184360189797809326 0.00000000099999999979 0.00000000099999999979 0.00000000099999999979 0.00000000099999999979 0.00000000099999999979 
0.00000000099999999979 0.00000000099999999979 0.00000000099999999979 0.99999999200000011523 0.00000000099999999979 0.00000000099999999979 0.00000000099999999979 0.00000000099999999979 0.00000000099999999979 
0.00000000499903116335 0.00000000099999999982 0.00000000099999999982 0.99242674133765418354 0.00757323612537633313 0.00000000099999999982 0.00000000099999999982 0.00000001253793840218 0.00000000099999999982 
0.06963069755923821658 0.02218077453789817424 0.00000000099999999972 0.90818852190286369908 0.00000000099999999972 0.00000000099999999972 0.00000000099999999972 0.00000000099999999972 0.00000000099999999972 
0.03762104903156512220 0.02984985228709352220 0.00000000099999999978 0.93252909268134154264 0.00000000099999999978 0.00000000099999999978 0.00000000099999999978 0.00000000099999999978 0.00000000099999999978 
0.00000000166064789489 0.04848205729908090789 0.00000000099999999981 0.95151793226318426289 0.00000000377708695799 0.00000000099999999981 0.00000000099999999981 0.00000000099999999981 0.00000000099999999981 
0.03623436234231305203 0.00332049943022621292 0.00000000099999999981 0.96028201738827401179 0.00016311057601774099 0.00000000626316903431 0.00000000099999999981 0.00000000099999999981 0.00000000099999999981 
0.08860166214425516107 0.00000000099999999972 0.00000000099999999972 0.91139833085574495364 0.00000000099999999972 0.00000000099999999972 0.00000000099999999972 0.00000000099999999972 0.00000000099999999972 
0.00749331268824009102 0.00136830881850277266 0.00000000099999999981 0.99113837249325731360 0.00000000099999999981 0.00000000099999999981 0.00000000099999999981 0.00000000099999999981 0.00000000099999999981 
0.00000009539858453247 0.02791551715819099236 0.00000000099999999974 0.97208438144322462104 0.00000000099999999974 0.00000000099999999974 0.00000000099999999974 0.00000000099999999974 0.00000000099999999974 
0.04430814089373692755 0.01153652897050057649 0.00000000099999999984 0.94415532413576264137 0.00000000099999999984 0.00000000099999999984 0.00000000099999999984 0.00000000099999999984 0.00000000099999999984 
0.00000028431291340418 0.01726957665839496184 0.00000000099999999980 0.96951110992916555986 0.00000000099999999980 0.00000000099999999980 0.00000000099999999980 0.01321902409952607771 0.00000000099999999980 
0.05886329931664374682 0.00900442151768147958 0.00000000099999999982 0.93213227316567481839 0.00000000099999999982 0.00000000099999999982 0.00000000099999999982 0.00000000099999999982 0.00000000099999999982 
0.07783158937976121516 0.00000000099999999978 0.00000000099999999978 0.92216839844609654886 0.00000000617414215232 0.00000000099999999978 0.00000000099999999978 0.00000000099999999978 0.00000000099999999978 
0.00000000099999999990 0.03839930766893158431 0.00000000099999999990 0.96145558652488616325 0.00000005016247185706 0.00000000099999999990 0.00000000099999999990 0.00014505064371026145 0.00000000099999999990 
0.00000428641216506229 0.00000000100000000000 0.00241966536366103324 0.96101379416140031431 0.00196301305090602852 0.00000000101909460591 0.03459923686304444690 0.00000000100000000000 0.00000000112972860524 
0.06062796809630740386 0.01710028331359784992 0.00000000099999999997 0.92227174259009481183 0.00000000099999999997 0.00000000099999999997 0.00000000099999999997 0.00000000099999999997 0.00000000099999999997 
0.00000000099999999994 0.00000000099999999994 0.00000000099999999994 0.99999684308059832993 0.00000314991940175752 0.00000000099999999994 0.00000000099999999994 0.00000000099999999994 0.00000000099999999994 
0.00000069915185253674 0.00000000099999999987 0.00000000099999999987 0.99640583136295968192 0.00000000193641582364 0.00000000099999999987 0.00000000099999999987 0.00359346254877210801 0.00000000099999999987 
0.00000000099999999991 0.06307678290466610382 0.00000000099999999991 0.93687059408564421492 0.00005261700968966050 0.00000000099999999991 0.00000000099999999991 0.00000000099999999991 0.00000000099999999991 
0.00000000099999999991 0.00000000099999999991 0.00000000099999999991 0.99949726166766750257 0.00050273133233258991 0.00000000099999999991 0.00000000099999999991 0.00000000099999999991 0.00000000099999999991 
0.22075916626254526998 0.00759407376126500396 0.00000000099999999975 0.00000000099999999975 0.77164675397618975872 0.00000000099999999975 0.00000000099999999975 0.00000000099999999975 0.00000000099999999975 
0.21188423980620862963 0.00000000099999999977 0.00000000099999999977 0.00000000099999999977 0.78811575319379145732 0.00000000099999999977 0.00000000099999999977 0.00000000099999999977 0.00000000099999999977 
0.13942908367944065184 0.00362470775376745255 0.00000000099999999984 0.00406175570399835463 0.81847058386676707631 0.00000000099999999984 0.00000072965783829647 0.02849397292934227610 0.00591916440884605183 
0.04127193397252627849 0.00000000099999999991 0.00000000099999999991 0.00000000099999999991 0.91525688011815231615 0.03261814837404573841 0.00000000099999999991 0.00000000099999999991 0.01085303253527583091 
0.12885199858317858412 0.00000223281959503058 0.00000000099999999980 0.00000000099999999980 0.85577894141571242415 0.00917190397739677150 0.00617379716257496821 0.00000000099999999980 0.00002112304154227643 
0.06569931479054630374 0.00000016182817754134 0.00000000099999999984 0.00000000099999999984 0.93417048346750652943 0.00013003491376966734 0.00000000099999999984 0.00000000099999999984 0.00000000099999999984 
0.08446634159514980478 0.00494382574299274784 0.00000000099999999987 0.00000000099999999987 0.88466794342148202812 0.00000000099999999987 0.00000000099999999987 0.00000000099999999987 0.02592188424037560751 
0.14774781072480122623 0.00691127195921192611 0.00000000099999999981 0.00000000099999999981 0.84534091131598687596 0.00000000099999999981 0.00000000099999999981 0.00000000099999999981 0.00000000099999999981 
0.17485722819013896356 0.00004652955806185078 0.00000000099999999979 0.00000000099999999979 0.79578649943726254001 0.00000000099999999979 0.00000000099999999979 0.02930973781453666965 0.00000000099999999979 
0.07111823655789824283 0.00000000099999999989 0.00000000099999999989 0.00000000099999999989 0.92888175644210180248 0.00000000099999999989 0.00000000099999999989 0.00000000099999999989 0.00000000099999999989 
0.13920014065771779688 0.00000000099999999979 0.00000000099999999979 0.00000000099999999979 0.85746146463776429236 0.00000000099999999979 0.00000000099999999979 0.00000000099999999979 0.00333838870451791695 
0.14415100389066637376 0.00145565256056560065 0.00000000099999999981 0.01204549405429131310 0.82485192884553604209 0.00000000099999999981 0.00236879459178577839 0.00000000099999999981 0.01512712305715489640 
0.15318512724828464711 0.00000000099999999979 0.00000000099999999979 0.00000000099999999979 0.84681486575171549536 0.00000000099999999979 0.00000000099999999979 0.00000000099999999979 0.00000000099999999979 
0.14199605067386897317 0.00000000099999999981 0.00000000099999999981 0.00000000099999999981 0.85786914222843579925 0.00000000099999999981 0.00013475349420956993 0.00000000099999999981 0.00000004860348583520 
0.17228212379913371288 0.00000000099999999982 0.00000000099999999982 0.00000000099999999982 0.82206834263467876145 0.00000000099999999982 0.00000000099999999982 0.00199590393442378991 0.00365362463176383424 
0.09745242685802558980 0.02465076741476532676 0.00000000099999999984 0.00000000099999999984 0.87789679972720913170 0.00000000099999999984 0.00000000099999999984 0.00000000099999999984 0.00000000099999999984 
0.06897238804366834231 0.00000108342622350671 0.00000000099999999988 0.00000000111529362021 0.91464526986414629306 0.00000000099999999988 0.00000000099999999988 0.00242541836475231119 0.01395583618591595548 
0.19459111360271869051 0.00000000099999999973 0.00000000099999999973 0.00000000099999999973 0.79084457642348360285 0.01010482492268302383 0.00000000099999999973 0.00000000099999999973 0.00445948005111473141 
0.02448316810408268304 0.00000000099999999975 0.00000000099999999975 0.00000000099999999975 0.00000000099999999975 0.97551682489591740044 0.00000000099999999975 0.00000000099999999975 0.00000000099999999975 
0.00000000151777257748 0.00030833241092336812 0.00000000099999999976 0.00000000099999999976 0.00000000099999999976 0.99969166007130416673 0.00000000099999999976 0.00000000099999999976 0.00000000099999999976 
0.00000000099999999983 0.00000000099999999983 0.00000000099999999983 0.00000000099999999983 0.00000112734669099698 0.99999886565330908805 0.00000000099999999983 0.00000000099999999983 0.00000000099999999983 
0.00000000099999999994 0.00000000099999999994 0.00000000099999999994 0.00000000099999999994 0.00196607127273766948 0.99803392172726224096 0.00000000099999999994 0.00000000099999999994 0.00000000099999999994 
0.00000000099999999981 0.00000000099999999981 0.00000000099999999981 0.00000000099999999981 0.00000000099999999981 0.99999999200000011523 0.00000000099999999981 0.00000000099999999981 0.00000000099999999981 
0.00000000099999999983 0.00171251528749889032 0.00000000099999999983 0.00000000099999999983 0.00000000099999999983 0.99828747771250114784 0.00000000099999999983 0.00000000099999999983 0.00000000099999999983 
0.00000000099999999983 0.00000000099999999983 0.00000000099999999983 0.00000000099999999983 0.02752393032374821080 0.97247606267625175125 0.00000000099999999983 0.00000000099999999983 0.00000000099999999983 
0.00000000099999999983 0.01555114608378619680 0.00000000099999999983 0.00000000099999999983 0.00195675365516274858 0.98249209426105121867 0.00000000099999999983 0.00000000099999999983 0.00000000099999999983 
0.00000000099999999979 0.00000000099999999979 0.00000000099999999979 0.00000000099999999979 0.00000000099999999979 0.99999999200000011523 0.00000000099999999979 0.00000000099999999979 0.00000000099999999979 
0.00000000099999999974 0.00000000099999999974 0.00000000099999999974 0.00000000099999999974 0.00000000099999999974 0.99999999200000000421 0.00000000099999999974 0.00000000099999999974 0.00000000099999999974 
0.03800414354440421333 0.00000000099999999975 0.00000000099999999975 0.00000000099999999975 0.00000000099999999975 0.96199584945559568627 0.00000000099999999975 0.00000000099999999975 0.00000000099999999975 
0.00000000099999999981 0.00000000099999999981 0.00000000099999999981 0.00000000099999999981 0.00000365026092510215 0.99999634273907478388 0.00000000099999999981 0.00000000099999999981 0.00000000099999999981 
0.00000000099999999974 0.00000000099999999974 0.00000000099999999974 0.00000000099999999974 0.00000000099999999974 0.99999999200000000421 0.00000000099999999974 0.00000000099999999974 0.00000000099999999974 
0.00000000099999999986 0.00000025434180888315 0.00000000099999999986 0.00000000099999999986 0.00001150636986453875 0.98397069312307350319 0.01601754116525301933 0.00000000099999999986 0.00000000099999999986 
0.00000000099999999987 0.00000000099999999987 0.00000000099999999987 0.00000000099999999987 0.00000138886650873188 0.99999860413349139776 0.00000000099999999987 0.00000000099999999987 0.00000000099999999987 
0.00000000099999999980 0.00000000099999999980 0.00000000099999999980 0.00000000099999999980 0.00001766973819487692 0.99998232326180513940 0.00000000099999999980 0.00000000099999999980 0.00000000099999999980 
0.00000000099999999982 0.01742876685305206827 0.00000000099999999982 0.00000000099999999982 0.05894818892861564824 0.92362303821833235951 0.00000000099999999982 0.00000000099999999982 0.00000000099999999982 
0.00000000099999999976 0.01287122567182328974 0.00000000099999999976 0.00000000099999999976 0.00000125316293264324 0.98712751516524410711 0.00000000099999999976 0.00000000099999999976 0.00000000099999999976 
0.00001305489821580580 0.00000000099999999978 0.00000000099999999978 0.00000000099999999978 0.00000000099999999978 0.99998693810178418406 0.00000000099999999978 0.00000000099999999978 0.00000000099999999978 
0.00010456383877862516 0.02613935793577348843 0.00000000099999999982 0.00000000099999999982 0.24976703513398873513 0.72398903809145909172 0.00000000099999999982 0.00000000099999999982 0.00000000099999999982 
0.00000000315228859787 0.00000000099999999987 0.00000000099999999987 0.00000000099999999987 0.28032332001554932654 0.71967667083216202428 0.00000000099999999987 0.00000000099999999987 0.00000000099999999987 
0.00000000099999999993 0.01736865139803673089 0.00000000099999999993 0.00000000099999999993 0.17219243662927183336 0.81043890597269152565 0.00000000099999999993 0.00000000099999999993 0.00000000099999999993 
0.00000000099999999994 0.01252382471773106146 0.00000000099999999994 0.00000000099999999994 0.57238442726779348302 0.41509174201447546215 0.00000000099999999994 0.00000000099999999994 0.00000000099999999994 
0.00000066972449635936 0.00000000099999999984 0.00000000099999999984 0.05278784236903065474 0.18151753546795615368 0.74361232797793752614 0.00000000099999999984 0.02208162046057941114 0.00000000099999999984 
0.00000000164095658986 0.00000000099999999987 0.00000000099999999987 0.00000018426171881923 0.25638265176961583247 0.74361715732770883314 0.00000000099999999987 0.00000000099999999987 0.00000000099999999987 
0.08955828890688168065 0.01026666812673587663 0.00000000099999999973 0.00000000099999999973 0.21380873161737856680 0.68616686271774840478 0.00000000099999999973 0.00000000099999999973 0.00019944463125558511 
0.00000000099999999983 0.00000000099999999983 0.00000000099999999983 0.00000000099999999983 0.11451291614023842436 0.88548707685976169035 0.00000000099999999983 0.00000000099999999983 0.00000000099999999983 
0.10230702150381229543 0.00000000099999999986 0.00000000099999999986 0.75068900712427333310 0.00000003443217901758 0.11332853233670536763 0.00860503879661783828 0.00000000099999999986 0.02507036280641239054 
0.13545535448923851085 0.01816882151886831109 0.00000000099999999982 0.63899838341187142898 0.00013419424777436415 0.11477064815895603178 0.02448840972818503575 0.04288687757169473008 0.02509730987341156697 
0.12883348930836011070 0.01704203034487303259 0.29790237075894004937 0.45260097362891915651 0.01527940081194068857 0.00005156592275852343 0.05091718756568379411 0.01387416815635184042 0.02349881350217280715 
0.06937164815667151707 0.00000000099999999996 0.00000000099999999996 0.79254289875641736884 0.06534798013314552234 0.01976521498285490827 0.01780026929497341426 0.00000000099999999996 0.03517198567593727426 
0.10753605524628900847 0.00000000099999999998 0.00000000099999999998 0.72851980144799655115 0.00000125861939370406 0.03381661880493330719 0.08147317141278170860 0.00000000099999999998 0.04865309146860578166 
0.09037559590175339719 0.00000000100000000000 0.31868707826534425909 0.46681946246844113757 0.06574748158629646622 0.01094807758761364228 0.02720553853684379644 0.00000000100000000000 0.02021676365370731615 
0.09698988727446533620 0.02069797588697263116 0.25001810178470407209 0.53949368963490207385 0.00000010590654893081 0.00000000100000000000 0.00000000100000000000 0.02703112276361045035 0.06576911474879651442 
0.12845431412826921469 0.00000000100000000000 0.25303196057799698382 0.49982556782387205230 0.00000098216256269990 0.07082268609597743014 0.01432581191574763650 0.00037013889725812657 0.03316853739831583658 
0.08297258411605423767 0.00000000100000000000 0.23784450793916914191 0.59645601640858558756 0.00094269940128397173 0.08177796669319761791 0.00000000100000000000 0.00000000100000000000 0.00000622244170958939 
0.16637072478838652034 0.00000000152536000989 0.23232263173910694398 0.58617131294507340833 0.00000001728822527541 0.00000001007949596650 0.00000259717612064853 0.00000000100000000000 0.01513270345823116564 
0.11166210990765604305 0.00000538272526569351 0.00000000099999999981 0.70836047710317429082 0.08059162513112032300 0.02480627525833048463 0.05718600519624445627 0.00000000099999999981 0.01738812267820871033 
0.09497028565949376666 0.00000000099999999999 0.28264085832017232791 0.55058946627990834610 0.00000000450213856772 0.00000356284085855685 0.02798793879808351981 0.00000000099999999999 0.04380788159934505266 
0.09346870035995218096 0.00000000100000000000 0.00582991040590863287 0.68536888116815619654 0.09213559767558343605 0.00000000100000000000 0.06627360534506979151 0.00953058537982440224 0.04739271766550530451 
0.14678175128461504184 0.01275801749701067911 0.31018588270687091901 0.51868592607408114947 0.00000278064679660815 0.00000000219536836653 0.00000011405310427988 0.00000108487158656009 0.01158444067056627058 
0.07709568723970443294 0.00548899028326107520 0.00000000099999999981 0.69615604799939467817 0.02796216587781739579 0.09033381189117276056 0.03588177201953435258 0.04584318961128518860 0.02123833407783019128 
0.06410978996002220098 0.00795612214855126107 0.00000000099999999985 0.75691959648521622839 0.09915046412443767609 0.00015375877438068318 0.05717384265797960385 0.00000000099999999985 0.01453642384941231970 
0.02672767113118766982 0.00000000100000000000 0.29772127997897207541 0.56858091125070397975 0.01352058574156332973 0.00000000475316025402 0.06214931841139932633 0.00000000100000000000 0.03130022673301356001 
0.18159860802623453702 0.00000000099999999976 0.00000000099999999976 0.68323877932823762205 0.00005413490405020729 0.08587745783381377229 0.00934854083672628441 0.01129519613853903481 0.02858728093239854343 
0.06638650142896493356 0.00540941569516029726 0.00000000099999999993 0.72305090056278886745 0.07165900870619694440 0.06212198889324803408 0.03096502501372916730 0.00279784331018341232 0.03760931538972832333 
0.00000000099999999993 0.00552155807593169342 0.00000000099999999993 0.00000000099999999993 0.98969300997312759094 0.00000000099999999993 0.00000000099999999993 0.00478542595094073181 0.00000000099999999993 
0.02876351153554381965 0.08415786554186831248 0.02546010356103458466 0.00000000099999999998 0.86161186208271711706 0.00000665327883624270 0.00000000099999999998 0.00000000099999999998 0.00000000099999999998 
0.09507029233202389518 0.01182394684309719807 0.00000000099999999981 0.00000000099999999981 0.89310575482487886134 0.00000000099999999981 0.00000000099999999981 0.00000000099999999981 0.00000000099999999981 
0.17054470831230914007 0.00000000099999999976 0.00000000099999999976 0.00000000099999999976 0.82945528468769091912 0.00000000099999999976 0.00000000099999999976 0.00000000099999999976 0.00000000099999999976 
0.06605871442149112427 0.00000000906567493608 0.13785381368078725162 0.00000000099999999999 0.79608744829323807579 0.00000001053880871095 0.00000000099999999999 0.00000000099999999999 0.00000000099999999999 
0.17584792788041908596 0.00690329462309610502 0.00000000099999999984 0.00000000099999999984 0.81724877149648489372 0.00000000099999999984 0.00000000099999999984 0.00000000099999999984 0.00000000099999999984 
0.23730469715481830595 0.00000000099999999978 0.00000000099999999978 0.00000000099999999978 0.76269529584518169774 0.00000000099999999978 0.00000000099999999978 0.00000000099999999978 0.00000000099999999978 
0.22333964809406298135 0.00000000099999999965 0.00000000099999999965 0.00000000099999999965 0.77666034490593705009 0.00000000099999999965 0.00000000099999999965 0.00000000099999999965 0.00000000099999999965 
0.15727449788860292657 0.00053360495388681461 0.00000000099999999975 0.00000000099999999975 0.84219189115751036390 0.00000000099999999975 0.00000000099999999975 0.00000000099999999975 0.00000000099999999975 
0.14536691056596678928 0.01476129623477163283 0.00000000099999999974 0.00000000099999999974 0.83987178719926158799 0.00000000099999999974 0.00000000099999999974 0.00000000099999999974 0.00000000099999999974 
0.16902352877906418049 0.00000000099999999973 0.00000000099999999973 0.00000000099999999973 0.83097646422093596197 0.00000000099999999973 0.00000000099999999973 0.00000000099999999973 0.00000000099999999973 
0.18376963881434882353 0.00000000099999999968 0.00000000099999999968 0.00000000099999999968 0.81623035402548682615 0.00000000116016438579 0.00000000099999999968 0.00000000099999999968 0.00000000099999999968 
0.07001006961012989915 0.01020091966753271413 0.00000000099999999982 0.00602698079410294608 0.90893246471551014665 0.00139837247154311873 0.00343118974118102743 0.00000000099999999982 0.00000000099999999982 
0.03584401458838290533 0.00000000099999999988 0.00000000099999999988 0.00000002657835161521 0.96415595279536880913 0.00000000103789678145 0.00000000099999999988 0.00000000099999999988 0.00000000099999999988 
0.19713044214247346653 0.00000000099999999976 0.00000000099999999976 0.00000040039468374705 0.80286913553093919305 0.00000001693190355219 0.00000000099999999976 0.00000000099999999976 0.00000000099999999976 
0.04165494579031082945 0.00000000099999999999 0.00537570662294232886 0.00000000099999999999 0.95296934158674695414 0.00000000099999999999 0.00000000099999999999 0.00000000099999999999 0.00000000099999999999 
0.00000000099999999990 0.04355828779837948167 0.00000000099999999990 0.00000000099999999990 0.87692748762823435893 0.07951421857338621113 0.00000000099999999990 0.00000000099999999990 0.00000000099999999990 
0.07896837520182330150 0.01659803379285101216 0.00000000099999999984 0.00000000099999999984 0.90398021057705424397 0.00000000099999999984 0.00000000099999999984 0.00045337542827135621 0.00000000099999999984 
0.02512259950955024815 0.00556599380933830643 0.00000000099999999988 0.00000000099999999988 0.96931140068111154573 0.00000000099999999988 0.00000000099999999988 0.00000000099999999988 0.00000000099999999988 
0.13071424616090837612 0.00000000099999999972 0.00000000099999999972 0.00000000099999999972 0.86928574683909154430 0.00000000099999999972 0.00000000099999999972 0.00000000099999999972 0.00000000099999999972 
0.02148640380829081736 0.00000000099999999985 0.00000000099999999985 0.00000000099999999985 0.95905171795880705954 0.01946187223290220605 0.00000000099999999985 0.00000000099999999985 0.00000000099999999985 
0.06001705970095305709 0.04685058809097190219 0.00000000099999999990 0.00000000099999999990 0.83994845439514165264 0.00000000099999999990 0.04214637933708948597 0.00000000099999999990 0.01103751447584377758 
0.00000000100000000000 0.04649893730788581814 0.00406475924461438889 0.00000004293529829248 0.94943625551220156567 0.00000000100000000000 0.00000000100000000000 0.00000000100000000000 0.00000000100000000000 
0.06178291194810837245 0.01073553418694222529 0.00000000099999999982 0.00000000099999999982 0.90563409341639145023 0.02184745344184232940 0.00000000300671567225 0.00000000099999999982 0.00000000099999999982 
0.11575106190859747735 0.00000000099999999982 0.00000000099999999982 0.00000000099999999982 0.88424893109140256797 0.00000000099999999982 0.00000000099999999982 0.00000000099999999982 0.00000000099999999982 
0.18864206295777202760 0.00000000099999999970 0.00000000099999999970 0.00000000099999999970 0.81135793004222811486 0.00000000099999999970 0.00000000099999999970 0.00000000099999999970 0.00000000099999999970 
0.06088235883557876343 0.00000000099999999979 0.00000000099999999979 0.00000000127392422854 0.90409694222855618850 0.00000000099999999979 0.00000000099999999979 0.03502069266194076519 0.00000000099999999979 
0.04561474177664667784 0.03197199674348717019 0.00000000099999999985 0.00000000099999999985 0.91343413144005936033 0.00000000099999999985 0.00000000099999999985 0.00000000099999999985 0.00897912503980673703 
0.07527039304457097679 0.01224427922629085438 0.00000000099999999987 0.00000000099999999987 0.88555587019224091261 0.00000000099999999987 0.02692945253689724497 0.00000000099999999987 0.00000000099999999987 
0.02003241026050116627 0.08529994628876100271 0.00000000099999999992 0.00000000300914892421 0.89466763544158889321 0.00000000099999999992 0.00000000099999999992 0.00000000099999999992 0.00000000099999999992 
0.05069769111305785780 0.02619451174895565115 0.00000000099999999992 0.00000000099999999992 0.92310779113798646645 0.00000000099999999992 0.00000000099999999992 0.00000000099999999992 0.00000000099999999992 
0.00063855083293236500 0.00000000099999999988 0.00000000099999999988 0.00000000099999999988 0.94635153956959616739 0.05300990340980282767 0.00000000099999999988 0.00000000118766850652 0.00000000099999999988 
0.02546138873812716849 0.04838810406580019985 0.00000000099999999993 0.00918939700518431150 0.89047795760555448208 0.00000000099999999993 0.00000000099999999993 0.02648314858533395988 0.00000000099999999993 
0.20833473915471151239 0.00000000099999999983 0.00000000099999999983 0.00502035737134660497 0.76903032240409407994 0.00000000099999999983 0.00000000099999999983 0.01761457606984791896 0.00000000099999999983 
0.02472073521506697180 0.00000000099999999999 0.00316281445249103413 0.00000000099999999999 0.97211644433244204233 0.00000000099999999999 0.00000000099999999999 0.00000000099999999999 0.00000000099999999999 
0.12707374385658942728 0.00000000099999999998 0.00089176429296168754 0.00000000099999999998 0.87119398800340797084 0.00000000099999999998 0.00000000099999999998 0.00000000099999999998 0.00084049884704111147 
0.04375401256114454934 0.01407828421638209100 0.00665919024745325727 0.00000000099999999999 0.87697566719721709028 0.00000000349260939693 0.05853283928519355944 0.00000000099999999999 0.00000000099999999999 
0.09667339011835152096 0.00000002238892827325 0.00554506386757838091 0.00000000099999999999 0.89778151772598513425 0.00000000099999999999 0.00000000189915681853 0.00000000099999999999 0.00000000099999999999 
0.02633389369212025752 0.02143356054964029589 0.00118414937988460056 0.00000000099999999999 0.94312206707798440508 0.00000000099999999999 0.00000000099999999999 0.00000000099999999999 0.00792632530037046257 
0.00000000099999999990 0.02463566569889315619 0.00000000099999999990 0.02359433371320489303 0.90233825674631484848 0.00000000099999999990 0.00000000099999999990 0.00000000099999999990 0.04943173884158704595 
0.05547171490492654872 0.00000018286724685292 0.00000000099999999990 0.00000000099999999990 0.94452809622782663013 0.00000000099999999990 0.00000000099999999990 0.00000000099999999990 0.00000000099999999990 
0.08067714472869523534 0.04445041564575039766 0.00000000099999999983 0.02185089086037436679 0.85302094707051678846 0.00000000099999999983 0.00000000099999999983 0.00000000099999999983 0.00000059769466330697 
0.10133139989396873493 0.00000008155841655780 0.00000000099999999994 0.00628901226096561551 0.84954700853199804911 0.00000000099999999994 0.03637186993005156466 0.00000000099999999994 0.00646062482459962978 
0.11564378819321659286 0.00000000099999999980 0.00000000099999999980 0.00000000099999999980 0.81765358444827151985 0.05993050378119944843 0.00578983978168089858 0.00019703095938576308 0.00078524983624582174 
0.08665669325905508980 0.00127235458149470553 0.00000000099999999992 0.00000000099999999992 0.84514582118855241522 0.00000000099999999992 0.06092794419165505071 0.00000000099999999992 0.00599718277924281718 
0.03094013995543361609 0.07754022868935922519 0.00000000099999999990 0.00003384033736534620 0.88464029826632983866 0.00000000099999999990 0.00000000099999999990 0.00000000099999999990 0.00684548875151210021 
0.03102700864453293572 0.04240103107374100511 0.00000000099999999995 0.00000000099999999995 0.90143696148315943795 0.00000000099999999995 0.00982909464695742516 0.00000000099999999995 0.01530590015160929532 
0.00073120943194010827 0.00000000099999999995 0.00000000099999999995 0.01300766061177150920 0.96016035680310030109 0.00000000099999999995 0.02609951844114066777 0.00000000099999999995 0.00000125071204744308 
0.04580268586363019784 0.00000000100000000000 0.00140685888115688225 0.00000000100000000000 0.92747371967865166464 0.00000000100000000000 0.02127498832751095054 0.00404174324905020102 0.00000000100000000000 
0.01943871232230157467 0.02511555355489464639 0.00000000099999999991 0.00000000099999999991 0.87819802600944552040 0.00000000099999999991 0.00000000099999999991 0.02879916370769607797 0.04844854040566224512 
0.05612989374561712375 0.00000000099999999990 0.00000000099999999990 0.01707434248165498256 0.92051095796026438656 0.00000093704229110358 0.00000000099999999990 0.00000000099999999990 0.00628386477017243809 
0.00894050859009506982 0.03458203637219679771 0.00000000099999999986 0.06502500295182742085 0.89145244666362000174 0.00000000099999999986 0.00000000142226074575 0.00000000099999999986 0.00000000099999999986 
0.02757615286924301398 0.00000000099999999995 0.00000000099999999995 0.00000000099999999995 0.92594683385262532838 0.03298567300548495285 0.00000000099999999995 0.00000000099999999995 0.01349133527264666926 
0.06174848862971876740 0.00000000099999999986 0.00000000099999999986 0.00000000099999999986 0.93825150437028126404 0.00000000099999999986 0.00000000099999999986 0.00000000099999999986 0.00000000099999999986 
0.10982615638799918256 0.00000000099999999980 0.00000000099999999980 0.00000000099999999980 0.88869252381572405586 0.00000214500044048039 0.00000000099999999980 0.00147916979583621682 0.00000000099999999980 
0.18907704390212262680 0.00000000099999999979 0.00000000099999999979 0.00000000099999999979 0.78665502905789030930 0.02424657495968235432 0.00000000099999999979 0.00000000099999999979 0.00002134708030486603 
