0.41520825500854463552 0.00000000099999999989 0.58479174399145528174 
0.45873056061636896530 0.00000000099999999979 0.54126943838363117401 
0.50921763238651562844 0.00000000099999999991 0.49078236661348434433 
0.40611993496021758787 0.00000000099999999973 0.59388006403978232939 
0.41888540503279225735 0.00000000099999999978 0.58111459396720777093 
0.42193659901441649129 0.00000000099999999972 0.57806339998558353699 
0.39637484602503697539 0.00000000099999999981 0.60362515297496310840 
0.39132365928900453289 0.00000000099999999977 0.60867633971099543988 
0.41294927012107152109 0.00000000099999999984 0.58705072887892839617 
0.40295993260297358063 0.00445028031159965150 0.59258978708542686675 
0.43452649076834448660 0.00000000099999999979 0.56547350823165543066 
0.43089295566389479442 0.00000000099999999979 0.56910704333610506733 
0.43774611180816180855 0.00445878797018710391 0.55779510022165101901 
0.43660260731528016676 0.00000000099999999980 0.56339739168471969499 
0.40313150550507176328 0.00000000099999999992 0.59686849349492820949 
0.38937882868832074390 0.00000000099999999974 0.61062117031167928438 
0.49771867785899387426 0.00000000099999999986 0.50228132114100620953 
0.48893794238977317246 0.00000000099999999991 0.51106205661022674480 
0.44788993369667107203 0.00000000099999999979 0.55211006530332895625 
0.43277720209945119700 0.00000000099999999978 0.56722279690054866474 
0.41618370910443425181 0.00000000099999999979 0.58381628989556555442 
0.42564820353978394252 0.00000000099999999972 0.57435179546021608576 
0.45158809293548729524 0.00000000099999999980 0.54841190606451273304 
0.47612872619125690132 0.00000000099999999980 0.52387127280874301594 
0.49730870499335111390 0.00000000099999999988 0.50269129400664880336 
0.41490075709773666102 0.00000000099999999974 0.58509924190226336727 
0.47171798463133118862 0.00000000099999999981 0.52828201436866872864 
0.45077949203094880293 0.00472129363464276856 0.54449921433440851004 
0.42233314958013690177 0.00034236569115155018 0.57732448472871156220 
0.46398147049528642993 0.00000000099999999981 0.53601852850471343181 
0.39805177659370105658 0.00000000099999999979 0.60194822240629886068 
0.42715459409760364595 0.00178064528574129583 0.57106476061665500943 
0.54521159223204640476 0.00000000099999999989 0.45478840676795356801 
0.46788138200657319876 0.00000000099999999988 0.53211861699342677401 
0.49071116976075196403 0.00000000099999999984 0.50928882923924811976 
0.44383689583484992047 0.00000000099999999987 0.55616310316515005230 
0.48964276497445169412 0.00000000099999999981 0.51035723402554822314 
0.49991282223877842039 0.00000000099999999985 0.50008717676122149687 
0.52480084930331349913 0.00000000099999999986 0.47519914969668652915 
0.44286392993652662353 0.00102469002928776707 0.55611138003418558728 
0.41381886008026846913 0.00000000099999999991 0.58618113891973155916 
0.44490512551739674896 0.00000000099999999995 0.55509487348260311279 
0.42558770817479996129 0.00000000099999999985 0.57441229082520006699 
0.47724997203849572891 0.00000000099999999978 0.52275002696150418835 
0.46839421933319264069 0.00000000099999999980 0.53160577966680722106 
0.48721333099076935547 0.00000000099999999980 0.51278666800923067282 
0.45881399887716733943 0.00000000099999999980 0.54118600012283257783 
0.50641185668047039581 0.00000000099999999995 0.49358814231952952145 
0.45170569630937484895 0.00000000099999999979 0.54829430269062517933 
0.50479176231505284989 0.00000000099999999985 0.49520823668494712289 
0.44134179895359432200 0.00000000099999999980 0.55865820004640553975 
0.49644725278874973773 0.00000000099999999983 0.50355274621125023504 
0.47571236597828359116 0.00000000099999999986 0.52428763302171632610 
0.43163879391239801109 0.00000000099999999987 0.56836120508760190617 
0.45927278602096088811 0.00000000099999999980 0.54072721297903902915 
0.44846725515578245158 0.00000000099999999984 0.55153274384421735466 
0.44973670789116793056 0.00000000099999999988 0.55026329110883198670 
0.46789463349255416835 0.00000000099999999988 0.53210536550744580442 
0.45164681513423132753 0.00000000099999999980 0.54835318386576870076 
0.42026525067729775254 0.00000000099999999988 0.57973474832270210921 
0.47812163887864977951 0.00000000099999999979 0.52187836012135024877 
0.50297182254876848795 0.00000000099999999995 0.49702817645123165136 
0.47917099197809953637 0.00000000099999999991 0.52082900702190038089 
0.49015550074211594600 0.00000000099999999998 0.50984449825788402677 
0.43664736806112730561 0.00000000099999999986 0.56335263093887277819 
0.52260412373996700808 0.00000000099999999994 0.47739587526003290918 
0.40302081369098624597 0.00488389459190986461 0.59209529171710384432 
0.45241052730959091521 0.00403485718564688609 0.54355461550476225074 
0.45495324093938843690 0.00290760498829469504 0.54213915407231683119 
0.47769147180274307285 0.00118409482255148104 0.52112443337470537585 
0.48988920943046371237 0.00210898322346162815 0.50800180734607469635 
0.43517566692340775569 0.00247389863036924463 0.56235043444622290210 
0.00867518966311397674 0.00000000099999999982 0.99132480933688615909 
0.00000000099999999981 0.00000000099999999981 0.99999999800000005656 
0.00527569210563270333 0.00000000099999999989 0.99472430689436719398 
0.00000309154076545884 0.00000000099999999996 0.99999690745923452972 
0.00000001301147585913 0.00000000099999999982 0.99999998598852413156 
0.00000129499724492562 0.00000000099999999985 0.99999870400275503446 
0.00211479360977767736 0.00000000099999999988 0.99788520539022218525 
0.00616445952075340368 0.00000000099999999984 0.99383553947924663241 
0.00070850687351097820 0.00000000099999999983 0.99929149212648904488 
0.00000000099999999993 0.00000000099999999993 0.99999999800000005656 
0.00000000099999999981 0.00000000099999999981 0.99999999799999994554 
0.00384933312390484811 0.00000000099999999983 0.99615066587609513160 
0.00000000099999999983 0.00000000099999999983 0.99999999799999994554 
0.00001581608237658007 0.00000000099999999984 0.99998418291762347643 
0.00000000099999999986 0.00000000099999999986 0.99999999800000005656 
0.02414763250583028265 0.00000000099999999986 0.97585236649416984278 
0.00346928338474578740 0.00000000099999999989 0.99653071561525408129 
0.00000002822278643118 0.00000000099999999976 0.99999997077721347605 
0.00817302127404193751 0.00180138341739841936 0.99002559530855960279 
0.04315608320933313896 0.00151701103011122099 0.95532690576055567799 
0.00000027734385579564 0.00000000099999999992 0.99999972165614414710 
0.05805261587577313642 0.00494204493103768926 0.93700533919318917953 
0.06429798810441222923 0.00155226577221340817 0.93414974612337442483 
0.05655950061268263246 0.00309017202477399099 0.94035032736254331454 
0.01155816878712190993 0.00114977869807147992 0.98729205251480656180 
0.04938320669402698759 0.00250360525763704744 0.94811318804833588647 
0.03067162553362713304 0.00157450415770930786 0.96775387030866355520 
0.01869854876972974755 0.00071324866805097867 0.98058820256221923550 
0.01666937823581119207 0.00027426954037978665 0.98305635222380904903 
0.04797176864036914457 0.00000000099999999990 0.95202823035963091147 
0.03664753724851380068 0.00107341136570702350 0.96227905138577918276 
0.03707309057001301894 0.00312459260949090722 0.95980231682049610420 
0.05493639201639928527 0.00574383405157953986 0.93931977393202115145 
0.03970129713798307980 0.00000000099999999996 0.96029870186201682358 
0.06515432687804606493 0.00000000099999999991 0.93484567212195390784 
0.07071659689403295146 0.00000000099999999984 0.92928340210596716009 
0.04149041017123240166 0.00056843315892462023 0.95794115666984291924 
0.05964906592838511989 0.00122711850021469814 0.93912381557140012234 
0.00438209125138718219 0.00000000099999999995 0.99561790774861291808 
0.04845983322387867331 0.00352089908257779884 0.94801926769354361024 
0.02399615812441246651 0.00000000099999999998 0.97600384087558755830 
0.01708684307715382586 0.00142105500695706563 0.98149210191588909247 
0.02546411697391823270 0.00000000099999999999 0.97453588202608187885 
0.04425042530604213903 0.00000000099999999981 0.95574957369395785456 
0.00204753952224644587 0.00000000099999999987 0.99795245947775368389 
0.27128335656296820311 0.00107523776328975599 0.72764140567374213653 
0.25322296470173932814 0.00000000099999999992 0.74677703429826081116 
0.12087568836213818946 0.29662314717293003508 0.58250116446493183098 
0.29470975149772460355 0.00364683875272753862 0.70164340974954797492 
0.26913086764394683614 0.00333437246434227161 0.72753475989171090266 
0.11913380789207456134 0.32014066168680105351 0.56072553042112438515 
0.18543747399051258018 0.25083572596900333140 0.56372680004048403291 
0.12888993619210134534 0.25271583349258824880 0.61839423031531037811 
0.16496220401895417274 0.23974925150423867515 0.59528854447680712436 
0.18053145363059805439 0.23156470498974357497 0.58790384137965834288 
0.27796858142759689470 0.00000000099999999990 0.72203141757240318910 
0.13700640982977030369 0.28408394635135986173 0.57890964381886977907 
0.25463724760437167483 0.00722258899922138039 0.73814016339640697861 
0.15953734645373732204 0.30885636736353072607 0.53160628618273197965 
0.27705444713605237306 0.00000000099999999993 0.72294555186394759971 
0.29259789552548243208 0.00000000099999999989 0.70740210347451748518 
0.15945053268954326176 0.30130386234984762872 0.53924560496060902626 
0.25329771415198915063 0.00000000099999999990 0.74670228484801071112 
0.28217235605098828222 0.00224894899543943115 0.71557869495357229184 
0.00543216858529157846 0.00060661300902146705 0.99396121840568685268 
0.06378671757846360313 0.02574898059167475203 0.91046430182986159974 
0.00065429260940911692 0.00000000099999999984 0.99934570639059094876 
0.00000000099999999984 0.00000000099999999984 0.99999999800000005656 
0.00078974713325621524 0.13790928922206666107 0.86130096364467712000 
0.00000000795627756451 0.00000000099999999995 0.99999999104372239156 
0.00000000099999999991 0.00000000099999999991 0.99999999799999994554 
0.00000000099999999967 0.00000000099999999967 0.99999999800000005656 
0.00017942683525602277 0.00000000099999999980 0.99982057216474395922 
0.00682781679759758391 0.00000000099999999979 0.99317218220240244264 
0.00000000099999999979 0.00000000099999999979 0.99999999799999994554 
0.00000000539485210571 0.00000000099999999972 0.99999999360514790769 
0.00832282626025845212 0.00000000099999999985 0.99167717273974165249 
0.00346982352329400223 0.00000000099999999990 0.99653017547670597054 
0.00000000099999999979 0.00000000099999999979 0.99999999799999994554 
0.00000000100000000000 0.00617583804040660114 0.99382416095959336122 
0.03016394322856022145 0.00000000099999999994 0.96983605577143972010 
0.00927399564079433962 0.00000000099999999988 0.99072600335920568693 
0.00578054454534405841 0.00000000099999999993 0.99421945445465609303 
0.00000003285842388986 0.00000000099999999976 0.99999996614157615760 
0.00000012941572994516 0.00000000099999999987 0.99999986958427000694 
0.00928985490641941018 0.00000000099999999996 0.99071014409358071351 
0.03744154441395074889 0.00452585270390908762 0.95803260288214020512 
0.00859399243796964314 0.00000000099999999986 0.99140600656203048402 
0.00251930615575494780 0.00000000099999999987 0.99748069284424489833 
0.00000000099999999974 0.00000000099999999974 0.99999999800000005656 
0.00000107237522349103 0.00000000099999999983 0.99999892662477651850 
0.02517537995111708907 0.00000000099999999987 0.97482461904888295656 
0.00770553749919535447 0.00000000099999999989 0.99229446150080458100 
0.06392637168826943717 0.00018858754668820316 0.93588504076504230866 
0.01250590213674637914 0.00017723183851164719 0.98731686602474200143 
0.00000000099999999994 0.00000000099999999994 0.99999999799999994554 
0.05493105353961244552 0.00029943582716585802 0.94476951063322167634 
0.00000255323425937506 0.00000000099999999988 0.99999744576574056687 
0.00000000100000000000 0.00395067774504323684 0.99604932125495670991 
0.00000047104508122654 0.00200797820318485403 0.99799155075173395790 
0.01133196640624109693 0.00804799647825988479 0.98062003711549905471 
0.00099311927189872878 0.00627722139812182493 0.99272965932997947469 
0.00000643846883863745 0.00207101119415414132 0.99792255033700727473 
0.01394110228417975647 0.00000000099999999991 0.98605889671582014344 
0.00092594938433119016 0.00000000099999999991 0.99907404961566892432 
0.02614559950215467402 0.00000000099999999988 0.97385439949784546876 
0.00477705556564712169 0.00143527132038194440 0.99378767311397098183 
0.00000000099999999982 0.00000000099999999982 0.99999999799999994554 
0.00351876870505575924 0.00168244889599168971 0.99479878239895258574 
0.05983154051259956252 0.00000000099999999990 0.94016845848740038250 
0.00359199253864685283 0.00017767086298979304 0.99623033659836335296 
0.00112145178862143344 0.00000000100000000000 0.99887854721137858682 
0.00005052652233834269 0.00302838988136149576 0.99692108359630016157 
0.01358140376228230903 0.00000000099999999994 0.98641859523771779905 
0.00025329958863586283 0.00000000099999999991 0.99974669941136407036 
0.04475435141119094018 0.00000000099999999990 0.95524564758880914361 
0.00000000393107478204 0.00000000099999999998 0.99999999506892522927 
0.00000000099999999990 0.00000000099999999990 0.99999999800000005656 
0.00009743340628567387 0.00000000099999999983 0.99990256559371426537 
0.00000218701874574218 0.00000000099999999985 0.99999781198125425874 
0.01234902157804991692 0.00000000099999999998 0.98765097742195018249 
0.00001866692975370645 0.00000000099999999985 0.99998133207024619828 
0.00001609944131341321 0.00000000099999999996 0.99998389955868660639 
0.00346482886083131474 0.00066875105757790195 0.99586642008159087514 
0.01992523608733128351 0.00383260057149225914 0.97624216334117641658 
0.00001280222167134267 0.00154111751352034500 0.99844608026480829999 
0.00000304795143118878 0.00000000099999999998 0.99999695104856878292 
0.00442876324391548899 0.00054871476424268027 0.99502252199184182402 
0.02181934778153133900 0.00098888960617857517 0.97719176261229001579 
0.00076337939187741323 0.00841132269128749138 0.99082529791683504605 
0.00015083813158065900 0.00326493731137455188 0.99658422455704487319 
0.00594147928873013740 0.00124219183400359375 0.99281632887726622982 
0.01233795371187411220 0.00265254197754290341 0.98500950431058298395 
0.02129540789710891724 0.00223658172117209000 0.97646801038171904263 
0.00000000879299617178 0.00000000099999999992 0.99999999020700380825 
0.00000000099999999982 0.00000000099999999982 0.99999999799999994554 
0.00000022818855556146 0.00000000099999999992 0.99999977081144431068 
0.00762832242302869615 0.00000000099999999998 0.99237167657697133993 
0.01012088231286480990 0.00000000099999999994 0.98987911668713524094 
0.00000000100000000000 0.00114438635028031718 0.99885561264971978179 
0.00000564606878544635 0.00418725244522942346 0.99580710148598516884 
0.00000097948570413219 0.00000000099999999996 0.99999901951429592817 
0.00000001196223324829 0.00560253845501430120 0.99439744958275244624 
0.00650553471907129501 0.00262212638748758565 0.99087233889344117355 
0.00324736537001703166 0.00592450405467341394 0.99082813057530960688 
0.00136703158543019271 0.00719956290811292043 0.99143340550645686626 
0.01170771330660671898 0.01202331554524860811 0.97626897114814470413 
0.00191324874306821307 0.00078034715036277445 0.99730640410656901107 
0.00000000099999999992 0.00000000099999999992 0.99999999799999994554 
0.00000737714160896215 0.00000000099999999995 0.99999262185839099537 
0.01232785419369815394 0.00000000099999999994 0.98767214480630183271 
0.03430118308798323773 0.00000000099999999996 0.96569881591201689464 
0.01666000242911103504 0.00000000099999999993 0.98333999657088899671 
0.00000334845905328031 0.00000000099999999994 0.99999665054094666328 
0.00231771634534920067 0.00000000099999999975 0.99768228265465086491 
0.02223846742686069050 0.00000000099999999995 0.97776153157313938635 
0.00545846094597684378 0.00000000099999999997 0.99454153805402323307 
0.02845377507023775024 0.00000000099999999999 0.97154622392976219825 
0.00000000099999999997 0.00000000099999999997 0.99999999800000005656 
0.01335924686042952621 0.00599844953370986742 0.98064230360586068791 
0.01196938179791836795 0.00726754853617997583 0.98076306966590165448 
0.00000000099999999999 0.00128291174998035025 0.99871708725001961948 
0.00000000100000000000 0.00197826448874651242 0.99802173451125342218 
0.00000000099999999984 0.00000000099999999984 0.99999999800000005656 
0.03758269555618832386 0.00000000099999999993 0.96241730344381182238 
0.00000000099999999985 0.00000000099999999985 0.99999999800000005656 
0.00839964985950196127 0.00000000099999999992 0.99160034914049799415 
0.00100779141652850403 0.00000000099999999987 0.99899220758347140325 
0.02044065008283142693 0.00000000099999999993 0.97955934891716867075 
0.00307586094775013719 0.00000000099999999988 0.99692413805224999734 
0.00000045968289732643 0.00000000099999999989 0.99999953931710272581 
0.00000000127692689563 0.00000000099999999990 0.99999999772307313073 
0.04008665145943465097 0.00000000099999999993 0.95991334754056534262 
0.00027089395310532570 0.00000000099999999988 0.99972910504689482813 
0.00000000099999999987 0.00000000099999999987 0.99999999799999994554 
0.00039550541956801801 0.00000000100000000000 0.99960449358043201862 
0.00000000343583210971 0.00000000099999999987 0.99999999556416796498 
0.00382777326977546675 0.00000000099999999991 0.99617222573022456977 
0.00000000099999999985 0.00000000099999999985 0.99999999799999994554 
0.00239625015684892832 0.00000000099999999986 0.99760374884315117239 
0.00006139004621296743 0.00000000099999999987 0.99993860895378694487 
0.00000000100000000000 0.00213441291092017048 0.99786558608907982570 
0.00000000100000000000 0.00132671356806097541 0.99867328543193900625 
0.00163146629301799033 0.00106495480358957196 0.99730357890339238480 
0.00000000099999999991 0.00000000099999999991 0.99999999799999994554 
0.00000000099999999972 0.00000000099999999972 0.99999999800000005656 
0.00000000099999999977 0.00000000099999999977 0.99999999800000005656 
0.00012101803135853870 0.00000000099999999987 0.99987898096864147313 
0.00000000099999999981 0.00000000099999999981 0.99999999799999994554 
0.00226933771690246856 0.00000000099999999978 0.99773066128309750855 
0.00370204094059624735 0.00000000099999999979 0.99629795805940379871 
0.00000032636436792439 0.00000000099999999985 0.99999967263563194209 
0.00000000099999999972 0.00000000099999999972 0.99999999800000005656 
0.00452076809663229297 0.00000000099999999987 0.99547923090336765117 
0.00247289733783193164 0.00000000099999999979 0.99752710166216806975 
0.00000000099999999977 0.00000000099999999977 0.99999999799999994554 
0.00656340830357447953 0.00000000099999999990 0.99343659069642542558 
0.00000000099999999988 0.00000000099999999988 0.99999999799999994554 
0.00000000099999999990 0.00000000099999999990 0.99999999800000005656 
0.00000000327406354690 0.00000000099999999985 0.99999999572593645247 
0.00231639291751519838 0.00000000099999999984 0.99768360608248485288 
0.00000000099999999980 0.00000000099999999980 0.99999999799999994554 
0.00264331820218995008 0.00000000099999999980 0.99735668079781003570 
0.00000000184064288223 0.00000000099999999986 0.99999999715935716793 
0.00233522027545682558 0.00000000099999999989 0.99766477872454317755 
0.00753660445437636609 0.00000000099999999980 0.99246339454562360061 
0.00734328602145451793 0.00374577650079136772 0.98891093747775404843 
0.02174801007162617539 0.00627381727105869817 0.97197817265731512038 
0.00000000099999999992 0.00000000099999999992 0.99999999800000005656 
0.01973656480975196845 0.00278483423961699544 0.97747860095063099362 
0.00386533367468494971 0.00429046607865904255 0.99184420024665598259 
0.00000013797974727203 0.00463302848349396619 0.99536683353675881047 
0.00000000100000000000 0.00169033375796862843 0.99830966524203135215 
0.00000000099999999997 0.00000000099999999997 0.99999999800000005656 
0.00000033370452475582 0.00299192250769011016 0.99700774378778511675 
0.00394117350701186486 0.00235453985584916248 0.99370428663713894490 
0.00018522105345458866 0.00000000099999999991 0.99981477794654538549 
0.01659864988360751706 0.00636589254019515136 0.97703545757619736367 
0.00584000442984204410 0.00256183663993280950 0.99159815893022518196 
0.01048626166060137067 0.00000000099999999988 0.98951373733939851363 
0.00211453723539852673 0.00000000099999999986 0.99788546176460146686 
0.00000160998927922649 0.00000000099999999983 0.99999838901072080066 
0.00000000099999999984 0.00000000099999999984 0.99999999800000005656 
0.00121429974234747154 0.00861935365737771624 0.99016634660027480486 
0.00000000099999999990 0.00000000099999999990 0.99999999799999994554 
0.01417084105276020939 0.00109629883095000422 0.98473286011628979875 
0.00008411523967596633 0.00000000099999999985 0.99991588376032414232 
0.00000002838360880467 0.00000000099999999989 0.99999997061639123164 
0.00000000099999999992 0.00000000099999999992 0.99999999799999994554 
0.00000000099999999988 0.00000000099999999988 0.99999999799999994554 
0.00188765626051448730 0.00185047531461629880 0.99626186842486930129 
0.00000000099999999982 0.00000000099999999982 0.99999999800000005656 
0.00000000100000000000 0.00131922427555300438 0.99868077472444694020 
0.00000000099999999982 0.00000000099999999982 0.99999999800000005656 
0.00000000099999999976 0.00000000099999999976 0.99999999800000005656 
0.00006022728977020968 0.00134969128166699103 0.99859008142856275914 
0.00000014477048253828 0.00000000099999999982 0.99999985422951742642 
0.00000000099999999977 0.00000000099999999977 0.99999999800000005656 
0.00000000099999999980 0.00000000099999999980 0.99999999800000005656 
0.00185945223722593631 0.00000000099999999980 0.99814054676277397249 
0.00000000099999999986 0.00000000099999999986 0.99999999800000005656 
0.00000000100000000000 0.00265997583869336321 0.99734002316130665466 
0.00563340772332697731 0.00000000099999999980 0.99436659127667303970 
0.00000000099999999987 0.00000000099999999987 0.99999999799999994554 
0.00522493680538854786 0.00000000099999999976 0.99477506219461142578 
0.00253822590516645553 0.00249642244248033046 0.99496535165235322484 
0.00000000099999999977 0.00000000099999999977 0.99999999799999994554 
0.00295651974151703127 0.00000000099999999977 0.99704347925848302303 
0.01539356037561838766 0.00000000099999999984 0.98460643862438157470 
0.00000000099999999971 0.00000000099999999971 0.99999999799999994554 
0.00193915579237797240 0.00000000099999999974 0.99806084320762200601 
0.00000000453841591238 0.00000000099999999987 0.99999999446158416294 
0.01120148641089100013 0.00000000099999999982 0.98879851258910889111 
0.00000000099999999981 0.00000000099999999981 0.99999999799999994554 
0.03148093980570791650 0.00000000099999999990 0.96851905919429215341 
0.00906678437893889376 0.00000000099999999986 0.99093321462106109809 
0.00134417319724198874 0.00000000099999999994 0.99865582580275802371 
0.00256747393390734059 0.00000000099999999984 0.99743252506609270114 
0.01431320145394647872 0.00000000099999999994 0.98568679754605348364 
0.01246699610868421022 0.00000000099999999988 0.98753300289131584755 
0.00316288648563481335 0.00000000099999999979 0.99683711251436513123 
0.00003398471401661020 0.00000000099999999979 0.99996601428598341776 
0.00642029617139799110 0.00000000099999999983 0.99357970282860197386 
0.05142745114154881336 0.00000000099999999994 0.94857254785845113165 
0.00005190899530944911 0.00000000099999999972 0.99994809000469042637 
0.00172752014786626824 0.00000000099999999989 0.99827247885213377110 
0.00294446400294334776 0.00370511193188541874 0.99335042406517126690 
0.00000000414579877533 0.00000000099999999984 0.99999999485420121292 
0.00000000099999999981 0.00000000099999999981 0.99999999799999994554 
0.00000000099999999968 0.00000000099999999968 0.99999999800000005656 
0.00219116774686719607 0.00168154745257744777 0.99612728480055534597 
0.00000000100000000000 0.00118739992402942460 0.99881259907597053083 
0.00000000099999999976 0.00000000099999999976 0.99999999799999994554 
0.00000000099999999978 0.00000000099999999978 0.99999999799999994554 
0.00000000099999999991 0.00000000099999999991 0.99999999800000005656 
0.00000000099999999971 0.00000000099999999971 0.99999999800000005656 
0.00000006440106479173 0.00000000099999999998 0.99999993459893521397 
0.00000000099999999997 0.00000000099999999997 0.99999999799999994554 
0.00000000099999999985 0.00000000099999999985 0.99999999800000005656 
0.00000000099999999991 0.00000000099999999991 0.99999999800000005656 
0.00281650507320536101 0.00092561930565345700 0.99625787562114120899 
0.00005414540100261716 0.00000000099999999992 0.99994585359899734733 
0.00000001035695139147 0.00322495287749740818 0.99677503676555123668 
0.00678032710428815109 0.00231914693031526776 0.99090052596539657248 
0.00000000100000000000 0.00200874536308511594 0.99799125363691476576 
0.01689763543950853486 0.00000000099999999992 0.98310236356049152118 
0.00000000099999999970 0.00000000099999999970 0.99999999800000005656 
0.02918172122738034793 0.00000000099999999992 0.97081827777261964219 
0.00000000099999999967 0.00000000099999999967 0.99999999799999994554 
0.00004724733356753472 0.00000000099999999976 0.99995275166643238229 
0.00000000099999999975 0.00000000099999999975 0.99999999799999994554 
0.00000013798552135370 0.00220178863363423068 0.99779807338084447466 
0.02112438114444354156 0.00000000099999999989 0.97887561785555643468 
0.00447221410387056966 0.00104741388777590408 0.99448037200835348592 
0.00000200572149140629 0.00179607337198370211 0.99820192090652493100 
0.00341635589762460381 0.00633230056045010984 0.99025134354192534403 
0.02806503863902248819 0.00470762450688125365 0.96722733685409623128 
0.01629157719702785043 0.00000000099999999987 0.98370842180297213275 
0.01303244730052136036 0.00000000099999999993 0.98696755169947869568 
0.01801398828596555493 0.00119284435980251437 0.98079316735423183182 
0.04449225171241136950 0.00775174688953353831 0.94775600139805515898 
0.04505787885256015701 0.00576781646144602748 0.94917430468599384152 
0.00000000099999999999 0.60592686227001602006 0.39407313672998389720 
0.00008460112933358246 0.53897992789196880192 0.46093547097869763673 
0.00000000100000000000 0.61114083410654851392 0.38885916489345151437 
0.02987123211079714333 0.53023134248924586043 0.43989742539995690951 
0.00007767955788312778 0.47310369031188842515 0.52681863013022844910 
0.00015966647034476741 0.64710294651222721729 0.35273738701742790580 
0.01702605287053568159 0.02823915268741547871 0.95473479444204878419 
0.01490271355781197689 0.00000000099999999983 0.98509728544218799762 
0.01229356632533676677 0.00000000099999999983 0.98770643267466318171 
0.00000003886300644766 0.00102800524785317789 0.99897195588914033948 
0.00779193399218866371 0.00000000099999999987 0.99220806500781133508 
0.03543531528619542348 0.00155130302430729356 0.96301338168949734975 
0.00005272197714509414 0.00236308714964229014 0.99758419087321259511 
0.07763264282798117144 0.00068190112586474110 0.92168545604615403910 
0.01343990240484814296 0.00151029739130741926 0.98504980020384447226 
0.00724758396476516287 0.00000000099999999993 0.99275241503523470321 
0.00000000099999999991 0.00000000099999999991 0.99999999799999994554 
0.00000000099999999987 0.00000000099999999987 0.99999999800000005656 
0.00000052686386605440 0.06075406966516937179 0.93924540347096452386 
0.00024783369701748175 0.04531528743687289473 0.95443687886610961701 
0.01121302878162555410 0.03890301546858601633 0.94988395574978845559 
0.00188477675267234514 0.00194993566586379474 0.99616528758146394296 
0.00535120950280017042 0.00000000099999999982 0.99464878949719992551 
0.00117983175308493740 0.00825592943774929901 0.99056423880916577573 
0.01568470754622083851 0.00477700895805277873 0.97953828349572635847 
0.01107541048262099606 0.00294500156115600669 0.98597958795622309136 
0.00065351137473756526 0.00386770999619042355 0.99547877862907208080 
0.00000000099999999994 0.00000000099999999994 0.99999999800000005656 
0.00000000099999999982 0.00000000099999999982 0.99999999799999994554 
0.00001074538417094829 0.00000000099999999986 0.99998925361582913229 
0.07180666943698137128 0.00697147003346856517 0.92122186052955001845 
0.00000000100000000000 0.00470627337437765862 0.99529372562562234972 
0.01316764100740147776 0.00886435465065921711 0.97796800434193931206 
0.05885558372751469036 0.00639391052556197680 0.93475050574692342131 
0.01256870951478778961 0.00343866783396866308 0.98399262265124354254 
0.01081937421024749268 0.00132204282597521601 0.98785858296377726528 
0.00000054592778036470 0.00368892288315223827 0.99631053118906742760 
0.00270268294935428147 0.00518681339964548356 0.99211050365100017512 
0.00000135412157328890 0.00000000099999999987 0.99999864487842682337 
0.00000002934280232854 0.00000000099999999981 0.99999996965719772923 
0.01474712576347710948 0.00000000099999999984 0.98525287323652277482 
0.06369909156469361067 0.00000000099999999992 0.93630090743530636210 
0.00000774023526694037 0.00000000099999999998 0.99999225876473296637 
0.03223721829746916540 0.00000000099999999991 0.96776278070253074493 
0.01440219982803862299 0.00000000099999999992 0.98559779917196133070 
0.00891495965112461437 0.00000000099999999993 0.99108503934887537401 
0.05918432155087564872 0.00000000099999999994 0.94081567744912442119 
0.01543749885421131021 0.00000000099999999983 0.98456250014578861052 
0.06399675950574698624 0.00000000099999999993 0.93600323949425301429 
0.00000000099999999993 0.00000000099999999993 0.99999999799999994554 
0.02759318556007457970 0.00000000099999999989 0.97240681343992541041 
0.14124702309926290278 0.00028126659156533303 0.85847171030917179824 
0.02993028343162341953 0.00000000099999999992 0.97006971556837662263 
0.01622347594125688255 0.00000000099999999986 0.98377652305874307981 
0.04552668303677494255 0.00000000099999999993 0.95447331596322504410 
0.00587841677029465014 0.00000000099999999982 0.99412158222970548049 
0.02072137309123672777 0.00000000099999999993 0.97927862590876324500 
0.00821397127838298553 0.00000000099999999987 0.99178602772161705836 
0.00521692674768954763 0.00000000099999999995 0.99478307225231032973 
0.00837246354392583852 0.01102841445839676353 0.98059912199767740315 
0.00000000099999999999 0.00287892575458878171 0.99712107324541110476 
0.00171512647126261853 0.00000000099999999985 0.99828487252873743252 
0.00000000099999999979 0.00000000099999999979 0.99999999799999994554 
0.00000000099999999975 0.00000000099999999975 0.99999999800000005656 
0.00814010010929872713 0.00000000099999999984 0.99185989889070136361 
0.00000000099999999990 0.00000000099999999990 0.99999999800000005656 
0.00000000099999999982 0.00000000099999999982 0.99999999800000005656 
0.00000000099999999992 0.00000000099999999992 0.99999999799999994554 
0.00000000099999999997 0.00000000099999999997 0.99999999800000005656 
0.00031329167286087069 0.00000000099999999994 0.99968670732713926785 
0.00000000099999999983 0.00000000099999999983 0.99999999799999994554 
0.00002904894880949710 0.00117421982099702080 0.99879673123019352410 
0.00000000099999999985 0.00000000099999999985 0.99999999799999994554 
0.00000000099999999987 0.00000000099999999987 0.99999999799999994554 
0.51502432532943265286 0.00598753905776134871 0.47898813561280595419 
0.40860361391812827225 0.00000000099999999985 0.59139638508187153398 
0.40186293291248126325 0.00000000099999999983 0.59813706608751859850 
0.42308252090842884963 0.00000000099999999984 0.57691747809157101212 
0.42682160071527330825 0.00000000099999999991 0.57317839828472672004 
0.39684797581374831044 0.00000000099999999982 0.60315202318625171785 
0.44979177522441704529 0.00000000099999999989 0.55020822377558298300 
0.40910771127091655197 0.00000000099999999993 0.59089228772908330978 
0.38985978101650314853 0.00000000099999999996 0.61014021798349682424 
0.44131492091382751308 0.00000000099999999980 0.55868507808617240418 
0.44216774389879104357 0.00000000099999999984 0.55783225510120892920 
0.42719182461855309541 0.00000000099999999988 0.57280817438144671083 
0.45234355025288114360 0.00000000099999999990 0.54765644874711882917 
0.46627009058878871040 0.00000000099999999987 0.53372990841121115135 
0.41036817496101868352 0.00000000099999999990 0.58963182403898128925 
0.40840367629627288837 0.00000000099999999993 0.59159632270372708440 
0.41501026188545703244 0.00000000099999999990 0.58498973711454294033 
0.45834141497204383686 0.00000000099999999995 0.54165858402795619142 
0.39099603294392359931 0.00000000099999999987 0.60900396605607631795 
0.03647744317641118950 0.00000000099999999992 0.96352255582358881103 
0.02857842299796157712 0.00000000099999999991 0.97142157600203837831 
0.00001368463128934170 0.00000000099999999985 0.99998631436871054934 
0.04470291162663172363 0.00000000099999999989 0.95529708737336838098 
0.02161817958457225297 0.00000000099999999982 0.97838181941542767817 
0.00000000099999999985 0.00000000099999999985 0.99999999799999994554 
0.01536508388890616035 0.00000000099999999997 0.98463491511109391130 
0.02811621524049931833 0.00000000099999999976 0.97188378375950068566 
0.01089298524546694451 0.00214353453873716241 0.98696348021579594079 
0.01598847084239103308 0.00000000099999999983 0.98401152815760883907 
0.02416041319020405947 0.00000000099999999980 0.97583958580979590636 
0.01258975522981364489 0.00000000099999999970 0.98741024377018637992 
0.00000006821320469662 0.00000000099999999981 0.99999993078679527692 
0.01788657044740198793 0.00000000099999999989 0.98211342855259808893 
0.04636586980486189641 0.00000000099999999991 0.95363412919513801391 
0.00737555422773556769 0.00000000099999999985 0.99262444477226452477 
0.02812059760808874667 0.00000000099999999989 0.97187940139191131284 
0.01915131260291780269 0.00000000099999999993 0.98084868639708211457 
0.02563279052101937253 0.00000000099999999998 0.97436720847898050657 
0.02066879386796355994 0.00000000099999999993 0.97933120513203641977 
0.00420174714914213921 0.00000000099999999989 0.99579825185085790729 
0.03715294118054573991 0.00000000099999999988 0.96284705781945434389 
0.04001997506951637806 0.00000000099999999988 0.95998002393048365022 
0.03915673187596041549 0.00000000099999999989 0.96084326712403966830 
0.07669986418445332021 0.00000000099999999995 0.92330013481554662480 
0.01586247472247767978 0.00000000099999999980 0.98413752427752243523 
0.00611762431373514669 0.00000000099999999995 0.99388237468626472459 
0.02460087123289799241 0.00000000099999999993 0.97539912776710202547 
0.03856487629572695475 0.00000000099999999992 0.96143512270427289312 
0.00000204929319989263 0.00000000099999999984 0.99999794970680011552 
0.00007151562485399306 0.00561406502477370881 0.99431441935037234714 
0.00495597288810577415 0.00039127843444657784 0.99465274867744768450 
0.00000000099999999995 0.00000000099999999995 0.99999999800000005656 
0.03526054583899428108 0.01913516558007081689 0.94560428858093492632 
0.05434600898464120311 0.02359794641069952806 0.92205604460465928618 
0.03265568002182452079 0.02282210598626418716 0.94452221399191127471 
0.04636596804772893238 0.02269039126033966375 0.93094364069193136224 
0.01219206064366342400 0.02560707299968018741 0.96220086635665635910 
0.04012226841072154271 0.02396793239430529757 0.93590979919497319095 
0.03512645089861118897 0.03214240942618565994 0.93273113967520315803 
0.07028960454567718952 0.03142634807158230931 0.89828404738274048036 
0.04773478144622531061 0.01983977829947440596 0.93242544025430029730 
0.04361503408077778421 0.03533302417210818641 0.92105194174711402244 
0.03850836162444174621 0.02545235471557462381 0.93603928365998356753 
0.00203408248361709948 0.06132428177517136592 0.93664163574121150901 
0.03217974179453637895 0.07242691428229577899 0.89539334392316782818 
0.03612273009888413572 0.04156383692139759695 0.92231343297971835060 
0.13099974302741987375 0.07968006966506091526 0.78932018730751918323 
0.01445695089776810778 0.05646901087816622727 0.92907403822406564586 
0.00974979582881706393 0.04816489937673881089 0.94208530479444418937 
0.00001800844255305283 0.08060023367196912647 0.91938175788547782386 
0.00069257570829948652 0.05355450724363778475 0.94575291704806274673 
0.00007522703861110711 0.06423473224016658378 0.93569004072122230475 
0.00012442829279554928 0.03668572990923113508 0.96318984179797328959 
0.00465248269200547147 0.04508601568920650449 0.95026150161878808476 
0.03437010400237949792 0.06699261098818388993 0.89863728500943662603 
0.02751897038290558942 0.06685959544736756743 0.90562143416972684662 
0.02047966532577086968 0.02965816204929551392 0.94986217262493366498 
0.06672037891076185168 0.03001346879356263028 0.90326615229567552845 
0.00000000099999999994 0.00000000099999999994 0.99999999799999994554 
0.00000714628521073385 0.00000000099999999994 0.99999285271478921544 
0.00000837611398736580 0.00000000099999999984 0.99999162288601251003 
0.00537459564732916360 0.00119564660507323357 0.99342975774759767482 
0.00000000099999999999 0.00396429352001361878 0.99603570547998643292 
0.00378132357638710954 0.00000000099999999980 0.99621867542361286496 
0.00133326464383537349 0.00000000099999999978 0.99866673435616459820 
0.00528784231473306433 0.00507897846497062152 0.98963317922029625517 
0.00000000099999999984 0.00000000099999999984 0.99999999799999994554 
0.00000473596341941425 0.00487580782403797611 0.99511945621254260796 
0.00075340193932951359 0.00891094221137206724 0.99033565584929839076 
0.02125445882221815852 0.00000000099999999985 0.97874554017778170323 
0.00955021269284024588 0.00323890302562849109 0.98721088428153114247 
0.02334686984154552003 0.00000000099999999998 0.97665312915845448050 
0.00404971832394697071 0.00424727386902234820 0.99170300780703068977 
0.00000000100000000000 0.00153286853046737657 0.99846713046953261550 
0.00322317122598320604 0.02466345046082780296 0.97211337831318900271 
0.01899361013090662686 0.00000000099999999990 0.98100638886909341529 
0.00000003433800193276 0.00000000099999999986 0.99999996466199814193 
0.01598192186933294207 0.00000000099999999984 0.98401807713066702377 
0.01833655595538143807 0.00000000099999999982 0.98166344304461850001 
0.04599167169148687950 0.00000000099999999990 0.95400832730851314878 
0.01335167165496808743 0.00000000099999999984 0.98664832734503182810 
0.05911918603273930151 0.00000000099999999988 0.94088081296726056024 
0.00000000099999999988 0.00000000099999999988 0.99999999800000005656 
0.00705368706138762881 0.00000000099999999979 0.99294631193861238039 
0.01740052179462743195 0.00468029599928307047 0.97791918220608953227 
0.02138434946911614565 0.00501834183656615657 0.97359730869431770905 
0.00688551149367923852 0.00880500485839915727 0.98430948364792170135 
0.00001017028181278856 0.00000000099999999994 0.99998982871818731244 
0.00041588245292147567 0.00084204431693457832 0.99874207323014396742 
0.00538356298879427795 0.00423406804101517445 0.99038236897019049643 
0.00792299143081108548 0.00389307476138586912 0.98818393380780300550 
0.00038617867088693773 0.00000000099999999999 0.99961382032911294537 
0.00018918115409022806 0.00474210706429402124 0.99506871178161571123 
0.02472934180848481572 0.00087035169247212500 0.97440030649904307847 
0.00689019891870479729 0.00387913184398485430 0.98923066923731028943 
0.00942876181343334230 0.00000000099999999983 0.99057123718656658884 
0.01647551399367800859 0.00000000099999999997 0.98352448500632183581 
0.00000024960615148717 0.00116233767532094331 0.99883741271852755084 
0.00000389316577224220 0.00231548502761518308 0.99768062180661254423 
0.00279971891738888586 0.00813167930260292986 0.98906860178000821637 
0.00026288189904273888 0.00000000099999999986 0.99973711710095736205 
0.04004854424317450673 0.00000000099999999983 0.95995145475682563951 
0.02017591627372402815 0.00000000099999999986 0.97982408272627596890 
