0.83710054000277744901 0.00000000099999999975 0.15178658455729610033 0.00000000099999999975 0.01111287043992651748 0.00000000099999999975 0.00000000099999999975 0.00000000099999999975 
0.83400913074607296860 0.00000000099999999972 0.14553767670397807499 0.00000000099999999972 0.02045318754994895558 0.00000000099999999972 0.00000000099999999972 0.00000000099999999972 
0.90160504927327933533 0.00000000099999999983 0.05175739570164064607 0.00000000099999999983 0.04663755002508020858 0.00000000099999999983 0.00000000099999999983 0.00000000099999999983 
0.81713997135119587067 0.00000000099999999967 0.17594196698182215655 0.00000000099999999967 0.00691805666698211506 0.00000000099999999967 0.00000000099999999967 0.00000000099999999967 
0.82210851995685352289 0.00000000099999999968 0.17789147404314661904 0.00000000099999999968 0.00000000099999999968 0.00000000099999999968 0.00000000099999999968 0.00000000099999999968 
0.75705487276036964595 0.00000000099999999963 0.24294512114415567350 0.00000000099999999963 0.00000000109547466611 0.00000000099999999963 0.00000000099999999963 0.00000000099999999963 
0.84353743866662789230 0.00000000099999999973 0.15646252487041426016 0.00000000099999999973 0.00000003146295794002 0.00000000099999999973 0.00000000099999999973 0.00000000099999999973 
0.77811096812213598195 0.00000000099999999967 0.22187569951758331910 0.00000000099999999967 0.00001332736028098801 0.00000000099999999967 0.00000000099999999967 0.00000000099999999967 
0.82028427842897666533 0.00000000099999999973 0.17077769192034100709 0.00000000099999999973 0.00893802465068243256 0.00000000099999999973 0.00000000099999999973 0.00000000099999999973 
0.83517337284172610268 0.00000000099999999992 0.16482662115827398375 0.00000000099999999992 0.00000000099999999992 0.00000000099999999992 0.00000000099999999992 0.00000000099999999992 
0.83471027396311758828 0.00000000099999999969 0.16528972003688255366 0.00000000099999999969 0.00000000099999999969 0.00000000099999999969 0.00000000099999999969 0.00000000099999999969 
0.78648785744345472981 0.00000000099999999968 0.20190661699061299150 0.00000000099999999968 0.01160552056593240275 0.00000000099999999968 0.00000000099999999968 0.00000000099999999968 
0.77642172278790688722 0.00000000099999999991 0.20973613306226060460 0.00000000099999999991 0.01384213914983267561 0.00000000099999999991 0.00000000099999999991 0.00000000099999999991 
0.88597496716124590765 0.00000000099999999973 0.11402502683875410938 0.00000000099999999973 0.00000000099999999973 0.00000000099999999973 0.00000000099999999973 0.00000000099999999973 
0.95966672873421898782 0.00000000099999999983 0.04033323342061849448 0.00000000099999999983 0.00000003284516272255 0.00000000099999999983 0.00000000099999999983 0.00000000099999999983 
0.77350516100659094665 0.00000000099999999964 0.22649483299340905651 0.00000000099999999964 0.00000000099999999964 0.00000000099999999964 0.00000000099999999964 0.00000000099999999964 
0.85102382912418872429 0.00000000099999999981 0.04845968836304095223 0.00000000099999999981 0.10051647751277036080 0.00000000099999999981 0.00000000099999999981 0.00000000099999999981 
0.85088993486568853530 0.00000000099999999981 0.09737234037002533149 0.00000000099999999981 0.05172997110231403184 0.00000000099999999981 0.00000000099999999981 0.00000774966197219683 
0.85594389715804686247 0.00000000099999999972 0.13703754428345135685 0.00000000099999999972 0.00701855355850183101 0.00000000099999999972 0.00000000099999999972 0.00000000099999999972 
0.79697149675133449609 0.00000000099999999971 0.20300247203081145386 0.00000000099999999971 0.00002602621785407761 0.00000000099999999971 0.00000000099999999971 0.00000000099999999971 
0.75618791863890510996 0.00000000099999999970 0.21148844508556816080 0.00000000099999999970 0.03232363127552680127 0.00000000099999999970 0.00000000099999999970 0.00000000099999999970 
0.76417094092571768993 0.00000000099999999965 0.21715949296688683012 0.00000000099999999965 0.01866956110739551727 0.00000000099999999965 0.00000000099999999965 0.00000000099999999965 
0.83227107382784915046 0.00000000099999999972 0.16187187100361885572 0.00000000099999999972 0.00585705016853206931 0.00000000099999999972 0.00000000099999999972 0.00000000099999999972 
0.82799172795202957698 0.00000000099999999973 0.12086652319059813798 0.00000000099999999973 0.05114174385737241951 0.00000000099999999973 0.00000000099999999973 0.00000000099999999973 
0.86210127219405641164 0.00000000099999999982 0.06973668654577601378 0.00000000099999999982 0.06816203626016768824 0.00000000099999999982 0.00000000099999999982 0.00000000099999999982 
0.80363074390414723780 0.00000000099999999967 0.19003242799546807285 0.00000000099999999967 0.00633682310038493658 0.00000000099999999967 0.00000000099999999967 0.00000000099999999967 
0.89463375649871623718 0.00000000099999999975 0.05929455429766872926 0.00000000099999999975 0.04607168420361512640 0.00000000099999999975 0.00000000099999999975 0.00000000099999999975 
0.79784686167622687059 0.00000000099999999998 0.13420213783456072520 0.00000000099999999998 0.06425368710692333507 0.00000000099999999998 0.00369730938228911721 0.00000000099999999998 
0.81126827274047474958 0.00000000099999999981 0.17721582987094178230 0.00000000099999999981 0.01151589238858359045 0.00000000099999999981 0.00000000099999999981 0.00000000099999999981 
0.75874825977385018660 0.00000000099999999971 0.19856027800479800205 0.00000000099999999971 0.04269145722135193194 0.00000000099999999971 0.00000000099999999971 0.00000000099999999971 
0.78126223664442151495 0.00000000099999999967 0.21721470104828324854 0.00000000099999999967 0.00152305730729543538 0.00000000099999999967 0.00000000099999999967 0.00000000099999999967 
0.88723244028797043637 0.00000000099999999989 0.10970649681351134219 0.00000000099999999989 0.00000000099999999989 0.00000000099999999989 0.00000000099999999989 0.00306105789851845826 
0.90818132122586436861 0.00000000099999999986 0.00546685816586049700 0.01291558101589138953 0.07343623559238385279 0.00000000099999999986 0.00000000099999999986 0.00000000099999999986 
0.91072113495003581551 0.00000000099999999983 0.04911681195176863940 0.00767450656456829163 0.03248754253362732408 0.00000000099999999983 0.00000000099999999983 0.00000000099999999983 
0.86037776095490470230 0.00000000099999999980 0.04525261228606549530 0.00000003698958528245 0.09436958576944454169 0.00000000099999999980 0.00000000099999999980 0.00000000099999999980 
0.93205261630788072136 0.00000000099999999985 0.04767727186494108427 0.00773442672073522495 0.01253568110644302618 0.00000000099999999985 0.00000000099999999985 0.00000000099999999985 
0.87053371612959451475 0.00000000099999999978 0.08055359018943498983 0.00000000099999999978 0.04891268868097067846 0.00000000099999999978 0.00000000099999999978 0.00000000099999999978 
0.88810578969818831929 0.00000000099999999979 0.03717911298850883062 0.00585267779788386719 0.06886241551541900929 0.00000000099999999979 0.00000000099999999979 0.00000000099999999979 
0.88676700253090723347 0.00000000099999999983 0.00348357572264002555 0.00708875968349552150 0.10266065806295714136 0.00000000099999999983 0.00000000099999999983 0.00000000099999999983 
0.90710457894296658843 0.02912302687293909231 0.06377238918409446067 0.00000000099999999988 0.00000000099999999988 0.00000000099999999988 0.00000000099999999988 0.00000000099999999988 
0.91205851222321265848 0.00000000099999999982 0.08794148177678735856 0.00000000099999999982 0.00000000099999999982 0.00000000099999999982 0.00000000099999999982 0.00000000099999999982 
0.95367321490637280146 0.00429665227508865648 0.00000000099999999992 0.00000681131388790369 0.00001221932945940355 0.01241920933927076302 0.00000000099999999992 0.02959189083592039457 
0.88788333314192735557 0.00000000099999999976 0.10469917688906328623 0.00000000099999999976 0.00741748496900932267 0.00000000099999999976 0.00000000099999999976 0.00000000099999999976 
0.90525177592530658988 0.00000000099999999973 0.07845459086673869931 0.00000000099999999973 0.01629362820795479325 0.00000000099999999973 0.00000000099999999973 0.00000000099999999973 
0.85419059206799308193 0.00000000099999999975 0.05279791420927851947 0.00000000099999999975 0.09301148872272846369 0.00000000099999999975 0.00000000099999999975 0.00000000099999999975 
0.86350293902633923349 0.00000000099999999974 0.08142378260932486844 0.00000000099999999974 0.05507327336433594928 0.00000000099999999974 0.00000000099999999974 0.00000000099999999974 
0.87487033426395766078 0.00000000099999999974 0.09158800797526668591 0.00000000099999999974 0.03354165276077584329 0.00000000099999999974 0.00000000099999999974 0.00000000099999999974 
0.85694613301438926634 0.00000000099999999983 0.08356513051889671861 0.00000000099999999983 0.05948873146671397605 0.00000000099999999983 0.00000000099999999983 0.00000000099999999983 
0.86266210391953457304 0.00000000099999999976 0.08105319080039914692 0.01190732878346756167 0.04437737249659885058 0.00000000099999999976 0.00000000099999999976 0.00000000099999999976 
0.81766713091342546615 0.00000000099999999977 0.08849636000781627154 0.00000000099999999977 0.09383650407875838984 0.00000000099999999977 0.00000000099999999977 0.00000000099999999977 
0.86641044979313375229 0.00000000099999999975 0.08838396807875503747 0.00000000099999999975 0.04280519201616410363 0.00240038611194707706 0.00000000099999999975 0.00000000099999999975 
0.89919747637270630580 0.00000000099999999979 0.03118087995767039947 0.00000000099999999979 0.06962163866962339798 0.00000000099999999979 0.00000000099999999979 0.00000000099999999979 
0.99999999300000019797 0.00000000099999999980 0.00000000099999999980 0.00000000099999999980 0.00000000099999999980 0.00000000099999999980 0.00000000099999999980 0.00000000099999999980 
0.98581775206587229921 0.00587533426304465926 0.00830589787347812102 0.00000000099999999982 0.00000000099999999982 0.00000101179760512311 0.00000000099999999982 0.00000000099999999982 
0.90144738164169024852 0.00000000099999999973 0.07574098552025615438 0.00000000099999999973 0.02281162783805364830 0.00000000099999999973 0.00000000099999999973 0.00000000099999999973 
0.92711460836460490853 0.00000000099999999978 0.04251321847014836314 0.00000000099999999978 0.03037216816524671709 0.00000000099999999978 0.00000000099999999978 0.00000000099999999978 
0.94329916038806205236 0.00000000099999999981 0.00828986967443002230 0.00000000099999999981 0.04841096493750805807 0.00000000099999999981 0.00000000099999999981 0.00000000099999999981 
0.95725230284498585842 0.00000000099999999981 0.04268548968901308971 0.00000000099999999981 0.00006220246600122791 0.00000000099999999981 0.00000000099999999981 0.00000000099999999981 
0.90985981774389335097 0.00000000099999999973 0.09014017625610683260 0.00000000099999999973 0.00000000099999999973 0.00000000099999999973 0.00000000099999999973 0.00000000099999999973 
0.96497383271648151659 0.00000000099999999981 0.03443887486239202017 0.00000000099999999981 0.00058728742112644202 0.00000000099999999981 0.00000000099999999981 0.00000000099999999981 
0.95630287905160227258 0.00000000099999999974 0.01762517146001581908 0.00000000099999999974 0.02607194448838191098 0.00000000099999999974 0.00000000099999999974 0.00000000099999999974 
0.93732999430223207238 0.00000000099999999984 0.05138719696150619021 0.00000000099999999984 0.01128280373626198638 0.00000000099999999984 0.00000000099999999984 0.00000000099999999984 
0.95040035034083469867 0.01215916782889450362 0.02121182048769096676 0.00000000099999999980 0.01622865734257990591 0.00000000099999999980 0.00000000099999999980 0.00000000099999999980 
0.92455930798796281955 0.00000000099999999983 0.06665767601234610928 0.00000000099999999983 0.00878301099969118308 0.00000000099999999983 0.00000000099999999983 0.00000000099999999983 
0.91780151885177918558 0.00000000099999999978 0.08219847514822099799 0.00000000099999999978 0.00000000099999999978 0.00000000099999999978 0.00000000099999999978 0.00000000099999999978 
0.95816740669361044613 0.00431720857120326471 0.00000000099999999990 0.00000000099999999990 0.03751537973518644098 0.00000000099999999990 0.00000000099999999990 0.00000000099999999990 
0.93355097728473068752 0.00000000100000000000 0.03103778855506488660 0.00003088770486683962 0.00000000850257809597 0.00000045634403377729 0.00288863730345050159 0.03249124330527532883 
0.91801749011033273451 0.00000000099999999998 0.06505944210930524052 0.00000000099999999998 0.01692306278036204842 0.00000000099999999998 0.00000000099999999998 0.00000000099999999998 
0.99598992064862257312 0.00000000099999999994 0.00401007335137750290 0.00000000099999999994 0.00000000099999999994 0.00000000099999999994 0.00000000099999999994 0.00000000099999999994 
0.96896302787983479288 0.00267897735830599070 0.02835790258861150409 0.00000000099999999988 0.00000008817324780941 0.00000000099999999988 0.00000000099999999988 0.00000000099999999988 
0.93523642202164281034 0.00000000099999999991 0.00000000099999999991 0.00000000099999999991 0.06476357197835724833 0.00000000099999999991 0.00000000099999999991 0.00000000099999999991 
0.99999999300000019797 0.00000000099999999991 0.00000000099999999991 0.00000000099999999991 0.00000000099999999991 0.00000000099999999991 0.00000000099999999991 0.00000000099999999991 
0.00000000099999999975 0.00000000099999999975 0.21152548125120815281 0.00000000099999999975 0.00798136195927785612 0.78049315178951395033 0.00000000099999999975 0.00000000099999999975 
0.00000000099999999977 0.00000000099999999977 0.20167325529570928611 0.00000000099999999977 0.00000000099999999977 0.79832673870429082807 0.00000000099999999977 0.00000000099999999977 
0.00916861324141707117 0.02867921605160309029 0.13204051026928539936 0.00451704703425600401 0.00308238939488685807 0.82251131746011652002 0.00000000099999999986 0.00000090554843507834 
0.00000000099999999992 0.00000000099999999992 0.03369700506215834307 0.01033361478982587449 0.00000000099999999992 0.95596937514801572089 0.00000000099999999992 0.00000000099999999992 
0.00000000099999999980 0.00000000099999999980 0.12080115654547035620 0.00012755112513953982 0.00320621782794822379 0.87088725342862394196 0.00000000099999999980 0.00497781807281791940 
0.00000000099999999984 0.00000000099999999984 0.05695510683639762317 0.00000000099999999984 0.00738033078165674632 0.93566455738194564962 0.00000000099999999984 0.00000000099999999984 
0.00000000099999999987 0.00000000099999999987 0.07624112398298539539 0.02326205936744261266 0.00747540304416943052 0.89302140960540254966 0.00000000099999999987 0.00000000099999999987 
0.00000000099999999981 0.00000000099999999981 0.13816525414927310900 0.00000000099999999981 0.00658162551314421702 0.85525311533758274773 0.00000000099999999981 0.00000000099999999981 
0.00000000099999999980 0.03035009622856522232 0.16553315606630839008 0.00000000099999999980 0.00143882371484900257 0.80267791999027748862 0.00000000099999999980 0.00000000099999999980 
0.00000000099999999989 0.00000000099999999989 0.06709369075178552022 0.00000000099999999989 0.00000000099999999989 0.93290630324821444130 0.00000000099999999989 0.00000000099999999989 
0.00000000099999999979 0.00000000099999999979 0.12850933776856823809 0.00346236063826078130 0.00000000099999999979 0.86802829659317093380 0.00000000099999999979 0.00000000099999999979 
0.01149675608684920178 0.00000000099999999982 0.13316002987682776237 0.01613054940355436104 0.00156850864908607453 0.83574586589020583016 0.00000000099999999982 0.00189828809347685834 
0.00000000099999999979 0.00000000099999999979 0.14449566982897840695 0.00000000099999999979 0.00000000099999999979 0.85550432417102162397 0.00000000099999999979 0.00000000099999999979 
0.00000000238101176254 0.00000000099999999982 0.13212478416588468999 0.00072365754088243048 0.00000000099999999982 0.86715147006847193012 0.00000000099999999982 0.00000008284374917078 
0.00000000099999999983 0.00212737800142142035 0.16108651937662207820 0.00352913560949379059 0.00000000099999999983 0.83325696301246277020 0.00000000099999999983 0.00000000099999999983 
0.00000000099999999984 0.00000000099999999984 0.08992399961773429873 0.00000000099999999984 0.02620703073442720923 0.88386896464783848426 0.00000000099999999984 0.00000000099999999984 
0.00112047022684870685 0.00254729349155991035 0.05818985614594519851 0.01637252247648704126 0.00267680713415899361 0.91909302420478233842 0.00000000099999999989 0.00000002532021786924 
0.00000000099999999973 0.00000000099999999973 0.18637549992764423923 0.00418951191223688579 0.00000000099999999973 0.80943498316011885940 0.00000000099999999973 0.00000000099999999973 
0.00001483569855657554 0.00337164829166878600 0.11573342489058914551 0.00017998251474457953 0.02091756233913034946 0.82351625098331227015 0.00128176123073199164 0.03498453405126624588 
0.00213069473217032419 0.00000000099999999999 0.09226868842282012761 0.00000000099999999999 0.06991183940722106582 0.82022931835209400564 0.00114037809809568159 0.01431907898759882634 
0.03269737463271454869 0.00000000099999999990 0.06983238293097687732 0.00000012234184134386 0.00000000099999999990 0.87242707293041699135 0.00000000099999999990 0.02504304416405033970 
0.00882429147958890478 0.00000000100000000000 0.02376688795828105563 0.00000001348346212479 0.06618733637112858559 0.89663804163620508536 0.00458334686826817987 0.00000008120306604504 
0.07886218146251980365 0.00000000099999999999 0.07666718933663763114 0.00000000099999999999 0.05022496014322414687 0.79305082229985235376 0.00119484375776609153 0.00000000099999999999 
0.00568104961722365204 0.00616432584004929576 0.05951631100927953083 0.00000000261168181604 0.06969601013792915689 0.83456629393229164737 0.00290995220621709542 0.02146605464532793175 
0.00000000099999999996 0.00000000099999999996 0.00000000099999999996 0.00000000099999999996 0.02456322101656323656 0.96915447550394073772 0.00000000099999999996 0.00628229847949603615 
0.00773128270098543714 0.00000000100000000000 0.02600385169342184222 0.00009755709354756760 0.06574632191298082629 0.86541501061650016879 0.00221229212141194195 0.03279368286115218883 
0.00000000099999999999 0.00000000099999999999 0.07370030640762452456 0.00069702201176515812 0.05652847563987131035 0.84014198959148134183 0.00101268079884916646 0.02791952355040855024 
0.00000000099999999995 0.01479405153163029264 0.07599209754928566707 0.00000000099999999995 0.03661704564294544773 0.87259680127613847844 0.00000000099999999995 0.00000000099999999995 
0.00000000099999999992 0.00000000099999999992 0.11856823440175104367 0.00011291014127663318 0.03252831731167420137 0.84879053414529814781 0.00000000099999999992 0.00000000099999999992 
0.00105460310280650255 0.00000000099999999988 0.03773751096315609843 0.00000000099999999988 0.08735400072719556874 0.87383588284028701487 0.00000000099999999988 0.00001799936655483813 
0.00000000099999999995 0.00000000146101067659 0.08662876327137096488 0.01313391138691744932 0.06834906531485376857 0.81810328344091443054 0.00000000099999999995 0.01378497312493276450 
0.05260923817176509781 0.01907708625890026932 0.04724841042796847079 0.00000389777648600256 0.04517616638738766038 0.80024918951387147281 0.00282563280600613967 0.03281037865761485955 
0.01381759929855110557 0.00000000100000000000 0.03727753751670821736 0.00978827637459672370 0.07170326282712548294 0.84924483962245900237 0.00550646023599295036 0.01266202312456633262 
0.06853542070338344838 0.00000000099999999992 0.06289897264461852266 0.02644564913781494858 0.04483080831585174036 0.79387331682955664114 0.00000000099999999992 0.00341583036877470382 
0.00000000099999999987 0.00000000099999999987 0.00000000099999999987 0.00883168441485410877 0.09012866414514995872 0.90103964643999590045 0.00000000099999999987 0.00000000099999999987 
0.07172806509469406566 0.00000000099999999981 0.03575807951272706731 0.00012443452601609679 0.07040241025519700102 0.81846386213565225365 0.00000000099999999981 0.00352314647571370931 
0.04985332844699760790 0.00371822662365079402 0.09710572290481588043 0.00000000287433906159 0.05912650208262747870 0.79019621506756920759 0.00000000099999999995 0.00000000099999999995 
0.02640444431675137427 0.00000000100000000000 0.08484396111734909818 0.00170155963124006917 0.06220855019483629428 0.82022196001117175790 0.00110078965331022885 0.00351873407534110090 
0.04129155097946547032 0.00338328882649389625 0.07718630065013414032 0.00001376199465250699 0.00944671144489471135 0.86867013933556269656 0.00000000099999999992 0.00000824576879665228 
0.05483588230760245985 0.00000000100000000000 0.06080203238694325413 0.00000000100000000000 0.03834984537948115529 0.80676099118483768358 0.00358518743654858340 0.03566605930458679324 
0.02748134529173843280 0.00215784736019631771 0.00000000099999999997 0.00010618318229733289 0.01261781015195527836 0.95762831245446111694 0.00000000099999999997 0.00000849955935168491 
0.08943100126596220667 0.02522424255556893202 0.07631259280003209466 0.00692953209409417903 0.00449058201550385679 0.77900322408592359569 0.00082084636577587332 0.01778797881713934173 
0.10405478126207468037 0.00422574288768099576 0.06495543577499703070 0.00068586233603851752 0.01874372085151213355 0.80091040773697308452 0.00000000099999999995 0.00642404815072356462 
0.03352203738231010477 0.00000000099999999979 0.14392606592179868485 0.01134974396450037434 0.04175876757532087646 0.76565723969340782062 0.00000000099999999979 0.00378614346266208318 
0.01285695149192443015 0.00002032363774072292 0.07987459237222858943 0.01704772404568066432 0.00906372543645680810 0.82667593859619381558 0.00000000099999999986 0.05446074341977497069 
0.74351545367673455011 0.00000000099999999986 0.11763836842208745537 0.02348485583990138695 0.00000000099999999986 0.10624289508041287466 0.00000000099999999986 0.00911842398086373448 
0.61944024350354875974 0.04008613422350983807 0.14893907831794836460 0.01696310396992662534 0.01918306003964120876 0.13225238876564796020 0.00000000099999999982 0.02313599017977718136 
0.40372676102818261246 0.00796108673803550861 0.13234134300253053151 0.00647786747358714606 0.00575590546460037940 0.11414145214389319338 0.29737510658204274749 0.03222047756712790451 
0.78612529446557166679 0.00000000099999999996 0.07386799536729750371 0.03451168094945592651 0.00000000099999999996 0.08765801289299492149 0.00000000099999999996 0.01783701332468011144 
0.70342177396281679869 0.00000000099999999999 0.11447257459567558580 0.04193545285672176798 0.00000000099999999999 0.06629445123781264881 0.00000000099999999999 0.07387574434697330439 
0.45839681557075201424 0.00000000100000000000 0.09315300671481924200 0.01805084078047053051 0.00000000100000000000 0.08712460661903220771 0.31852277101138892768 0.02475195730353699913 
0.51368622778622896607 0.02533672420954578147 0.09964372435891938329 0.05522417039469895012 0.01839164597507595908 0.03799903891712008708 0.24971846735841096709 0.00000000100000000000 
0.47425946919050282480 0.00040321168095040224 0.13519062491162733841 0.02923125350436400066 0.00000001662049876635 0.09656116377240894777 0.25285850303524437521 0.01149575728440328619 
0.56135443370534043872 0.00000000100000000000 0.08998029464678398981 0.00028381680738872716 0.00000000100000000000 0.11086482208077896860 0.23751662975970794234 0.00000000100000000000 
0.54634689905366284890 0.00000000100000000000 0.16690020085875340028 0.01045889687054997984 0.00000000100000000000 0.03020099075636384703 0.23187821518956058808 0.01421479527110954336 
0.69551193235833341788 0.00000000099999999981 0.11845010392316560055 0.01943260630869680580 0.00000847649328360331 0.11103086048364271821 0.00000000099999999981 0.05556601843287795051 
0.53077995850029169311 0.00000000099999999999 0.09841412942776275874 0.03832068106739688895 0.00000000099999999999 0.02861346057360092746 0.28237026355256178434 0.02150150487838580621 
0.68016175518090771224 0.01031694089176757659 0.09163193279085032894 0.04954825927398956442 0.00000000100000000000 0.09598298359506156341 0.00575616282025218085 0.06660196444717113307 
0.47155990314850376732 0.00288903876156561051 0.14747407069614920649 0.00797308756909863130 0.00904541879574129876 0.04728455194409960510 0.30965216914233317791 0.00412175994250868483 
0.69240623797914424564 0.04618856756258941931 0.08981061010767711628 0.02108707382409208062 0.00585744687282349717 0.10643741381403536150 0.00000000099999999981 0.03821264883963820802 
0.73901475866591248565 0.00000000099999999985 0.07129177506787579000 0.01184066569289122552 0.00778645075662988406 0.11371812137330204739 0.00000000099999999985 0.05634822644338863956 
0.55773180818124856728 0.00000000592505495425 0.02962053985579667092 0.02856711170779725750 0.00005052360862886557 0.02395910341115969552 0.29762460375176974514 0.06244630355854403209 
0.66343199105993311271 0.01023057458561458383 0.19246461127220704235 0.02358404019184370121 0.00000000099999999977 0.10407139940001823575 0.00000000099999999977 0.00621738149038338420 
0.71901669398991308046 0.00325268144229955277 0.07606867007152086357 0.03784399214105414050 0.00580064119261653344 0.12760864070406049975 0.00000000099999999993 0.03040867945853546056 
0.00000000099999999994 0.00450976690891218435 0.00000000099999999994 0.00000000099999999994 0.00452280078539185094 0.99096742730569598034 0.00000000099999999994 0.00000000099999999994 
0.00000000099999999998 0.00000000099999999998 0.02070907518599245101 0.00000000099999999998 0.08540059216937426201 0.86842938540116576540 0.02546094324346746124 0.00000000099999999998 
0.00000007443180682205 0.00000000099999999983 0.08800988979273198509 0.00000000099999999983 0.01189862488479252051 0.90009140689066868823 0.00000000099999999983 0.00000000099999999983 
0.00000000099999999978 0.00000000099999999978 0.16085104802120051004 0.00000000099999999978 0.00000000099999999978 0.83914894597879952087 0.00000000099999999978 0.00000000099999999978 
0.00000000099999999999 0.00000000099999999999 0.05981164065485399667 0.00000000099999999999 0.00232400833227940692 0.80006831300348957292 0.13779603400937687208 0.00000000099999999999 
0.00000000099999999986 0.00000000099999999986 0.16598435734583869006 0.00000000099999999986 0.00684580451475132450 0.82716983313940994904 0.00000000099999999986 0.00000000099999999986 
0.00000000099999999980 0.00000000099999999980 0.22798447742767374846 0.00000000099999999980 0.00000000099999999980 0.77201551657232636572 0.00000000099999999980 0.00000000099999999980 
0.00000000099999999964 0.00000000099999999964 0.21485021207988197478 0.00000000099999999964 0.00000000099999999964 0.78514978192011808389 0.00000000099999999964 0.00000000099999999964 
0.00000000099999999975 0.00000000099999999975 0.14858306199220028265 0.00000000099999999975 0.00143836086930641707 0.84997857213849348224 0.00000000099999999975 0.00000000099999999975 
0.00000000099999999975 0.00000000099999999975 0.13933603429234053817 0.00000000099999999975 0.01410910297178839465 0.84655485773587113574 0.00000000099999999975 0.00000000099999999975 
0.00000000099999999974 0.00000000099999999974 0.16209580470865631030 0.00000000099999999974 0.00000000099999999974 0.83790418929134358184 0.00000000099999999974 0.00000000099999999974 
0.00000000099999999968 0.00000000099999999968 0.17445687959685068913 0.00000000099999999968 0.00000000099999999968 0.82554311440314931403 0.00000000099999999968 0.00000000099999999968 
0.00000158618933766038 0.00000000099999999983 0.06410355211796603392 0.00000000099999999983 0.01007884666601623416 0.92194071960608947602 0.00000000099999999983 0.00387529242059068404 
0.00829831685083112086 0.00000000099999999988 0.02050801825881075346 0.00000008871967931257 0.00000000099999999988 0.97119357217067880939 0.00000000099999999988 0.00000000099999999988 
0.00000000099999999977 0.00000000099999999977 0.18905565699637030819 0.00000000099999999977 0.00000000099999999977 0.81094433700362977824 0.00000000099999999977 0.00000000099999999977 
0.00000000099999999999 0.00000000099999999999 0.02896583539861492460 0.00000000099999999999 0.00000000099999999999 0.96543331465911119693 0.00558609196531194979 0.00001475397696192428 
0.00000000099999999990 0.00000000099999999990 0.00000000099999999990 0.00000000099999999990 0.04948395700327671426 0.95051603699672326808 0.00000000099999999990 0.00000000099999999990 
0.00000000099999999985 0.00329757516375129124 0.07406066236586070217 0.00000000099999999985 0.01714348660421917761 0.90549827186616882457 0.00000000099999999985 0.00000000099999999985 
0.00000000099999999989 0.00000000099999999989 0.00956133224559439082 0.00000000099999999989 0.01210645887309297342 0.97833220388131258982 0.00000000099999999989 0.00000000099999999989 
0.00000000099999999973 0.00000000099999999973 0.12240223963317202471 0.00000000099999999973 0.00000000099999999973 0.87759775436682796457 0.00000000099999999973 0.00000000099999999973 
0.00000000099999999985 0.00000000099999999985 0.01205223794660882815 0.00000008596545307834 0.00000000099999999985 0.98794767108793812849 0.00000000099999999985 0.00000000099999999985 
0.00000000099999999991 0.00000004374195762945 0.05735982045356688430 0.00719248710761389784 0.04764760469156949924 0.84487350329676957905 0.00000000099999999991 0.04292653870852260883 
0.00848255822991549058 0.00003521488103487465 0.00000000100000000000 0.00000000100000000000 0.04211677778954276558 0.94527965999901542027 0.00408578610049154401 0.00000000100000000000 
0.00000000099999999982 0.00000000099999999982 0.05685583955653470550 0.00000000099999999982 0.01193465262555379845 0.92413124699606286061 0.00000000099999999982 0.00707825682184872341 
0.00000000099999999984 0.00000000099999999984 0.10885029094200643351 0.00000000099999999984 0.00000033336361758176 0.89114937069437594186 0.00000000099999999984 0.00000000099999999984 
0.00000000099999999970 0.00000000099999999970 0.17958068939993690472 0.00000000099999999970 0.00000000099999999970 0.82041930460006307069 0.00000000099999999970 0.00000000099999999970 
0.00000009908604038987 0.03578632423537279200 0.05103402804464984149 0.00000000099999999980 0.00000000099999999980 0.91317954463393691267 0.00000000099999999980 0.00000000099999999980 
0.00000000099999999985 0.00000000099999999985 0.03801189126788662859 0.00884156426253772734 0.03162709388501037944 0.92151944658456519388 0.00000000099999999985 0.00000000099999999985 
0.00000000099999999987 0.00002311405662671442 0.06641182953189518623 0.00000000099999999987 0.01338952176790745782 0.89493340792623488067 0.00000000099999999987 0.02524212371733575155 
0.00536934202694668017 0.00000000099999999993 0.01219338778057384685 0.00000000099999999993 0.08438759871556740511 0.89804966747691206130 0.00000000099999999993 0.00000000099999999993 
0.00000000099999999993 0.00000000099999999993 0.04499712427683625476 0.00000000099999999993 0.02246050706336188627 0.93254236365980192058 0.00000000099999999993 0.00000000099999999993 
0.00000000099999999989 0.00000000216112937776 0.00000000099999999989 0.00000000099999999989 0.00000000099999999989 0.99999999183887056109 0.00000000099999999989 0.00000000099999999989 
0.01057478785219946420 0.03073931965283318440 0.01690338895077093950 0.00000000099999999995 0.05330008620246819845 0.88848241434172825493 0.00000000099999999995 0.00000000099999999995 
0.00554313073915651926 0.01737464682457424275 0.20027118209782024394 0.00000000099999999985 0.00000000099999999985 0.77681103633844894585 0.00000000099999999985 0.00000000099999999985 
0.00000552847718026264 0.00000000099999999999 0.01715431192114720213 0.00000000099999999999 0.00000000099999999999 0.97950771885557441632 0.00333243674609805772 0.00000000099999999999 
0.00000000099999999998 0.00000000099999999998 0.11963107472535651488 0.00073663883652632636 0.00000000099999999998 0.87818182173893732934 0.00145046069917985528 0.00000000099999999998 
0.00000000099999999999 0.00000000099999999999 0.03298172949171722379 0.00000000099999999999 0.01396817400646670725 0.88638285173101538650 0.00666322765207665556 0.06000401411872401808 
0.00000000099999999999 0.00000000099999999999 0.08782148365104307242 0.00000000099999999999 0.00478283554030602825 0.89946967488426865511 0.00563941871649310637 0.00228658420788919580 
0.00000000100000000000 0.00000000100000000000 0.01783870440266539098 0.00691052915004174585 0.02065477394243725104 0.95295962612992635155 0.00163636258291289887 0.00000000179201620392 
0.02618410826980982140 0.00000000099999999990 0.00000000099999999990 0.04201640581234349081 0.02461043733901131098 0.90718904457883531300 0.00000000099999999990 0.00000000099999999990 
0.00000000099999999990 0.00000000099999999990 0.04429346034670677418 0.00000003034829923609 0.00804922365592240091 0.94765728164907170328 0.00000000099999999990 0.00000000099999999990 
0.01765526075512218601 0.00000000099999999984 0.07351673385409018824 0.00000064385967980501 0.04427288902855078256 0.86455446950255709915 0.00000000099999999984 0.00000000099999999984 
0.00228550224729172965 0.00000000099999999996 0.09427702994635768496 0.00402794247881247281 0.00173237136893805493 0.85547950574057207707 0.00000000099999999996 0.04219764621802805232 
0.00000000099999999978 0.00018704636171006447 0.11543103628149235795 0.00000051616470648620 0.00000000099999999978 0.87872144985428801700 0.00000000099999999978 0.00565994833780299363 
0.00000000099999999994 0.00000000099999999994 0.07856642526689514017 0.00593311064975961949 0.00294979400149331062 0.84784702292372859933 0.00000000099999999994 0.06470364415812326908 
0.00598502852340220340 0.00000000099999999990 0.01936768860589527588 0.00702948797188148941 0.07292322875322493347 0.89469456314559625554 0.00000000099999999990 0.00000000099999999990 
0.00000000099999999995 0.00000000099999999995 0.01937285162259765742 0.01523565853479770353 0.04351545909144045876 0.91268619277031637349 0.00000000099999999995 0.00918983498084797491 
0.00973609519744009395 0.00000000181682522023 0.00000000099999999996 0.00384158943073544760 0.00000000252660664000 0.95952561305746930653 0.00000000099999999996 0.02689669597092329834 
0.00000000100000000000 0.00399126521351026407 0.04182975834734484893 0.00000000100000000000 0.00000000100000000000 0.93077334949859269475 0.00162234495408530160 0.02178327898646684191 
0.00000000099999999991 0.02924310249955833912 0.00958834018447044835 0.05156364572829577608 0.02529832596746006343 0.88430652306269641461 0.00000000099999999991 0.00000006055751905804 
0.01441586678880447427 0.00000000099999999990 0.05032730565689055857 0.00692529433640723564 0.00000000099999999990 0.92833152921789774403 0.00000000099999999990 0.00000000099999999990 
0.06369221828475292446 0.00000000099999999987 0.00318924141693155026 0.00000000099999999987 0.03227961868978300453 0.89964899936405662295 0.00000000099999999987 0.00118991924447578944 
0.00000000099999999994 0.00127313422588404995 0.01211382816803716761 0.01441431903881441531 0.00000000099999999994 0.97219871456726436598 0.00000000099999999994 0.00000000099999999994 
0.00000000099999999986 0.00000000099999999986 0.05073426543332629907 0.00000000099999999986 0.00000000099999999986 0.94926572856667379430 0.00000000099999999986 0.00000000099999999986 
0.00000000099999999980 0.00115384073803323885 0.10388434525051662427 0.00000000099999999980 0.00000000099999999980 0.89496180901145017117 0.00000000099999999980 0.00000000099999999980 
0.00000000099999999980 0.00000000099999999980 0.18454922168757484369 0.00000115154295680818 0.00000000099999999980 0.81544962176946844679 0.00000000099999999980 0.00000000099999999980 
0.00000000099999999993 0.00000000099999999993 0.00000000099999999993 0.00000000099999999993 0.02976407940971078844 0.97023591459028912798 0.00000000099999999993 0.00000000099999999993 
0.00000000099999999984 0.02761171450069519612 0.06684897180385367121 0.00000000099999999984 0.00000000099999999984 0.90091119251495710429 0.00000000099999999984 0.00462811718049418574 
0.01129908515986769585 0.00000000099999999990 0.06560448354698730777 0.00000000099999999990 0.00000000099999999990 0.92051725696591635284 0.00000000099999999990 0.00257917032722870853 
0.00000000099999999993 0.00000000099999999993 0.00000000099999999993 0.00000000099999999993 0.00064795577830975538 0.99935203822169027532 0.00000000099999999993 0.00000000099999999993 
0.05095608142803800811 0.00000024325299256522 0.00000000100000000000 0.00003184588620688047 0.01574389510131670583 0.91896676257150133882 0.00304955290301442764 0.01125161785693016073 
0.00891110718769412904 0.00000000099999999997 0.05817928182455164854 0.00000000099999999997 0.00000183547035138755 0.93290742915553004355 0.00000000099999999997 0.00000034336187289636 
0.00000000099999999995 0.00000000099999999995 0.00000000099999999995 0.00000040336201296942 0.00000000099999999995 0.99999959063798693482 0.00000000099999999995 0.00000000099999999995 
0.00000000463466556772 0.00593837212036038217 0.08538322164275130577 0.00000000099999999995 0.01275964985241253430 0.89591874874981014543 0.00000000099999999995 0.00000000099999999995 
0.01019731135304560721 0.00000069069148113331 0.00000000099999999996 0.00000000099999999996 0.02208845409919497557 0.96770875505823295004 0.00000000099999999996 0.00000478579804535676 
0.00000000099999999999 0.00000000757438028709 0.00000000099999999999 0.00000000099999999999 0.00079170793538082434 0.99108269441105090181 0.00812558607918784787 0.00000000099999999999 
0.00744621581375762981 0.00000000099999999999 0.01760563050636338930 0.00000000163732885032 0.02949678747723724626 0.94243299824300286183 0.00301836432231001673 0.00000000099999999999 
0.00237832175670295472 0.00000000099999999999 0.07881650988894871313 0.00869966775901295959 0.00000000099999999999 0.89534503499701545426 0.00000000099999999999 0.01476046259832008122 
0.01173158968974712460 0.00000000099999999999 0.05606540754186146308 0.00000000099999999999 0.00849039217447950662 0.92138466117282935564 0.00232794642108261236 0.00000000099999999999 
0.01168988368349749285 0.00000000099999999999 0.08822601654868003629 0.00000000099999999999 0.01042243657529577823 0.88754716503344621703 0.00211449515908052792 0.00000000099999999999 
0.00000000099999999990 0.00000000099999999990 0.03874674859154283307 0.00352857456943829906 0.00004486632975913206 0.95767980650925965680 0.00000000099999999990 0.00000000099999999990 
0.00000000099999999977 0.01986627299896032497 0.16591143364244170799 0.00000000099999999977 0.00000000099999999977 0.81422228835859811191 0.00000000099999999977 0.00000000099999999977 
0.00000000099999999986 0.00000000099999999986 0.17105023189619039670 0.00283498447902054591 0.00000000099999999986 0.82611477862478910339 0.00000000099999999986 0.00000000099999999986 
0.00000000099999999987 0.00000000099999999987 0.24204606051943472478 0.00387564646850401375 0.00786752695237785682 0.74620419604306731376 0.00000000099999999987 0.00000656701661604684 
0.02120782281579667791 0.00072958410142597561 0.13859301265240686618 0.00000000099999999989 0.00948986734842682464 0.81860565400520113322 0.00000000099999999989 0.01137405707674251330 
0.00000000099999999994 0.00214314307444159408 0.17051736561340916087 0.00000000099999999994 0.00000036567100428047 0.82733912164114509213 0.00000000099999999994 0.00000000099999999994 
0.00000000100000000000 0.00000000100000000000 0.08215759430409597108 0.00003639822637486414 0.00001751206534307396 0.88514903448492787685 0.00378038000020545443 0.02885907891905264630 
0.00000000099999999990 0.00000000099999999990 0.06385425666575961223 0.00000000099999999990 0.00000000099999999990 0.93614573733424033541 0.00000000099999999990 0.00000000099999999990 
0.00000000100000000000 0.00000120480428672657 0.06407717549846986271 0.02509275479092819977 0.00000000100000000000 0.87680140485758306657 0.00525320123709856028 0.02877425681163362989 
0.00000000100000000000 0.00000000100000000000 0.01013521847437138731 0.05381278925968162319 0.00135020298608312423 0.93257869001379012364 0.00212309626607363761 0.00000000100000000000 
