   1:   0.0000  1.0000  0.0000  0.0000  0.0000  1
   2:   0.0000  1.0000  0.0000  0.0000  0.0000  1
   3:   0.0000  1.0000  0.0000  0.0000  0.0000  1
   4:   0.0000  1.0000  0.0000  0.0000  0.0000  1
   5:   0.0000  1.0000  0.0000  0.0000  0.0000  1
   6:   0.0000  1.0000  0.0000  0.0000  0.0000  1
   7:   0.0000  1.0000  0.0000  0.0000  0.0000  1
   8:   0.0000  1.0000  0.0000  0.0000  0.0000  1
   9:   0.0000  1.0000  0.0000  0.0000  0.0000  1
  10:   0.0000  1.0000  0.0000  0.0000  0.0000  1
  11:   0.0000  1.0000  0.0000  0.0000  0.0000  1
  12:   0.0000  1.0000  0.0000  0.0000  0.0000  1
  13:   0.0000  1.0000  0.0000  0.0000  0.0000  1
  14:   0.0000  1.0000  0.0000  0.0000  0.0000  1
  15:   0.0000  1.0000  0.0000  0.0000  0.0000  1
  16:   0.0000  1.0000  0.0000  0.0000  0.0000  1
  17:   0.0000  1.0000  0.0000  0.0000  0.0000  1
  18:   0.0000  1.0000  0.0000  0.0000  0.0000  1
  19:   0.0000  1.0000  0.0000  0.0000  0.0000  1
  20:   0.0000  1.0000  0.0000  0.0000  0.0000  1
  21:   0.0000  1.0000  0.0000  0.0000  0.0000  1
  22:   0.0000  1.0000  0.0000  0.0000  0.0000  1
  23:   0.0000  1.0000  0.0000  0.0000  0.0000  1
  24:   0.0000  1.0000  0.0000  0.0000  0.0000  1
  25:   0.0000  1.0000  0.0000  0.0000  0.0000  1
  26:   0.0000  1.0000  0.0000  0.0000  0.0000  1
  27:   0.0000  1.0000  0.0000  0.0000  0.0000  1
  28:   0.0000  1.0000  0.0000  0.0000  0.0000  1
  29:   0.0000  1.0000  0.0000  0.0000  0.0000  1
  30:   0.0000  1.0000  0.0000  0.0000  0.0000  1
  31:   0.0000  1.0000  0.0000  0.0000  0.0000  1
  32:   0.0000  1.0000  0.0000  0.0000  0.0000  1
  33:   0.0000  1.0000  0.0000  0.0000  0.0000  1
  34:   0.0000  1.0000  0.0000  0.0000  0.0000  1
  35:   0.0000  1.0000  0.0000  0.0000  0.0000  1
  36:   0.0000  1.0000  0.0000  0.0000  0.0000  1
  37:   0.0000  1.0000  0.0000  0.0000  0.0000  1
  38:   0.0000  1.0000  0.0000  0.0000  0.0000  1
  39:   0.0000  1.0000  0.0000  0.0000  0.0000  1
  40:   0.0000  1.0000  0.0000  0.0000  0.0000  1
  41:   0.0000  1.0000  0.0000  0.0000  0.0000  1
  42:   0.0000  1.0000  0.0000  0.0000  0.0000  1
  43:   0.0000  1.0000  0.0000  0.0000  0.0000  1
  44:   0.0000  1.0000  0.0000  0.0000  0.0000  1
  45:   0.0000  1.0000  0.0000  0.0000  0.0000  1
  46:   0.0000  1.0000  0.0000  0.0000  0.0000  1
  47:   0.0000  1.0000  0.0000  0.0000  0.0000  1
  48:   0.0000  1.0000  0.0000  0.0000  0.0000  1
  49:   0.0000  1.0000  0.0000  0.0000  0.0000  1
  50:   0.0000  1.0000  0.0000  0.0000  0.0000  1
  51:   0.0000  1.0000  0.0000  0.0000  0.0000  1
  52:   0.6811  0.0000  0.0000  0.0000  0.3189  1
  53:   0.6743  0.0000  0.0000  0.0000  0.3257  1
  54:   0.6593  0.0000  0.0000  0.0000  0.3407  1
  55:   0.6913  0.0000  0.0000  0.0000  0.3087  1
  56:   0.6834  0.0000  0.0000  0.0000  0.3166  1
  57:   0.6808  0.0000  0.0000  0.0000  0.3192  1
  58:   0.6925  0.0000  0.0000  0.0000  0.3075  1
  59:   0.6939  0.0000  0.0000  0.0000  0.3061  1
  60:   0.6927  0.0000  0.0000  0.0000  0.3073  1
  61:   0.6766  0.0000  0.0000  0.0047  0.3187  1
  62:   0.6724  0.0000  0.0000  0.0000  0.3276  1
  63:   0.6856  0.0000  0.0000  0.0000  0.3144  1
  64:   0.6799  0.0000  0.0000  0.0047  0.3154  1
  65:   0.6822  0.0000  0.0000  0.0000  0.3178  1
  66:   0.6899  0.0000  0.0000  0.0000  0.3101  1
  67:   0.6841  0.0000  0.0000  0.0000  0.3159  1
  68:   0.6685  0.0000  0.0000  0.0000  0.3315  1
  69:   0.6615  0.0003  0.0000  0.0000  0.3382  1
  70:   0.6720  0.0000  0.0000  0.0000  0.3280  1
  71:   0.6775  0.0000  0.0000  0.0000  0.3225  1
  72:   0.6966  0.0000  0.0000  0.0000  0.3034  1
  73:   0.6835  0.0000  0.0000  0.0000  0.3165  1
  74:   0.6672  0.0000  0.0000  0.0000  0.3328  1
  75:   0.6765  0.0000  0.0000  0.0000  0.3235  1
  76:   0.6653  0.0000  0.0000  0.0000  0.3347  1
  77:   0.6867  0.0000  0.0000  0.0000  0.3133  1
  78:   0.6755  0.0000  0.0000  0.0000  0.3245  1
  79:   0.6727  0.0004  0.0000  0.0047  0.3222  1
  80:   0.6881  0.0001  0.0004  0.0003  0.3111  1
  81:   0.6708  0.0000  0.0000  0.0000  0.3292  1
  82:   0.6934  0.0000  0.0000  0.0000  0.3066  1
  83:   0.6697  0.0018  0.0019  0.0004  0.3262  1
  84:   0.6534  0.0001  0.0000  0.0000  0.3466  1
  85:   0.6833  0.0003  0.0000  0.0000  0.3164  1
  86:   0.6826  0.0000  0.0000  0.0000  0.3174  1
  87:   0.6910  0.0000  0.0000  0.0000  0.3090  1
  88:   0.6709  0.0005  0.0000  0.0000  0.3286  1
  89:   0.6730  0.0000  0.0000  0.0000  0.3270  1
  90:   0.6675  0.0000  0.0000  0.0000  0.3325  1
  91:   0.6799  0.0000  0.0000  0.0011  0.3190  1
  92:   0.6731  0.0000  0.0000  0.0000  0.3269  1
  93:   0.6772  0.0012  0.0000  0.0000  0.3216  1
  94:   0.6815  0.0000  0.0000  0.0000  0.3185  1
  95:   0.6742  0.0000  0.0000  0.0000  0.3258  1
  96:   0.6875  0.0000  0.0000  0.0000  0.3125  1
  97:   0.6699  0.0000  0.0000  0.0000  0.3301  1
  98:   0.6820  0.0000  0.0000  0.0000  0.3180  1
  99:   0.6605  0.0000  0.0000  0.0007  0.3388  1
 100:   0.6808  0.0000  0.0000  0.0000  0.3192  1
 101:   0.6650  0.0000  0.0000  0.0000  0.3350  1
 102:   0.6956  0.0000  0.0000  0.0000  0.3044  1
 103:   0.6644  0.0000  0.0000  0.0000  0.3356  1
 104:   0.6656  0.0005  0.0000  0.0000  0.3339  1
 105:   0.6777  0.0006  0.0000  0.0000  0.3217  1
 106:   0.6906  0.0007  0.0000  0.0000  0.3088  1
 107:   0.6930  0.0000  0.0000  0.0000  0.3070  1
 108:   0.6874  0.0000  0.0000  0.0000  0.3126  1
 109:   0.6705  0.0015  0.0000  0.0000  0.3281  1
 110:   0.6823  0.0000  0.0000  0.0000  0.3177  1
 111:   0.6749  0.0000  0.0000  0.0000  0.3251  1
 112:   0.6702  0.0000  0.0000  0.0000  0.3298  1
 113:   0.6591  0.0003  0.0000  0.0005  0.3401  1
 114:   0.6670  0.0016  0.0000  0.0000  0.3314  1
 115:   0.6570  0.0011  0.0000  0.0000  0.3418  1
 116:   0.6856  0.0001  0.0000  0.0000  0.3143  1
 117:   0.6491  0.0009  0.0000  0.0001  0.3498  1
 118:   0.6897  0.0040  0.0026  0.0031  0.3006  1
 119:   0.6841  0.0017  0.0006  0.0035  0.3102  1
 120:   0.6794  0.0007  0.0006  0.0023  0.3170  1
 121:   0.6700  0.0001  0.0016  0.0004  0.3278  1
 122:   0.6731  0.0033  0.0006  0.0009  0.3222  1
 123:   0.6825  0.0022  0.0012  0.0013  0.3129  1
 124:   0.9971  0.0000  0.0000  0.0000  0.0029  1
 125:   1.0000  0.0000  0.0000  0.0000  0.0000  1
 126:   0.9942  0.0000  0.0000  0.0000  0.0058  1
 127:   1.0000  0.0000  0.0000  0.0000  0.0000  1
 128:   1.0000  0.0000  0.0000  0.0000  0.0000  1
 129:   1.0000  0.0000  0.0000  0.0000  0.0000  1
 130:   0.9988  0.0000  0.0000  0.0000  0.0012  1
 131:   0.9973  0.0000  0.0000  0.0000  0.0027  1
 132:   0.9994  0.0000  0.0000  0.0000  0.0006  1
 133:   0.9994  0.0006  0.0000  0.0000  0.0000  1
 134:   0.9991  0.0000  0.0000  0.0000  0.0009  1
 135:   0.9926  0.0000  0.0000  0.0000  0.0074  1
 136:   1.0000  0.0000  0.0000  0.0000  0.0000  1
 137:   0.9963  0.0000  0.0000  0.0000  0.0037  1
 138:   0.9983  0.0012  0.0000  0.0000  0.0006  1
 139:   0.9910  0.0000  0.0000  0.0000  0.0090  1
 140:   0.9937  0.0000  0.0000  0.0000  0.0063  1
 141:   1.0000  0.0000  0.0000  0.0000  0.0000  1
 142:   0.9858  0.0004  0.0000  0.0018  0.0121  1
 143:   0.9800  0.0000  0.0010  0.0003  0.0187  1
 144:   0.9843  0.0000  0.0000  0.0000  0.0157  1
 145:   0.9772  0.0011  0.0041  0.0021  0.0154  1
 146:   0.9599  0.0000  0.0017  0.0009  0.0375  1
 147:   0.9717  0.0000  0.0004  0.0029  0.0250  1
 148:   0.9928  0.0001  0.0000  0.0011  0.0060  1
 149:   0.9740  0.0000  0.0000  0.0026  0.0234  1
 150:   0.9781  0.0000  0.0016  0.0009  0.0193  1
 151:   0.9890  0.0000  0.0019  0.0000  0.0091  1
 152:   0.9914  0.0002  0.0014  0.0000  0.0070  1
 153:   0.9822  0.0000  0.0000  0.0000  0.0178  1
 154:   0.9839  0.0000  0.0028  0.0000  0.0133  1
 155:   0.9634  0.0004  0.0026  0.0015  0.0321  1
 156:   0.9687  0.0000  0.0048  0.0028  0.0236  1
 157:   0.9848  0.0000  0.0000  0.0000  0.0152  1
 158:   0.9800  0.0000  0.0000  0.0000  0.0200  1
 159:   0.9663  0.0000  0.0000  0.0000  0.0337  1
 160:   0.9737  0.0000  0.0006  0.0000  0.0256  1
 161:   0.9354  0.0031  0.0040  0.0000  0.0575  1
 162:   0.9163  0.0002  0.0029  0.0005  0.0801  1
 163:   0.8875  0.0058  0.0128  0.0030  0.0908  1
 164:   0.9710  0.0060  0.0000  0.0000  0.0230  1
 165:   0.9277  0.0000  0.0108  0.0052  0.0564  1
 166:   0.8392  0.0000  0.0011  0.0000  0.1597  1
 167:   0.9886  0.0005  0.0000  0.0000  0.0109  1
 168:   0.8728  0.0111  0.0000  0.0000  0.1161  1
 169:   0.9569  0.0156  0.0000  0.0000  0.0275  1
 170:   0.9864  0.0018  0.0000  0.0000  0.0118  1
 171:   0.9674  0.0080  0.0000  0.0000  0.0246  1
 172:   0.9676  0.0018  0.0000  0.0000  0.0305  1
 173:   0.9768  0.0000  0.0000  0.0000  0.0232  1
 174:   0.9864  0.0000  0.0000  0.0000  0.0136  1
 175:   0.7607  0.0000  0.0002  0.0009  0.2383  1
 176:   0.7779  0.0012  0.0000  0.0000  0.2209  1
 177:   0.5524  0.0000  0.0263  0.2587  0.1625  1
 178:   0.7553  0.0045  0.0003  0.0022  0.2377  1
 179:   0.7563  0.0021  0.0000  0.0025  0.2390  1
 180:   0.5245  0.0000  0.0255  0.2808  0.1692  1
 181:   0.5683  0.0000  0.0196  0.2190  0.1932  1
 182:   0.5900  0.0004  0.0093  0.2333  0.1670  1
 183:   0.6027  0.0047  0.0000  0.2309  0.1617  1
 184:   0.5945  0.0028  0.0002  0.2216  0.1809  1
 185:   0.7660  0.0000  0.0000  0.0000  0.2340  1
 186:   0.5501  0.0040  0.0015  0.2735  0.1708  1
 187:   0.7548  0.0065  0.0000  0.0051  0.2336  1
 188:   0.5298  0.0033  0.0110  0.2842  0.1717  1
 189:   0.7572  0.0026  0.0000  0.0000  0.2403  1
 190:   0.7600  0.0000  0.0000  0.0000  0.2400  1
 191:   0.5232  0.0102  0.0049  0.2863  0.1753  1
 192:   0.7710  0.0006  0.0000  0.0000  0.2284  1
 193:   0.7638  0.0000  0.0000  0.0020  0.2342  1
 194:   0.9370  0.0000  0.0060  0.0000  0.0571  1
 195:   0.8982  0.0000  0.0457  0.0220  0.0340  1
 196:   0.9725  0.0000  0.0038  0.0000  0.0237  1
 197:   0.9956  0.0000  0.0029  0.0000  0.0016  1
 198:   0.9572  0.0000  0.0000  0.0257  0.0171  1
 199:   1.0000  0.0000  0.0000  0.0000  0.0000  1
 200:   0.9989  0.0000  0.0011  0.0000  0.0000  1
 201:   0.8314  0.0039  0.0812  0.0836  0.0000  1
 202:   0.9984  0.0000  0.0016  0.0000  0.0000  1
 203:   0.9984  0.0000  0.0016  0.0000  0.0000  1
 204:   1.0000  0.0000  0.0000  0.0000  0.0000  1
 205:   0.9998  0.0000  0.0000  0.0000  0.0002  1
 206:   0.9997  0.0000  0.0000  0.0000  0.0003  1
 207:   1.0000  0.0000  0.0000  0.0000  0.0000  1
 208:   1.0000  0.0000  0.0000  0.0000  0.0000  1
 209:   0.9960  0.0000  0.0000  0.0000  0.0040  1
 210:   0.9987  0.0004  0.0000  0.0000  0.0009  1
 211:   0.9975  0.0000  0.0000  0.0000  0.0025  1
 212:   0.9925  0.0000  0.0030  0.0044  0.0000  1
 213:   0.9900  0.0001  0.0000  0.0000  0.0099  1
 214:   0.9981  0.0000  0.0000  0.0000  0.0019  1
 215:   0.9972  0.0000  0.0003  0.0000  0.0025  1
 216:   1.0000  0.0000  0.0000  0.0000  0.0000  1
 217:   1.0000  0.0000  0.0000  0.0000  0.0000  1
 218:   0.9915  0.0000  0.0006  0.0000  0.0079  1
 219:   0.9815  0.0000  0.0036  0.0023  0.0127  1
 220:   0.9971  0.0000  0.0000  0.0000  0.0029  1
 221:   0.9981  0.0000  0.0000  0.0000  0.0019  1
 222:   1.0000  0.0000  0.0000  0.0000  0.0000  1
 223:   0.9987  0.0000  0.0000  0.0000  0.0013  1
 224:   0.9930  0.0000  0.0000  0.0000  0.0070  1
 225:   0.9978  0.0000  0.0000  0.0000  0.0022  1
 226:   0.9752  0.0020  0.0000  0.0000  0.0227  1
 227:   0.9942  0.0007  0.0016  0.0000  0.0035  1
 228:   0.9994  0.0000  0.0006  0.0000  0.0000  1
 229:   0.9773  0.0000  0.0012  0.0002  0.0213  1
 230:   0.9963  0.0007  0.0010  0.0000  0.0019  1
 231:   0.9926  0.0015  0.0043  0.0016  0.0000  1
 232:   0.9979  0.0000  0.0000  0.0020  0.0000  1
 233:   0.9821  0.0036  0.0087  0.0022  0.0034  1
 234:   0.9916  0.0000  0.0053  0.0031  0.0000  1
 235:   0.9961  0.0000  0.0030  0.0008  0.0000  1
 236:   0.9970  0.0000  0.0000  0.0000  0.0030  1
 237:   0.9938  0.0000  0.0000  0.0000  0.0062  1
 238:   0.9876  0.0000  0.0000  0.0000  0.0124  1
 239:   0.9951  0.0018  0.0029  0.0001  0.0001  1
 240:   0.9986  0.0000  0.0000  0.0000  0.0013  1
 241:   0.9949  0.0010  0.0037  0.0000  0.0005  1
 242:   0.9553  0.0028  0.0000  0.0000  0.0419  1
 243:   0.9785  0.0000  0.0000  0.0000  0.0215  1
 244:   0.9961  0.0000  0.0015  0.0000  0.0024  1
 245:   0.9998  0.0001  0.0000  0.0000  0.0001  1
 246:   0.9893  0.0022  0.0001  0.0003  0.0082  1
 247:   0.9890  0.0028  0.0033  0.0009  0.0041  1
 248:   0.9939  0.0000  0.0000  0.0000  0.0061  1
 249:   0.9986  0.0000  0.0000  0.0000  0.0014  1
 250:   0.9809  0.0000  0.0000  0.0000  0.0191  1
 251:   0.9979  0.0021  0.0000  0.0000  0.0000  1
 252:   1.0000  0.0000  0.0000  0.0000  0.0000  1
 253:   1.0000  0.0000  0.0000  0.0000  0.0000  1
 254:   0.9810  0.0000  0.0092  0.0019  0.0079  1
 255:   1.0000  0.0000  0.0000  0.0000  0.0000  1
 256:   0.9951  0.0000  0.0012  0.0000  0.0036  1
 257:   0.9981  0.0000  0.0000  0.0000  0.0019  1
 258:   0.9957  0.0000  0.0015  0.0000  0.0028  1
 259:   0.9971  0.0000  0.0012  0.0003  0.0015  1
 260:   0.9826  0.0031  0.0031  0.0014  0.0097  1
 261:   0.9974  0.0000  0.0000  0.0013  0.0013  1
 262:   1.0000  0.0000  0.0000  0.0000  0.0000  1
 263:   0.9967  0.0000  0.0007  0.0005  0.0020  1
 264:   0.9946  0.0000  0.0000  0.0006  0.0047  1
 265:   0.9892  0.0000  0.0000  0.0000  0.0108  1
 266:   0.9963  0.0019  0.0000  0.0000  0.0018  1
 267:   0.9913  0.0000  0.0000  0.0085  0.0002  1
 268:   0.9943  0.0012  0.0003  0.0028  0.0014  1
 269:   0.9884  0.0042  0.0001  0.0004  0.0068  1
 270:   0.9369  0.0059  0.0018  0.0105  0.0449  1
 271:   0.9914  0.0000  0.0030  0.0011  0.0045  1
 272:   0.9886  0.0000  0.0000  0.0026  0.0089  1
 273:   0.9996  0.0004  0.0000  0.0000  0.0000  1
 274:   1.0000  0.0000  0.0000  0.0000  0.0000  1
 275:   0.9990  0.0010  0.0000  0.0000  0.0000  1
 276:   0.9959  0.0000  0.0007  0.0000  0.0034  1
 277:   0.9885  0.0002  0.0000  0.0000  0.0113  1
 278:   0.9984  0.0000  0.0012  0.0004  0.0000  1
 279:   0.9894  0.0000  0.0064  0.0008  0.0033  1
 280:   0.9994  0.0003  0.0000  0.0003  0.0000  1
 281:   0.9880  0.0007  0.0055  0.0022  0.0035  1
 282:   0.9946  0.0007  0.0022  0.0007  0.0018  1
 283:   0.9912  0.0023  0.0029  0.0036  0.0000  1
 284:   0.9827  0.0086  0.0087  0.0000  0.0000  1
 285:   0.9796  0.0004  0.0102  0.0060  0.0038  1
 286:   0.9933  0.0000  0.0010  0.0000  0.0057  1
 287:   0.9995  0.0000  0.0000  0.0000  0.0005  1
 288:   0.9962  0.0006  0.0000  0.0000  0.0032  1
 289:   0.9959  0.0038  0.0000  0.0000  0.0002  1
 290:   0.9952  0.0000  0.0000  0.0000  0.0048  1
 291:   0.9870  0.0020  0.0000  0.0000  0.0110  1
 292:   0.9962  0.0000  0.0000  0.0000  0.0038  1
 293:   0.9983  0.0000  0.0000  0.0000  0.0017  1
 294:   0.9992  0.0000  0.0000  0.0000  0.0008  1
 295:   0.9954  0.0000  0.0000  0.0000  0.0046  1
 296:   0.9965  0.0000  0.0000  0.0000  0.0035  1
 297:   0.9661  0.0000  0.0000  0.0000  0.0339  1
 298:   0.9894  0.0023  0.0000  0.0000  0.0083  1
 299:   0.9982  0.0000  0.0000  0.0000  0.0018  1
 300:   0.9731  0.0000  0.0000  0.0007  0.0263  1
 301:   1.0000  0.0000  0.0000  0.0000  0.0000  1
 302:   0.9889  0.0005  0.0019  0.0048  0.0039  1
 303:   0.9886  0.0000  0.0000  0.0073  0.0041  1
 304:   0.9984  0.0000  0.0003  0.0007  0.0006  1
 305:   0.9979  0.0000  0.0000  0.0021  0.0000  1
 306:   1.0000  0.0000  0.0000  0.0000  0.0000  1
 307:   0.9950  0.0000  0.0000  0.0000  0.0050  1
 308:   0.9999  0.0001  0.0000  0.0000  0.0000  1
 309:   0.9943  0.0000  0.0000  0.0000  0.0057  1
 310:   1.0000  0.0000  0.0000  0.0000  0.0000  1
 311:   0.9941  0.0000  0.0000  0.0000  0.0059  1
 312:   0.9985  0.0000  0.0000  0.0000  0.0015  1
 313:   0.9751  0.0003  0.0013  0.0008  0.0225  1
 314:   0.9936  0.0000  0.0000  0.0000  0.0064  1
 315:   0.9999  0.0001  0.0000  0.0000  0.0000  1
 316:   0.9947  0.0000  0.0000  0.0000  0.0053  1
 317:   0.9977  0.0000  0.0000  0.0000  0.0023  1
 318:   1.0000  0.0000  0.0000  0.0000  0.0000  1
 319:   0.9994  0.0000  0.0002  0.0000  0.0004  1
 320:   1.0000  0.0000  0.0000  0.0000  0.0000  1
 321:   0.9983  0.0000  0.0000  0.0000  0.0017  1
 322:   1.0000  0.0000  0.0000  0.0000  0.0000  1
 323:   0.9991  0.0000  0.0000  0.0000  0.0009  1
 324:   1.0000  0.0000  0.0000  0.0000  0.0000  1
 325:   0.9902  0.0008  0.0000  0.0021  0.0069  1
 326:   0.9953  0.0002  0.0000  0.0016  0.0029  1
 327:   0.9952  0.0000  0.0005  0.0010  0.0033  1
 328:   0.9963  0.0003  0.0000  0.0000  0.0034  1
 329:   0.9975  0.0000  0.0000  0.0000  0.0025  1
 330:   0.9941  0.0000  0.0000  0.0000  0.0059  1
 331:   0.9943  0.0000  0.0000  0.0000  0.0057  1
 332:   1.0000  0.0000  0.0000  0.0000  0.0000  1
 333:   0.9964  0.0000  0.0000  0.0000  0.0036  1
 334:   0.9902  0.0000  0.0000  0.0000  0.0098  1
 335:   1.0000  0.0000  0.0000  0.0000  0.0000  1
 336:   0.9988  0.0000  0.0000  0.0000  0.0012  1
 337:   0.9987  0.0000  0.0000  0.0000  0.0013  1
 338:   0.9955  0.0000  0.0000  0.0000  0.0045  1
 339:   1.0000  0.0000  0.0000  0.0000  0.0000  1
 340:   0.9952  0.0000  0.0000  0.0000  0.0048  1
 341:   1.0000  0.0000  0.0000  0.0000  0.0000  1
 342:   0.9926  0.0000  0.0000  0.0000  0.0074  1
 343:   1.0000  0.0000  0.0000  0.0000  0.0000  1
 344:   0.9993  0.0000  0.0000  0.0000  0.0007  1
 345:   0.9999  0.0000  0.0000  0.0000  0.0001  1
 346:   0.9988  0.0000  0.0000  0.0000  0.0012  1
 347:   1.0000  0.0000  0.0000  0.0000  0.0000  1
 348:   0.9974  0.0000  0.0000  0.0000  0.0026  1
 349:   0.9978  0.0000  0.0000  0.0000  0.0022  1
 350:   0.9917  0.0000  0.0021  0.0027  0.0035  1
 351:   0.9760  0.0000  0.0000  0.0064  0.0175  1
 352:   0.9996  0.0000  0.0004  0.0000  0.0000  1
 353:   0.9835  0.0000  0.0027  0.0011  0.0128  1
 354:   0.9935  0.0008  0.0003  0.0042  0.0013  1
 355:   0.9934  0.0000  0.0041  0.0025  0.0000  1
 356:   0.9976  0.0000  0.0011  0.0006  0.0007  1
 357:   0.9991  0.0000  0.0009  0.0000  0.0000  1
 358:   0.9721  0.0000  0.0024  0.0015  0.0240  1
 359:   0.9957  0.0000  0.0017  0.0013  0.0013  1
 360:   0.9994  0.0000  0.0000  0.0000  0.0006  1
 361:   0.9885  0.0007  0.0000  0.0061  0.0047  1
 362:   0.9931  0.0001  0.0025  0.0015  0.0028  1
 363:   0.7501  0.0000  0.0018  0.0000  0.2481  1
 364:   0.8095  0.0070  0.0001  0.0000  0.1834  1
 365:   0.8517  0.0028  0.0037  0.0017  0.1401  1
 366:   0.9957  0.0000  0.0000  0.0000  0.0043  1
 367:   0.9942  0.0001  0.0000  0.0000  0.0057  1
 368:   0.9957  0.0000  0.0000  0.0000  0.0043  1
 369:   0.9990  0.0000  0.0000  0.0000  0.0010  1
 370:   0.9839  0.0000  0.0062  0.0044  0.0056  1
 371:   0.9971  0.0008  0.0000  0.0000  0.0022  1
 372:   0.9945  0.0000  0.0010  0.0005  0.0041  1
 373:   0.9980  0.0000  0.0000  0.0000  0.0020  1
 374:   0.9981  0.0000  0.0000  0.0000  0.0019  1
 375:   0.9975  0.0000  0.0000  0.0000  0.0025  1
 376:   0.9980  0.0000  0.0000  0.0000  0.0020  1
 377:   0.9901  0.0087  0.0000  0.0000  0.0013  1
 378:   0.9977  0.0023  0.0000  0.0000  0.0000  1
 379:   0.9924  0.0076  0.0000  0.0000  0.0000  1
 380:   0.9992  0.0000  0.0000  0.0000  0.0008  1
 381:   1.0000  0.0000  0.0000  0.0000  0.0000  1
 382:   0.9875  0.0113  0.0000  0.0000  0.0012  1
 383:   1.0000  0.0000  0.0000  0.0000  0.0000  1
 384:   1.0000  0.0000  0.0000  0.0000  0.0000  1
 385:   0.9996  0.0004  0.0000  0.0000  0.0000  1
 386:   0.9867  0.0000  0.0000  0.0000  0.0133  1
 387:   0.9909  0.0000  0.0000  0.0000  0.0091  1
 388:   0.9952  0.0000  0.0023  0.0000  0.0025  1
 389:   0.9953  0.0000  0.0000  0.0000  0.0047  1
 390:   1.0000  0.0000  0.0000  0.0000  0.0000  1
 391:   0.9979  0.0000  0.0000  0.0000  0.0021  1
 392:   0.9945  0.0000  0.0023  0.0000  0.0032  1
 393:   1.0000  0.0000  0.0000  0.0000  0.0000  1
 394:   0.9992  0.0000  0.0000  0.0000  0.0008  1
 395:   0.9964  0.0000  0.0000  0.0000  0.0036  1
 396:   1.0000  0.0000  0.0000  0.0000  0.0000  1
 397:   0.9990  0.0000  0.0000  0.0000  0.0010  1
 398:   1.0000  0.0000  0.0000  0.0000  0.0000  1
 399:   0.9966  0.0000  0.0000  0.0000  0.0034  1
 400:   1.0000  0.0000  0.0000  0.0000  0.0000  1
 401:   0.9848  0.0000  0.0000  0.0000  0.0152  1
 402:   0.9967  0.0000  0.0000  0.0000  0.0033  1
 403:   0.9957  0.0010  0.0000  0.0000  0.0033  1
 404:   0.9992  0.0000  0.0000  0.0000  0.0008  1
 405:   0.9878  0.0007  0.0000  0.0000  0.0115  1
 406:   0.9965  0.0000  0.0000  0.0000  0.0035  1
 407:   0.9990  0.0000  0.0000  0.0000  0.0010  1
 408:   1.0000  0.0000  0.0000  0.0000  0.0000  1
 409:   0.9980  0.0000  0.0000  0.0000  0.0020  1
 410:   0.9854  0.0000  0.0000  0.0000  0.0146  1
 411:   1.0000  0.0000  0.0000  0.0000  0.0000  1
 412:   0.9936  0.0000  0.0000  0.0000  0.0064  1
 413:   0.9952  0.0000  0.0000  0.0041  0.0007  1
 414:   1.0000  0.0000  0.0000  0.0000  0.0000  1
 415:   1.0000  0.0000  0.0000  0.0000  0.0000  1
 416:   1.0000  0.0000  0.0000  0.0000  0.0000  1
 417:   0.9969  0.0013  0.0000  0.0013  0.0005  1
 418:   0.9984  0.0000  0.0009  0.0005  0.0003  1
 419:   1.0000  0.0000  0.0000  0.0000  0.0000  1
 420:   1.0000  0.0000  0.0000  0.0000  0.0000  1
 421:   1.0000  0.0000  0.0000  0.0000  0.0000  1
 422:   1.0000  0.0000  0.0000  0.0000  0.0000  1
 423:   0.9995  0.0000  0.0005  0.0000  0.0000  1
 424:   0.9995  0.0000  0.0005  0.0000  0.0000  1
 425:   0.9997  0.0003  0.0000  0.0000  0.0000  1
 426:   0.9997  0.0000  0.0003  0.0000  0.0000  1
 427:   0.9977  0.0000  0.0004  0.0006  0.0014  1
 428:   1.0000  0.0000  0.0000  0.0000  0.0000  1
 429:   0.9966  0.0001  0.0000  0.0033  0.0000  1
 430:   0.9958  0.0000  0.0000  0.0023  0.0019  1
 431:   0.9978  0.0000  0.0001  0.0021  0.0000  1
 432:   0.9945  0.0000  0.0000  0.0000  0.0055  1
 433:   0.9962  0.0000  0.0000  0.0000  0.0038  1
 434:   0.9898  0.0000  0.0000  0.0000  0.0102  1
 435:   0.9973  0.0000  0.0000  0.0000  0.0027  1
 436:   1.0000  0.0000  0.0000  0.0000  0.0000  1
 437:   0.9969  0.0000  0.0000  0.0000  0.0031  1
 438:   0.9978  0.0000  0.0001  0.0021  0.0000  1
 439:   0.7931  0.0001  0.0000  0.0000  0.2068  1
 440:   0.7967  0.0009  0.0010  0.0002  0.2012  1
 441:   0.7953  0.0031  0.0004  0.0006  0.2006  1
 442:   0.7877  0.0000  0.0004  0.0000  0.2120  1
 443:   0.8043  0.0000  0.0052  0.0021  0.1884  1
 444:   0.7959  0.0000  0.0033  0.0024  0.1984  1
 445:   0.7997  0.0000  0.0000  0.0000  0.2003  1
 446:   0.7940  0.0000  0.0003  0.0000  0.2057  1
 447:   0.7917  0.0011  0.0006  0.0000  0.2066  1
 448:   0.7757  0.0000  0.0082  0.0018  0.2142  1
 449:   0.7758  0.0015  0.0000  0.0054  0.2173  1
 450:   0.3118  0.0018  0.0196  0.5620  0.1048  1
 451:   0.3731  0.0003  0.0146  0.5030  0.1090  1
 452:   0.3300  0.0000  0.0000  0.5885  0.0815  1
 453:   0.3259  0.0000  0.0674  0.5091  0.0976  1
 454:   0.4366  0.0000  0.2838  0.1720  0.1076  1
 455:   0.3691  0.0363  0.0000  0.4996  0.0949  1
 456:   0.3337  0.0390  0.0000  0.5225  0.1048  1
 457:   0.4156  0.0044  0.0162  0.4333  0.1304  1
 458:   0.2766  0.0138  0.0202  0.5983  0.0911  1
 459:   0.7640  0.0028  0.0299  0.0098  0.1935  1
 460:   0.7952  0.0000  0.0000  0.0000  0.2048  1
 461:   0.7952  0.0000  0.0000  0.0000  0.2048  1
 462:   0.8064  0.0000  0.0003  0.0000  0.1933  1
 463:   0.7978  0.0000  0.0005  0.0000  0.2017  1
 464:   0.7974  0.0000  0.0000  0.0000  0.2026  1
 465:   0.7010  0.0034  0.0000  0.0000  0.2956  1
 466:   0.8197  0.0000  0.0071  0.0007  0.1725  1
 467:   0.7834  0.0008  0.0010  0.0000  0.2148  1
 468:   0.7924  0.0005  0.0012  0.0000  0.2059  1
 469:   0.7735  0.0028  0.0008  0.0000  0.2229  1
 470:   0.7897  0.0009  0.0005  0.0000  0.2089  1
 471:   0.7982  0.0000  0.0000  0.0000  0.2018  1
 472:   0.8000  0.0000  0.0000  0.0000  0.2000  1
 473:   0.8000  0.0000  0.0000  0.0000  0.2000  1
 474:   0.7386  0.0058  0.0313  0.0363  0.1880  1
 475:   0.7514  0.0019  0.0318  0.0236  0.1914  1
 476:   0.7538  0.0000  0.0393  0.0153  0.1916  1
 477:   0.7943  0.0000  0.0043  0.0002  0.2011  1
 478:   0.9906  0.0000  0.0000  0.0000  0.0094  1
 479:   0.9542  0.0000  0.0268  0.0100  0.0090  1
 480:   0.9811  0.0015  0.0079  0.0030  0.0065  1
 481:   0.9894  0.0000  0.0041  0.0025  0.0040  1
 482:   0.9819  0.0005  0.0032  0.0012  0.0133  1
 483:   0.9945  0.0000  0.0033  0.0020  0.0002  1
 484:   0.9665  0.0000  0.0178  0.0090  0.0068  1
 485:   0.9926  0.0010  0.0014  0.0000  0.0050  1
 486:   0.9992  0.0008  0.0000  0.0000  0.0000  1
 487:   0.9660  0.0000  0.0256  0.0057  0.0027  1
 488:   0.9969  0.0000  0.0000  0.0000  0.0031  1
 489:   0.9957  0.0000  0.0000  0.0000  0.0043  1
 490:   0.9509  0.0001  0.0116  0.0004  0.0370  1
 491:   0.9926  0.0000  0.0053  0.0020  0.0000  1
 492:   0.9776  0.0008  0.0073  0.0045  0.0098  1
 493:   0.9722  0.0013  0.0054  0.0028  0.0184  1
 494:   0.9951  0.0017  0.0000  0.0032  0.0000  1
 495:   0.9953  0.0012  0.0021  0.0000  0.0013  1
 496:   0.9957  0.0000  0.0007  0.0031  0.0006  1
 497:   0.9930  0.0002  0.0003  0.0052  0.0013  1
 498:   0.9994  0.0005  0.0000  0.0000  0.0001  1
 499:   1.0000  0.0000  0.0000  0.0000  0.0000  1
 500:   0.9908  0.0000  0.0000  0.0000  0.0092  1
 501:   0.9698  0.0000  0.0000  0.0000  0.0302  1
 502:   0.9920  0.0023  0.0001  0.0000  0.0056  1
 503:   0.9877  0.0000  0.0000  0.0000  0.0123  1
 504:   0.9946  0.0003  0.0000  0.0000  0.0051  1
 505:   0.9973  0.0000  0.0000  0.0000  0.0027  1
 506:   0.9815  0.0001  0.0000  0.0000  0.0184  1
 507:   0.9954  0.0000  0.0000  0.0000  0.0046  1
 508:   0.9940  0.0000  0.0000  0.0000  0.0060  1
 509:   0.9981  0.0000  0.0000  0.0000  0.0019  1
 510:   0.9986  0.0000  0.0000  0.0000  0.0014  1
 511:   0.9802  0.0000  0.0000  0.0000  0.0198  1
 512:   0.9784  0.0000  0.0016  0.0000  0.0199  1
 513:   0.9477  0.0003  0.0006  0.0011  0.0503  1
 514:   0.9290  0.0068  0.0015  0.0000  0.0627  1
 515:   0.8915  0.0000  0.0000  0.0041  0.1044  1
 516:   0.9366  0.0000  0.0011  0.0000  0.0623  1
 517:   0.9857  0.0000  0.0000  0.0000  0.0143  1
 518:   0.9850  0.0000  0.0000  0.0000  0.0150  1
 519:   0.9823  0.0000  0.0000  0.0000  0.0177  1
 520:   0.8876  0.0000  0.0035  0.0000  0.1088  1
 521:   0.9758  0.0006  0.0001  0.0000  0.0235  1
 522:   0.9046  0.0156  0.0068  0.0004  0.0726  1
 523:   0.9535  0.0000  0.0010  0.0001  0.0454  1
 524:   0.9628  0.0000  0.0000  0.0000  0.0372  1
 525:   0.9967  0.0032  0.0000  0.0000  0.0001  1
 526:   0.9850  0.0000  0.0000  0.0000  0.0150  1
 527:   0.9670  0.0000  0.0010  0.0003  0.0317  1
 528:   0.9570  0.0000  0.0000  0.0000  0.0430  1
 529:   0.9785  0.0001  0.0000  0.0030  0.0184  1
 530:   0.9873  0.0000  0.0000  0.0000  0.0127  1
 531:   0.9934  0.0000  0.0000  0.0000  0.0066  1
 532:   0.9787  0.0000  0.0000  0.0000  0.0213  1
 533:   0.9969  0.0000  0.0000  0.0000  0.0031  1
 534:   0.9978  0.0000  0.0003  0.0000  0.0019  1
 535:   0.9813  0.0000  0.0000  0.0111  0.0076  1
 536:   0.9887  0.0004  0.0016  0.0019  0.0074  1
 537:   0.9992  0.0000  0.0000  0.0000  0.0008  1
 538:   0.9982  0.0000  0.0000  0.0000  0.0018  1
 539:   0.9993  0.0000  0.0000  0.0000  0.0007  1
 540:   0.9977  0.0000  0.0000  0.0000  0.0023  1
 541:   0.9943  0.0000  0.0000  0.0000  0.0057  1
 542:   0.9907  0.0000  0.0000  0.0000  0.0093  1
 543:   0.9949  0.0000  0.0000  0.0000  0.0051  1
 544:   0.9964  0.0000  0.0006  0.0000  0.0030  1
 545:   0.9958  0.0000  0.0004  0.0000  0.0037  1
 546:   0.9975  0.0000  0.0000  0.0000  0.0025  1
 547:   0.9961  0.0006  0.0014  0.0001  0.0018  1
 548:   1.0000  0.0000  0.0000  0.0000  0.0000  1
 549:   1.0000  0.0000  0.0000  0.0000  0.0000  1
 550:   0.6587  0.0002  0.0000  0.0057  0.3353  1
 551:   0.8246  0.0000  0.0000  0.0000  0.1754  1
 552:   0.8035  0.0000  0.0008  0.0000  0.1958  1
 553:   0.6390  0.0046  0.0000  0.1072  0.2492  1
 554:   0.8356  0.0000  0.0013  0.0000  0.1631  1
 555:   0.7091  0.0005  0.0000  0.0000  0.2904  1
 556:   0.7193  0.0005  0.0000  0.0000  0.2801  1
 557:   0.7152  0.0001  0.0000  0.0000  0.2848  1
 558:   0.6956  0.0017  0.0003  0.0000  0.3024  1
 559:   0.7138  0.0012  0.0000  0.0000  0.2851  1
 560:   0.7010  0.0019  0.0000  0.0000  0.2971  1
 561:   0.7168  0.0000  0.0000  0.0000  0.2832  1
 562:   0.7074  0.0000  0.0000  0.0000  0.2926  1
 563:   0.7161  0.0000  0.0000  0.0000  0.2839  1
 564:   0.6951  0.0000  0.0000  0.0000  0.3049  1
 565:   0.7076  0.0000  0.0001  0.0000  0.2923  1
 566:   0.6900  0.0009  0.0000  0.0000  0.3091  1
 567:   0.7006  0.0000  0.0005  0.0000  0.2989  1
 568:   0.7065  0.0000  0.0000  0.0000  0.2935  1
 569:   0.6716  0.0000  0.0000  0.0000  0.3284  1
 570:   0.6807  0.0000  0.0000  0.0000  0.3193  1
 571:   0.6857  0.0017  0.0000  0.0000  0.3127  1
 572:   0.6992  0.0015  0.0003  0.0000  0.2989  1
 573:   0.6799  0.0005  0.0006  0.0000  0.3190  1
 574:   0.7087  0.0000  0.0000  0.0000  0.2913  1
 575:   0.7868  0.0000  0.0000  0.0000  0.2132  1
 576:   0.7904  0.0000  0.0000  0.0000  0.2096  1
 577:   0.8000  0.0000  0.0000  0.0000  0.2000  1
 578:   0.7878  0.0000  0.0000  0.0000  0.2122  1
 579:   0.7941  0.0000  0.0000  0.0000  0.2059  1
 580:   0.8000  0.0000  0.0000  0.0000  0.2000  1
 581:   0.7953  0.0005  0.0000  0.0000  0.2042  1
 582:   0.7907  0.0000  0.0000  0.0000  0.2093  1
 583:   0.7946  0.0000  0.0002  0.0013  0.2039  1
 584:   0.7926  0.0000  0.0000  0.0000  0.2074  1
 585:   0.7948  0.0000  0.0000  0.0000  0.2052  1
 586:   0.7953  0.0000  0.0000  0.0000  0.2047  1
 587:   0.8000  0.0000  0.0000  0.0000  0.2000  1
 588:   0.7931  0.0000  0.0000  0.0000  0.2069  1
 589:   0.7843  0.0010  0.0000  0.0000  0.2146  1
 590:   0.7974  0.0000  0.0000  0.0000  0.2026  1
 591:   0.7911  0.0000  0.0000  0.0000  0.2089  1
 592:   0.7923  0.0000  0.0000  0.0000  0.2077  1
 593:   0.7908  0.0000  0.0002  0.0000  0.2090  1
 594:   0.7968  0.0000  0.0000  0.0000  0.2032  1
 595:   0.8000  0.0000  0.0000  0.0000  0.2000  1
 596:   0.7882  0.0002  0.0000  0.0000  0.2116  1
 597:   0.7852  0.0000  0.0000  0.0000  0.2148  1
 598:   0.7894  0.0000  0.0000  0.0000  0.2106  1
 599:   0.7769  0.0000  0.0000  0.0000  0.2231  1
 600:   0.7944  0.0000  0.0000  0.0000  0.2056  1
 601:   0.7973  0.0000  0.0003  0.0000  0.2024  1
 602:   0.7973  0.0000  0.0000  0.0000  0.2027  1
 603:   0.7916  0.0000  0.0000  0.0000  0.2084  1
 604:   0.8137  0.0000  0.0000  0.0000  0.1863  1
 605:   0.7942  0.0004  0.0003  0.0048  0.2003  1
 606:   0.7975  0.0000  0.0004  0.0000  0.2021  1
 607:   0.7990  0.0006  0.0000  0.0000  0.2004  1
 608:   0.7400  0.0573  0.0015  0.0004  0.2007  1
 609:   0.7572  0.0779  0.0053  0.0007  0.1588  1
 610:   0.7559  0.0689  0.0059  0.0003  0.1690  1
 611:   0.7248  0.0838  0.0012  0.0000  0.1901  1
 612:   0.7441  0.0666  0.0007  0.0054  0.1832  1
 613:   0.7368  0.0553  0.0002  0.0072  0.2005  1
 614:   0.7170  0.0590  0.0111  0.0023  0.2106  1
 615:   0.7138  0.0648  0.0125  0.0007  0.2083  1
 616:   0.7409  0.0473  0.0036  0.0018  0.2064  1
 617:   0.7046  0.0781  0.0139  0.0003  0.2031  1
 618:   0.7267  0.0608  0.0039  0.0029  0.2058  1
 619:   0.6928  0.0000  0.0620  0.0000  0.2452  1
 620:   0.6723  0.0000  0.0747  0.0000  0.2530  1
 621:   0.7155  0.0000  0.0463  0.0000  0.2383  1
 622:   0.6362  0.0000  0.0789  0.0000  0.2849  1
 623:   0.7025  0.0000  0.0567  0.0000  0.2408  1
 624:   0.7103  0.0000  0.0515  0.0000  0.2383  1
 625:   0.6590  0.0000  0.0818  0.0000  0.2592  1
 626:   0.7034  0.0000  0.0554  0.0000  0.2412  1
 627:   0.6859  0.0000  0.0669  0.0000  0.2472  1
 628:   0.7282  0.0000  0.0407  0.0000  0.2310  1
 629:   0.7194  0.0000  0.0460  0.0000  0.2346  1
 630:   0.6881  0.0000  0.0609  0.0000  0.2511  1
 631:   0.6918  0.0000  0.0633  0.0000  0.2449  1
 632:   0.7459  0.0000  0.0306  0.0000  0.2236  1
 633:   0.7322  0.0000  0.0322  0.0000  0.2356  1
 634:   0.9845  0.0000  0.0016  0.0000  0.0139  1
 635:   0.9876  0.0000  0.0014  0.0000  0.0110  1
 636:   0.9938  0.0000  0.0000  0.0000  0.0062  1
 637:   0.9872  0.0009  0.0019  0.0002  0.0098  1
 638:   0.9813  0.0001  0.0079  0.0004  0.0104  1
 639:   0.9648  0.0000  0.0000  0.0000  0.0352  1
 640:   0.9906  0.0000  0.0000  0.0000  0.0094  1
 641:   0.9756  0.0000  0.0064  0.0014  0.0166  1
 642:   0.9880  0.0000  0.0000  0.0000  0.0119  1
 643:   0.9768  0.0000  0.0069  0.0013  0.0151  1
 644:   0.9617  0.0000  0.0025  0.0000  0.0358  1
 645:   0.9692  0.0000  0.0110  0.0027  0.0171  1
 646:   0.9757  0.0000  0.0000  0.0000  0.0243  1
 647:   0.9599  0.0005  0.0063  0.0003  0.0330  1
 648:   0.9802  0.0000  0.0018  0.0000  0.0180  1
 649:   0.9855  0.0007  0.0076  0.0004  0.0058  1
 650:   0.9749  0.0013  0.0009  0.0000  0.0228  1
 651:   0.9436  0.0000  0.0209  0.0006  0.0349  1
 652:   0.7978  0.0002  0.0000  0.0000  0.2021  1
 653:   0.8000  0.0000  0.0000  0.0000  0.2000  1
 654:   0.7950  0.0000  0.0000  0.0000  0.2050  1
 655:   0.7925  0.0000  0.0000  0.0000  0.2075  1
 656:   0.7892  0.0000  0.0000  0.0000  0.2108  1
 657:   0.7922  0.0000  0.0000  0.0000  0.2078  1
 658:   0.7802  0.0000  0.0000  0.0000  0.2198  1
 659:   0.8000  0.0000  0.0000  0.0000  0.2000  1
 660:   0.7975  0.0000  0.0000  0.0000  0.2025  1
 661:   0.7908  0.0000  0.0000  0.0038  0.2054  1
 662:   0.7885  0.0000  0.0000  0.0042  0.2073  1
 663:   0.7906  0.0000  0.0000  0.0083  0.2011  1
 664:   0.8025  0.0000  0.0000  0.0000  0.1975  1
 665:   0.7986  0.0009  0.0005  0.0000  0.2000  1
 666:   0.7896  0.0001  0.0001  0.0040  0.2061  1
 667:   0.7924  0.0000  0.0060  0.0002  0.2015  1
 668:   0.7982  0.0003  0.0005  0.0000  0.2009  1
 669:   0.7955  0.0000  0.0001  0.0035  0.2009  1
 670:   0.7912  0.0000  0.0010  0.0000  0.2078  1
 671:   0.7942  0.0000  0.0013  0.0025  0.2020  1
 672:   0.7955  0.0006  0.0000  0.0000  0.2039  1
 673:   0.7959  0.0005  0.0002  0.0000  0.2034  1
 674:   0.7974  0.0000  0.0008  0.0000  0.2018  1
 675:   0.7976  0.0000  0.0012  0.0015  0.1997  1
 676:   0.7905  0.0005  0.0014  0.0057  0.2018  1
 677:   0.8000  0.0000  0.0000  0.0000  0.2000  1
 678:   0.7867  0.0000  0.0000  0.0000  0.2133  1
 679:   0.7938  0.0000  0.0000  0.0000  0.2062  1
 680:   0.7873  0.0000  0.0000  0.0000  0.2127  1
 681:   0.7981  0.0000  0.0000  0.0000  0.2019  1
 682:   0.7962  0.0000  0.0003  0.0000  0.2035  1
 683:   0.7909  0.0000  0.0000  0.0000  0.2091  1
 684:   0.7947  0.0000  0.0000  0.0000  0.2053  1
 685:   0.8000  0.0000  0.0000  0.0000  0.2000  1
 686:   0.7936  0.0000  0.0000  0.0000  0.2064  1
 687:   0.0068  0.0130  0.0000  0.9783  0.0019  1
 688:   0.0137  0.0086  0.0000  0.9742  0.0036  1
 689:   0.0222  0.0184  0.0000  0.9590  0.0003  1
 690:   0.0411  0.0059  0.0000  0.9498  0.0032  1
 691:   0.0180  0.0034  0.0000  0.9746  0.0040  1
 692:   0.0136  0.0093  0.0000  0.9735  0.0036  1
 693:   0.1211  0.0253  0.0000  0.8255  0.0281  1
 694:   0.0421  0.0218  0.0000  0.9319  0.0041  1
 695:   0.0164  0.0044  0.0000  0.9760  0.0032  1
 696:   0.0365  0.0066  0.0000  0.9557  0.0011  1
 697:   0.0335  0.0164  0.0000  0.9417  0.0084  1
 698:   0.0324  0.0202  0.0000  0.9473  0.0000  1
 699:   0.0101  0.0064  0.0000  0.9809  0.0026  1
 700:   0.0189  0.0040  0.0000  0.9760  0.0012  1
 701:   0.0354  0.0016  0.0000  0.9601  0.0029  1
 702:   0.0195  0.0241  0.0000  0.9444  0.0119  1
 703:   0.0111  0.0121  0.0000  0.9739  0.0028  1
 704:   0.0108  0.0065  0.0000  0.9822  0.0004  1
 705:   0.0152  0.0093  0.0000  0.9716  0.0039  1
 706:   0.0247  0.0039  0.0000  0.9648  0.0066  1
 707:   0.9000  0.0000  0.0000  0.0000  0.1000  1
 708:   0.9008  0.0000  0.0000  0.0000  0.0992  1
 709:   0.9063  0.0000  0.0000  0.0000  0.0937  1
 710:   0.9057  0.0000  0.0000  0.0000  0.0943  1
 711:   0.9000  0.0000  0.0000  0.0000  0.1000  1
 712:   0.9063  0.0000  0.0000  0.0000  0.0937  1
 713:   0.9001  0.0000  0.0000  0.0000  0.0999  1
 714:   0.9017  0.0000  0.0000  0.0000  0.0983  1
 715:   0.9007  0.0000  0.0000  0.0000  0.0993  1
 716:   0.9036  0.0000  0.0000  0.0000  0.0964  1
 717:   0.9012  0.0000  0.0000  0.0000  0.0988  1
 718:   0.9000  0.0000  0.0000  0.0000  0.1000  1
 719:   0.9006  0.0000  0.0000  0.0000  0.0994  1
 720:   0.9080  0.0000  0.0000  0.0000  0.0920  1
 721:   0.9000  0.0000  0.0000  0.0000  0.1000  1
 722:   0.9013  0.0000  0.0000  0.0000  0.0987  1
 723:   0.9035  0.0000  0.0000  0.0000  0.0965  1
 724:   0.9029  0.0000  0.0000  0.0000  0.0971  1
 725:   0.9031  0.0000  0.0000  0.0000  0.0969  1
 726:   0.9013  0.0000  0.0000  0.0000  0.0987  1
 727:   0.9002  0.0000  0.0000  0.0000  0.0998  1
 728:   0.8977  0.0000  0.0000  0.0000  0.1023  1
 729:   0.8938  0.0000  0.0000  0.0000  0.1062  1
 730:   0.8921  0.0000  0.0000  0.0000  0.1079  1
 731:   0.8946  0.0000  0.0000  0.0000  0.1054  1
 732:   0.8966  0.0000  0.0000  0.0000  0.1034  1
 733:   0.8911  0.0000  0.0000  0.0000  0.1089  1
 734:   0.8803  0.0000  0.0000  0.0000  0.1197  1
 735:   0.9000  0.0000  0.0000  0.0000  0.1000  1
 736:   0.9000  0.0000  0.0000  0.0000  0.1000  1
 737:   0.8938  0.0000  0.0000  0.0000  0.1062  1
 738:   0.8899  0.0000  0.0000  0.0000  0.1101  1
 739:   0.8973  0.0000  0.0000  0.0000  0.1027  1
 740:   0.8989  0.0000  0.0000  0.0000  0.1011  1
 741:   0.9008  0.0000  0.0000  0.0000  0.0992  1
 742:   0.8972  0.0000  0.0000  0.0000  0.1028  1
 743:   0.8880  0.0003  0.0013  0.0006  0.1098  1
 744:   0.9000  0.0000  0.0000  0.0000  0.1000  1
 745:   0.8803  0.0006  0.0000  0.0027  0.1163  1
 746:   0.8955  0.0000  0.0000  0.0000  0.1045  1
 747:   0.8921  0.0000  0.0000  0.0000  0.1079  1
 748:   0.8985  0.0000  0.0000  0.0000  0.1015  1
 749:   0.8979  0.0000  0.0000  0.0000  0.1021  1
 750:   0.8945  0.0000  0.0000  0.0000  0.1055  1
 751:   0.8984  0.0000  0.0000  0.0000  0.1016  1
 752:   0.8947  0.0000  0.0000  0.0000  0.1053  1
 753:   0.8858  0.0000  0.0000  0.0000  0.1142  1
 754:   0.9042  0.0006  0.0000  0.0025  0.0928  1
 755:   0.8920  0.0000  0.0000  0.0000  0.1080  1
 756:   0.8968  0.0000  0.0000  0.0000  0.1032  1
 757:   0.9030  0.0000  0.0000  0.0000  0.0970  1
 758:   0.8863  0.0003  0.0000  0.0000  0.1134  1
 759:   0.9016  0.0000  0.0000  0.0000  0.0984  1
 760:   0.9020  0.0000  0.0004  0.0000  0.0976  1
 761:   0.9068  0.0000  0.0000  0.0000  0.0932  1
 762:   0.9047  0.0000  0.0000  0.0000  0.0953  1
 763:   0.9267  0.0000  0.0000  0.0000  0.0733  1
 764:   0.9009  0.0000  0.0000  0.0000  0.0991  1
 765:   0.9079  0.0000  0.0000  0.0000  0.0921  1
 766:   0.9142  0.0000  0.0000  0.0000  0.0858  1
 767:   0.9022  0.0006  0.0000  0.0000  0.0973  1
 768:   0.8929  0.0000  0.0000  0.0000  0.1071  1
 769:   0.8942  0.0000  0.0001  0.0000  0.1057  1
 770:   0.9011  0.0000  0.0000  0.0000  0.0989  1
 771:   0.9050  0.0000  0.0000  0.0000  0.0950  1
 772:   0.9053  0.0000  0.0000  0.0000  0.0947  1
 773:   0.9090  0.0000  0.0000  0.0000  0.0910  1
 774:   0.9030  0.0000  0.0000  0.0000  0.0970  1
 775:   0.9085  0.0000  0.0000  0.0000  0.0915  1
 776:   0.9087  0.0000  0.0000  0.0000  0.0913  1
 777:   0.9062  0.0000  0.0000  0.0000  0.0938  1
 778:   0.9400  0.0000  0.0020  0.0000  0.0580  1
 779:   0.9781  0.0000  0.0000  0.0000  0.0219  1
 780:   0.9968  0.0000  0.0000  0.0000  0.0032  1
 781:   0.9873  0.0000  0.0000  0.0000  0.0127  1
 782:   1.0000  0.0000  0.0000  0.0000  0.0000  1
 783:   0.9846  0.0047  0.0000  0.0000  0.0106  1
 784:   0.9993  0.0000  0.0000  0.0000  0.0007  1
 785:   0.9898  0.0037  0.0000  0.0000  0.0065  1
 786:   0.9952  0.0001  0.0046  0.0001  0.0000  1
 787:   0.9986  0.0000  0.0000  0.0000  0.0014  1
 788:   0.9831  0.0000  0.0000  0.0012  0.0157  1
 789:   1.0000  0.0000  0.0000  0.0000  0.0000  1
 790:   0.9791  0.0018  0.0000  0.0000  0.0191  1
 791:   0.9965  0.0000  0.0000  0.0000  0.0035  1
 792:   0.9951  0.0005  0.0001  0.0000  0.0043  1
 793:   0.9954  0.0000  0.0000  0.0000  0.0046  1
 794:   0.9974  0.0000  0.0000  0.0000  0.0026  1
 795:   0.9859  0.0000  0.0000  0.0012  0.0130  1
 796:   0.9831  0.0000  0.0035  0.0021  0.0112  1
 797:   0.9974  0.0000  0.0000  0.0018  0.0008  1
 798:   1.0000  0.0000  0.0000  0.0000  0.0000  1
 799:   1.0000  0.0000  0.0000  0.0000  0.0000  1
 800:   0.9999  0.0000  0.0000  0.0000  0.0001  1
