0.00000000099999999977 0.01987379790174062522 0.98012619909825937636 0.00000000099999999977 0.00000000099999999977 
0.00000000099999999973 0.02204155911568927290 0.97795843788431069399 0.00000000099999999973 0.00000000099999999973 
0.00000000099999999983 0.04094098130912651734 0.95905901569087359526 0.00000000099999999983 0.00000000099999999983 
0.00000000099999999968 0.01488088678454389628 0.98511911021545606193 0.00000000099999999968 0.00000000099999999968 
0.00000000099999999969 0.00000000099999999969 0.99999999600000000211 0.00000000099999999969 0.00000000099999999969 
0.00000000099999999966 0.00651570053229096925 0.99348429646770897161 0.00000000099999999966 0.00000000099999999966 
0.00000000099999999974 0.00049813725849974554 0.99950185974150029811 0.00000000099999999974 0.00000000099999999974 
0.00000000099999999969 0.00403666449245087752 0.99596333250754920385 0.00000000099999999969 0.00000000099999999969 
0.00000000099999999974 0.00634096455395561937 0.99365903244604425470 0.00000000099999999974 0.00000000099999999974 
0.00000000099999999992 0.00078429627574970343 0.99921570072425025533 0.00000000099999999992 0.00000000099999999992 
0.00000000099999999971 0.00000000157420883065 0.99999999542579109946 0.00000000099999999971 0.00000000099999999971 
0.00000000099999999971 0.01535670381925273789 0.98464329318074728103 0.00000000099999999971 0.00000000099999999971 
0.00000000099999999990 0.01839247174247947425 0.98160752525752048570 0.00000000099999999990 0.00000000099999999990 
0.00000000099999999974 0.00000000870750101150 0.99999998829249892029 0.00000000099999999974 0.00000000099999999974 
0.00000000099999999984 0.00000001530095694455 0.99999998169904302792 0.00000000099999999984 0.00000000099999999984 
0.00000000099999999967 0.00000060565326351788 0.99999939134673643260 0.00000000099999999967 0.00000000099999999967 
0.00000001778343978505 0.10278986746461307722 0.89721011275194706425 0.00000000099999999982 0.00000000099999999982 
0.00000000099999999982 0.04882520884691372159 0.95117478815308620366 0.00000000099999999982 0.00000000099999999982 
0.00000000099999999973 0.00725332951494971241 0.99274666748505036029 0.00000000099999999973 0.00000000099999999973 
0.00000000099999999972 0.00298846305010849918 0.99701153394989150414 0.00000000099999999972 0.00000000099999999972 
0.00000056148085004324 0.03785626907425831272 0.96214316744489158939 0.00000000099999999972 0.00000000099999999972 
0.00000000099999999966 0.02449948461053239393 0.97550051238946755561 0.00000000099999999966 0.00000000099999999966 
0.00000000099999999973 0.00601578672389896634 0.99398421027610106560 0.00000000099999999973 0.00000000099999999973 
0.00000000099999999975 0.05563069861743997341 0.94436929838255989633 0.00000000099999999975 0.00000000099999999975 
0.00000000099999999983 0.07236231043147305086 0.92763768656852707561 0.00000000099999999983 0.00000000099999999983 
0.00000000099999999968 0.01104288326245089422 0.98895711373754913165 0.00000000099999999968 0.00000000099999999968 
0.00000000099999999976 0.04436140720956074923 0.95563858979043925235 0.00000000099999999976 0.00000000099999999976 
0.00000000099999999999 0.06431652922097810809 0.93212547182606297902 0.00000000099999999999 0.00355799695295888055 
0.00000000099999999981 0.02103470579267523871 0.97896529120732467266 0.00000000099999999981 0.00000000099999999981 
0.00000000099999999973 0.05826449689950843197 0.94173550010049167369 0.00000000099999999973 0.00000000099999999973 
0.00000000099999999969 0.00418153076893020958 0.99581846623106984318 0.00000000099999999969 0.00000000099999999969 
0.00000000099999999990 0.00000036448043683531 0.99999963251956314192 0.00000000099999999990 0.00000000099999999990 
0.00000000099999999986 0.08496576886756349034 0.90793383232468705124 0.00710039680774933197 0.00000000099999999986 
0.00000000099999999984 0.03672942229062984426 0.96327053622620240070 0.00000003948316776792 0.00000000099999999984 
0.00000000099999999981 0.09369545501383942654 0.90630454198616050565 0.00000000099999999981 0.00000000099999999981 
0.00000000347786047252 0.01581387193827562404 0.98418610690792784901 0.00000001667593596153 0.00000000099999999985 
0.00000000099999999979 0.04936250142262164214 0.95063749557737842188 0.00000000099999999979 0.00000000099999999979 
0.00000000099999999980 0.07355700905347019314 0.92644298794652968354 0.00000000099999999980 0.00000000099999999980 
0.00000000099999999984 0.10089750910122860517 0.89909364631069732532 0.00000884258807391617 0.00000000099999999984 
0.00000000099999999988 0.00000000099999999988 0.99999999599999989108 0.00000000099999999988 0.00000000099999999988 
0.00000000099999999983 0.00000000099999999983 0.99999999599999989108 0.00000000099999999983 0.00000000099999999983 
0.00073639584216084544 0.00123922285725629601 0.95497355118283744346 0.04305082911774543719 0.00000000099999999993 
0.00000000099999999976 0.00866968489894353808 0.99133031210105637676 0.00000000099999999976 0.00000000099999999976 
0.00000000099999999974 0.01724773311749400878 0.98275226388250602749 0.00000000099999999974 0.00000000099999999974 
0.00000000099999999976 0.09065427951249883931 0.90934571748750125941 0.00000000099999999976 0.00000000099999999976 
0.00000000099999999976 0.05276990695215906524 0.94723009004784086695 0.00000000099999999976 0.00000000099999999976 
0.00000000099999999975 0.02958421246853680173 0.97041578453146315475 0.00000000099999999975 0.00000000099999999975 
0.00000000099999999984 0.05994802101824407703 0.94005197598175593843 0.00000000099999999984 0.00000000099999999984 
0.00107505958609917934 0.04302299354950657462 0.95590190269273500601 0.00000004317165919111 0.00000000099999999977 
0.00000000099999999978 0.09204391514482666847 0.90795608185517340250 0.00000000099999999978 0.00000000099999999978 
0.00451066425020524384 0.04635640667148537009 0.94913292707830931860 0.00000000099999999976 0.00000000099999999976 
0.00000000099999999980 0.06483356973561647807 0.93516642726438348188 0.00000000099999999980 0.00000000099999999980 
0.00000000099999999982 0.00000000099999999982 0.99999999600000000211 0.00000000099999999982 0.00000000099999999982 
0.00000159856464650035 0.00000000961900572312 0.99999838981634769919 0.00000000099999999983 0.00000000099999999983 
0.00000000099999999974 0.02062508217825271759 0.97937491482174732216 0.00000000099999999974 0.00000000099999999974 
0.00000000099999999979 0.02670875775260547064 0.97329123924739446849 0.00000000099999999979 0.00000000099999999979 
0.00000000099999999982 0.05479344295450822716 0.94520655404549169809 0.00000000099999999982 0.00000000099999999982 
0.00000000099999999982 0.00669043709925640651 0.99330955990074365491 0.00000000099999999982 0.00000000099999999982 
0.00000000099999999974 0.00000000099999999974 0.99999999599999989108 0.00000000099999999974 0.00000000099999999974 
0.00000000099999999983 0.00087259187307061421 0.99912740512692943540 0.00000000099999999983 0.00000000099999999983 
0.00000000099999999975 0.01889464694875678252 0.98110535005124321906 0.00000000099999999975 0.00000000099999999975 
0.00000000099999999986 0.01088669813839769976 0.98911329886160226366 0.00000000099999999986 0.00000000099999999986 
0.00000000099999999981 0.00840009214991562815 0.99159990485008431271 0.00000000099999999981 0.00000000099999999981 
0.00000000099999999985 0.00837102010344617162 0.99162897689655382649 0.00000000099999999985 0.00000000099999999985 
0.00000000099999999979 0.00000026904994150629 0.99999972795005864779 0.00000000099999999979 0.00000000099999999979 
0.00000000099999999991 0.04310881223793365524 0.95689073484747166898 0.00000045091459460408 0.00000000099999999991 
0.00000061724394223333 0.00005412074495490115 0.99607697847299470073 0.00000022394319617417 0.00386805959491206457 
0.00000000099999999999 0.00984181889739207602 0.99015817810260797760 0.00000000099999999999 0.00000000099999999999 
0.00000000099999999996 0.00000020337700047579 0.99999979362299962204 0.00000000099999999996 0.00000000099999999996 
0.00000000099999999988 0.00001096283520970251 0.99998903416479023587 0.00000000099999999988 0.00000000099999999988 
0.00000000099999999993 0.07241132555882565103 0.92758867144117429504 0.00000000099999999993 0.00000000099999999993 
0.00000000099999999993 0.00000000099999999993 0.99999999600000000211 0.00000000099999999993 0.00000000099999999993 
0.98868458113208734783 0.01131541586791272487 0.00000000099999999979 0.00000000099999999979 0.00000000099999999979 
0.99999999600000011313 0.00000000099999999979 0.00000000099999999979 0.00000000099999999979 0.00000000099999999979 
0.98176661278719501436 0.00456979641607526722 0.01205222171599718874 0.00161136808073251070 0.00000000099999999987 
0.99302324833060873210 0.00000149114878460569 0.00000000099999999994 0.00697525852060671726 0.00000000099999999994 
0.98780511250943792145 0.00474977613737264954 0.00000000099999999981 0.00744510935318933552 0.00000000099999999981 
0.99947702053103326669 0.00052297646896683051 0.00000000099999999985 0.00000000099999999985 0.00000000099999999985 
0.97054279266961884787 0.01091296292852785010 0.00000000099999999988 0.01854424240185329614 0.00000000099999999988 
0.99327402634833172890 0.00672596914363399623 0.00000000250803425319 0.00000000099999999982 0.00000000099999999982 
0.99692005569768760154 0.00307994130231238660 0.00000000099999999981 0.00000000099999999981 0.00000000099999999981 
0.99999992835914564004 0.00000000099999999991 0.00000000099999999991 0.00000006864085447841 0.00000000099999999991 
0.99561440635294828905 0.00000000099999999980 0.00000027212780853639 0.00438531951924320696 0.00000000099999999980 
0.96292405268548797448 0.00340728219434164844 0.00749125531539994449 0.02617740880477039192 0.00000000099999999983 
0.99999999600000011313 0.00000000099999999981 0.00000000099999999981 0.00000000099999999981 0.00000000099999999981 
0.99864488058697897799 0.00000000108920144746 0.00024268255754206157 0.00111243476627756552 0.00000000099999999983 
0.99999998451170690750 0.00000000099999999985 0.00000000099999999985 0.00000001248829316159 0.00000000099999999985 
0.97191178225382213185 0.02808810752795340426 0.00000008562371357737 0.00000002359451103953 0.00000000099999999985 
0.97533709330145879068 0.00460228638519013557 0.00043181523993108547 0.01962880407341983588 0.00000000099999999989 
0.99953639230665514148 0.00046360424929779969 0.00000000099999999974 0.00000000144404708663 0.00000000099999999974 
0.95466476072452399748 0.02073664014675018208 0.00011920416272896455 0.02278284783436146724 0.00169654713163531080 
0.91284526543730648562 0.07423247988577548473 0.00299874369383098431 0.00854638611099924062 0.00137712487208781318 
0.96092319965881956012 0.00000000099999999991 0.03249701252969267734 0.00657978581148780349 0.00000000099999999991 
0.91133406263198124542 0.08059078910516656591 0.00333700456990777871 0.00000785039856060292 0.00473029329438388706 
0.87475280933122356863 0.05694509419551359308 0.06695329893164604640 0.00000137976996829782 0.00134741777164860857 
0.89245654427528398056 0.07315734060124948201 0.00396693466041207147 0.02742442188277787948 0.00299475858027656175 
0.96480918566779227952 0.02545879985768646422 0.00000002115983194942 0.00973199206607780823 0.00000000124861151329 
0.87906921406458626844 0.06819264976356773089 0.00023146793712255440 0.05015416315251294832 0.00235250508221041639 
0.89391562721785777779 0.05622612440645299858 0.00000000202418753232 0.04842290683392282830 0.00143533951757886529 
0.95986234193155006711 0.03984597774067270837 0.00000000174392651117 0.00029167758385075643 0.00000000099999999997 
0.96174555112494375386 0.03754572411524616932 0.00000002278462292192 0.00070870097518706862 0.00000000099999999995 
0.91442504549940017977 0.08522255116322993707 0.00035024028097659272 0.00000216205639331458 0.00000000099999999989 
0.92188748009876919642 0.07440368978372399744 0.00000000231274840030 0.00370882680475828315 0.00000000099999999998 
0.85519576185423629155 0.05052468712836363784 0.03802018703564254837 0.05326905205664951570 0.00299031192510805901 
0.88414667557646053897 0.07492517065438676627 0.00281859176775799310 0.03245088706344969459 0.00565867493794506866 
0.86328173097150928683 0.05689095323720764347 0.04338950008761935373 0.03643781470366384140 0.00000000099999999994 
0.87860161167751194000 0.10240924389236767678 0.00000000099999999989 0.01898914243012028713 0.00000000099999999989 
0.85920362329901234233 0.07682446643911827744 0.05256889704461791685 0.01140301221725153850 0.00000000099999999983 
0.89069531291255688021 0.05424303867319467398 0.05498774643721604516 0.00007390097703245717 0.00000000099999999997 
0.90028334131433718213 0.06397811717342873072 0.02681602120096417130 0.00773918559441302313 0.00118333471685686149 
0.94942260561707991773 0.01255887954261342664 0.03575046915746298015 0.00226804468284365866 0.00000000099999999993 
0.86673915091380415721 0.03916389688490862914 0.06467992582316028916 0.02603133760935918972 0.00338568876876772177 
0.95931340003479514955 0.02064835122209711382 0.01072144752862545791 0.00931680021448236077 0.00000000099999999997 
0.86328068465311003088 0.00595828207052489459 0.10780827720260702240 0.02166915717195498289 0.00128359890180309178 
0.86183383992636652948 0.02256272890033458184 0.09962012930808157585 0.01598330086521746254 0.00000000099999999996 
0.89866078960698936307 0.04391558690176284446 0.03678938871378935327 0.02063423377745843279 0.00000000099999999980 
0.92744098826480692033 0.01228714994841845036 0.00293725599788174528 0.05733460478889271239 0.00000000099999999986 
0.13470211701211523558 0.00000000099999999987 0.81069673595381785969 0.05460114503406701680 0.00000000099999999987 
0.23592032098544499230 0.02807111823868853676 0.68132209423653367075 0.05468646553933270704 0.00000000099999999982 
0.19613791868467506108 0.00176802828012324518 0.46889214697552478173 0.03846978119320535600 0.29473212486647160091 
0.09815818474891006840 0.00000001743270249075 0.84480478139518822012 0.05703701542319912499 0.00000000099999999997 
0.08659620340066413735 0.00000000100000000000 0.77439489371779723914 0.13900890088153849966 0.00000000100000000000 
0.12002460081129688596 0.00000000100000000000 0.51880546061210075504 0.04384540362090071780 0.31732453395570153765 
0.11309669639820833786 0.01877588389797316473 0.58156109812157796846 0.03830334610304936271 0.24826297547919126685 
0.17516075918774839937 0.00000234597638714351 0.52451264701688760095 0.04974969367040259216 0.25057455414857426890 
0.14593256948082328206 0.00000000100000000000 0.61736117359489650624 0.00000513167687804502 0.23670112424740216706 
0.11103724541737539089 0.00000004750846754564 0.62501011415844975883 0.03502504445494200591 0.22892754846076532327 
0.13724831175562116070 0.00014546630866520577 0.76344347067551787678 0.09916275026019569228 0.00000000099999999981 
0.04385100618316226800 0.00000000100000000000 0.57467222860041089483 0.10071696947363192876 0.28075979474279488812 
0.13114544741375469550 0.00000040162094934849 0.74574471991742563581 0.11698093620409412419 0.00612849484377609149 
0.11705792482649186870 0.00803607886032725247 0.54903263121670931035 0.01971987059607798257 0.30615349450039369694 
0.14147080130679576260 0.00668691973463874864 0.76163376981691777168 0.09020850814164770026 0.00000000099999999981 
0.10724005774881938124 0.00589695073475764858 0.78661895746305987576 0.10024403305336306025 0.00000000099999999985 
0.00635266976334887892 0.00042194565218906411 0.57609028594178113281 0.11832066907312899229 0.29881442956955184265 
0.18898561826562984556 0.00000000099999999976 0.76438452045878080288 0.04662985927558939425 0.00000000099999999976 
0.14894740962060212808 0.00711509784157483317 0.76632509699950746018 0.07761239453831546287 0.00000000099999999994 
0.99533991211685146627 0.00466008488314844684 0.00000000099999999997 0.00000000099999999997 0.00000000099999999997 
0.88381268876438578985 0.09047373557226419394 0.00000000099999999999 0.00000000099999999999 0.02571357366335002073 
0.98902901649112284765 0.01047140209860225601 0.00049957941027482106 0.00000000099999999983 0.00000000099999999983 
0.99999999600000000211 0.00000000099999999980 0.00000000099999999980 0.00000000099999999980 0.00000000099999999980 
0.86130360612049017277 0.00030764521348086889 0.00000000099999999999 0.00000000099999999999 0.13838874666602885011 
0.98624707936146016607 0.01375291763853985633 0.00000000099999999989 0.00000000099999999989 0.00000000099999999989 
0.99880999767159017733 0.00000000099999999984 0.00000000099999999984 0.00118999932840990470 0.00000000099999999984 
0.99999999600000000211 0.00000000099999999967 0.00000000099999999967 0.00000000099999999967 0.00000000099999999967 
0.99625919715552180289 0.00374079984447835395 0.00000000099999999978 0.00000000099999999978 0.00000000099999999978 
0.98595216367723870210 0.01404783332276137234 0.00000000099999999976 0.00000000099999999976 0.00000000099999999976 
0.99999999600000000211 0.00000000099999999977 0.00000000099999999977 0.00000000099999999977 0.00000000099999999977 
0.99992056461351930263 0.00007943238648073658 0.00000000099999999970 0.00000000099999999970 0.00000000099999999970 
0.98486469864518644268 0.01243140172068138948 0.00004426763144602375 0.00265963100268616507 0.00000000099999999984 
0.99031670291695461650 0.00000000099999999989 0.00968329408304527059 0.00000000099999999989 0.00000000099999999989 
0.99750174539797364925 0.00000000099999999978 0.00249825111764619091 0.00000000148438021315 0.00000000099999999978 
0.99410633337963039136 0.00000000100000000000 0.00000000100000000000 0.00000472866627384576 0.00588893595409576299 
0.95133072305340871111 0.04866921933026335800 0.00000000099999999992 0.00000005561632800566 0.00000000099999999992 
0.98135392155487299881 0.01864581548506397471 0.00000000099999999986 0.00000026096006293311 0.00000000099999999986 
0.99066145134598082578 0.00933854565401919835 0.00000000099999999992 0.00000000099999999992 0.00000000099999999992 
0.99999997799163597989 0.00000001900836404052 0.00000000099999999974 0.00000000099999999974 0.00000000099999999974 
0.99999895798570492822 0.00000004373360027623 0.00000000099999999986 0.00000099628069479124 0.00000000099999999986 
0.92168486554977180347 0.04259894137934271824 0.00000000099999999993 0.03571619107088543771 0.00000000099999999993 
0.95055792751251055872 0.03715397315193679634 0.00788588675743977230 0.00000003056858155675 0.00440218200953133767 
0.98420052633452903557 0.01579947066547109091 0.00000000099999999984 0.00000000099999999984 0.00000000099999999984 
0.99823412394270027992 0.00168900454916505005 0.00007686950813459863 0.00000000099999999985 0.00000000099999999985 
0.99999999600000011313 0.00000000099999999972 0.00000000099999999972 0.00000000099999999972 0.00000000099999999972 
0.99932600837977092478 0.00000000365850401317 0.00067398596172497461 0.00000000099999999981 0.00000000099999999981 
0.95848142767311705903 0.03568566656560637901 0.00000000099999999986 0.00583290376127658817 0.00000000099999999986 
0.98777932153422431938 0.01221281583460793324 0.00000008336023483740 0.00000777827093294498 0.00000000099999999989 
0.91214932257958203365 0.08233122877039635024 0.00551944665002166487 0.00000000099999999997 0.00000000099999999997 
0.98003377826091797598 0.01996621873908206724 0.00000000099999999995 0.00000000099999999995 0.00000000099999999995 
0.99999999600000011313 0.00000000099999999991 0.00000000099999999991 0.00000000099999999991 0.00000000099999999991 
0.93068104619613001294 0.06006480224504477661 0.00925409016806144451 0.00000006039076372405 0.00000000099999999996 
0.99337204730038342060 0.00000000099999999988 0.00662794969961673450 0.00000000099999999988 0.00000000099999999988 
0.99612778716441707783 0.00000000100000000000 0.00027545516053155476 0.00000000100000000000 0.00359675567505137643 
0.99826420331075438330 0.00000000712502578411 0.00000000099999999999 0.00000000099999999999 0.00173578756421988970 
0.97267353629819808258 0.01794877831926596293 0.00000000100000000000 0.00116731346333297735 0.00821037091920298959 
0.99063136128379591927 0.00351636691265511895 0.00000000100000000000 0.00000048079313948365 0.00585179001040943194 
0.98784449350312064642 0.00748480937330653785 0.00000000100000000000 0.00247044633110898252 0.00220024979246402847 
0.94002374976490643554 0.02877034152532895531 0.02165953075377210352 0.00954637695599238126 0.00000000099999999991 
0.99680198330654234962 0.00315779061334183018 0.00000001718088156246 0.00004020789923425660 0.00000000099999999992 
0.94378809411571906729 0.03946829227919550209 0.01674361160508545596 0.00000000099999999985 0.00000000099999999985 
0.96746035933261798068 0.00071275554069109663 0.00734206557682018195 0.02321114237496956292 0.00127367717490124103 
0.99600196382894445879 0.00000000099999999979 0.00000000099999999979 0.00399803317105555407 0.00000000099999999979 
0.92758856646703968796 0.00399199733820054022 0.00000000100000000000 0.06749475835849977345 0.00092467683626021150 
0.91032605607605165954 0.07300901405053940307 0.01061903358642537869 0.00604589528698365984 0.00000000099999999991 
0.94681999887352985557 0.02896088045773488606 0.00000000099999999997 0.02421911866873533228 0.00000000099999999997 
0.95702010527981573595 0.00013802450873455740 0.00681666912560394134 0.03602520008584571970 0.00000000099999999998 
0.98116814883032510419 0.00000177356900074338 0.00000000100000000000 0.01645936329626120770 0.00237071330441282349 
0.94914406614607338408 0.01922271755890548814 0.00000000505283235601 0.03163321024218861133 0.00000000099999999992 
0.98009072256699414361 0.00000000099999999991 0.01990872589754176872 0.00000054953546412696 0.00000000099999999991 
0.93603685179965234742 0.04604924260022215388 0.01791045649824542924 0.00000344810188013813 0.00000000099999999988 
0.99732656069211278460 0.00000233071620624976 0.00000016636867670300 0.00267094122300435459 0.00000000099999999998 
0.99999999600000000211 0.00000000099999999988 0.00000000099999999988 0.00000000099999999988 0.00000000099999999988 
0.99999998008497381630 0.00000000099999999981 0.00000001688723362152 0.00000000102779264487 0.00000000099999999981 
0.99999671441616833079 0.00000328258383178038 0.00000000099999999983 0.00000000099999999983 0.00000000099999999983 
0.97762964140056107798 0.02236162064573380195 0.00000002751133601948 0.00000870944236895044 0.00000000099999999996 
0.99357585164582895576 0.00000006755056391612 0.00040803900564277397 0.00601604079796422796 0.00000000099999999985 
0.98650004283298309282 0.00000000099999999992 0.00936477115509474871 0.00413518401192197564 0.00000000099999999992 
0.99255137657859671130 0.00744861472955228154 0.00000000099999999997 0.00000000669185090752 0.00000000099999999997 
0.93655204669597946765 0.01990559654700988987 0.03973753611864962176 0.00041063967752860773 0.00339418096083242676 
0.99112311676900943791 0.00000049193768258236 0.00763298826107906836 0.00007922901733449684 0.00116417401489442383 
0.99999239099247960727 0.00000014170465371149 0.00000031910118491582 0.00000714720168177456 0.00000000099999999997 
0.99142604934316314047 0.00857394765683678478 0.00000000099999999997 0.00000000099999999997 0.00000000099999999997 
0.97357033803465498067 0.02447329372558902302 0.00182649181720141631 0.00012987542255457648 0.00000000100000000000 
0.98804644891829884745 0.00356571903764622269 0.00000000100000000000 0.00000000100000000000 0.00838783004405503803 
0.97019387499141573894 0.01905674920683979312 0.00757860410878923724 0.00000000100000000000 0.00317077069295516184 
0.97318504834542918225 0.00002174934965910963 0.00468478026718436007 0.02136006090655648629 0.00074836113117078475 
0.97786787190596480279 0.01028611405142940312 0.00937919476593601815 0.00000000100000000000 0.00246681827666973786 
0.97166487980476157205 0.01465744011702905039 0.01141034712618833706 0.00000000100000000000 0.00226733195202110348 
0.99980470694335876747 0.00015566333478576720 0.00000010697534387528 0.00003952174651152525 0.00000000099999999991 
0.99999999600000011313 0.00000000099999999979 0.00000000099999999979 0.00000000099999999979 0.00000000099999999979 
0.99999999600000011313 0.00000000099999999988 0.00000000099999999988 0.00000000099999999988 0.00000000099999999988 
0.98360301743971201294 0.01628807765398542287 0.00005081049014371296 0.00005809341615881125 0.00000000099999999995 
0.97622013903036009008 0.01049852457247339894 0.00022862725767915819 0.01305270813948744210 0.00000000099999999989 
0.99931769404482617691 0.00068230295517380482 0.00000000099999999997 0.00000000099999999997 0.00000000099999999997 
0.95385570167522448770 0.00006550553227151199 0.00000003292528597013 0.04207673383252425597 0.00400202603469382908 
0.99999801471507199224 0.00000192332469153348 0.00000000099999999993 0.00000005996023641802 0.00000000099999999993 
0.94277913285654380005 0.00000000100000000000 0.00000080012428080132 0.05182496320618570212 0.00539510281298965708 
0.99142122414526157037 0.00618518881590613898 0.00000000100000000000 0.00000244008476596657 0.00239114595406635100 
0.99153868872894246334 0.00194662412255537263 0.00062608017801071890 0.00000000411153619625 0.00588860285895523826 
0.98036165901993210792 0.01215877220525481139 0.00000032850997493902 0.00041363514643480935 0.00706560511840342853 
0.95755585033577139686 0.01769358061418642783 0.00865424421776436054 0.00459544863488876680 0.01150087619738915032 
0.97874923766606103381 0.00000556614466507703 0.00758577019909565612 0.01365942499017829687 0.00000000099999999998 
0.99999996796598866755 0.00000000099999999991 0.00000000099999999991 0.00000002903401145032 0.00000000099999999991 
0.98156637017396564104 0.00000000099999999991 0.01843362682603431890 0.00000000099999999991 0.00000000099999999991 
0.96339476503489152037 0.00589905021925769737 0.00717813200417495058 0.02352805174167582267 0.00000000099999999994 
0.93092858861511895707 0.04498628764334730579 0.00000000099999999995 0.02408512174153383187 0.00000000099999999995 
0.97718427716477751499 0.01639213119973501054 0.00625955142312959161 0.00016403921235796996 0.00000000099999999993 
0.98498416639487118562 0.00000000103941739902 0.00432999900737119758 0.01068583255834015117 0.00000000099999999994 
0.99646654083391728030 0.00353345616608284748 0.00000000099999999974 0.00000000099999999974 0.00000000099999999974 
0.94566745679739183661 0.02974700404019941374 0.00000019966998922670 0.02458533849241944375 0.00000000099999999994 
0.97546125167178654447 0.00771344063696426021 0.00000181725973989603 0.01682348943150932183 0.00000000099999999996 
0.93150808122141226519 0.01611602576898539529 0.05196716349825655779 0.00040872851134575401 0.00000000099999999998 
0.99130684157871507001 0.00125624416531796689 0.00743691225596696676 0.00000000099999999996 0.00000000099999999996 
0.95971911495489681254 0.02209295721400962587 0.00000017297183278822 0.01224311523230055612 0.00594463962696031249 
0.96154136861387051738 0.03127803710770698381 0.00000156738617940335 0.00000000100000000000 0.00717902589224320327 
0.99945657041249524877 0.00000000099999999999 0.00000003949563452734 0.00000000099999999999 0.00054338809187031334 
0.99334441118955496552 0.00000000099999999999 0.00000000099999999999 0.00464229405966938742 0.00201329275077580510 
0.99999999600000011313 0.00000000099999999982 0.00000000099999999982 0.00000000099999999982 0.00000000099999999982 
0.94600311650520729767 0.05270201817042934750 0.00000004801704378271 0.00129481630731958695 0.00000000099999999992 
0.99999999596756727893 0.00000000099999999984 0.00000000099999999984 0.00000000103243272951 0.00000000099999999984 
0.98710747912054441766 0.00285362829008308254 0.01003881259366739068 0.00000007899570523036 0.00000000099999999990 
0.99407608552900550425 0.00576948619492582884 0.00015442027105278978 0.00000000700501574487 0.00000000099999999986 
0.96568428089230773370 0.02487209372435853980 0.00000000099999999991 0.00944362338333374317 0.00000000099999999991 
0.99631090176113401569 0.00368907993139903695 0.00000001630746702128 0.00000000099999999986 0.00000000099999999986 
0.97981158917715516221 0.00000000099999999988 0.02018707532035183758 0.00000133350249320991 0.00000000099999999988 
0.99999120203938196561 0.00000879496061800595 0.00000000099999999988 0.00000000099999999988 0.00000000099999999988 
0.94470009652643138764 0.05529946497409868322 0.00000020294287541773 0.00000023455659461523 0.00000000099999999991 
0.97027466127276373875 0.01304714012132679631 0.00000000099999999987 0.01667819660590945385 0.00000000099999999987 
0.99999999600000011313 0.00000000099999999985 0.00000000099999999985 0.00000000099999999985 0.00000000099999999985 
0.98746252787789279282 0.01194114020551688589 0.00000000099999999996 0.00059632991659027985 0.00000000099999999996 
0.99999999600000011313 0.00000000099999999984 0.00000000099999999984 0.00000000099999999984 0.00000000099999999984 
0.99525633036155802813 0.00474024805840593880 0.00000341958003607507 0.00000000099999999987 0.00000000099999999987 
0.99999999600000011313 0.00000000099999999982 0.00000000099999999982 0.00000000099999999982 0.00000000099999999982 
0.99744875181942582731 0.00255124518057422240 0.00000000099999999981 0.00000000099999999981 0.00000000099999999981 
0.98681770889137887526 0.01318228810862116969 0.00000000099999999985 0.00000000099999999985 0.00000000099999999985 
0.99193366574137464831 0.00000000100000000000 0.00595720735597641323 0.00012890113287030214 0.00198022476977875424 
0.99235308434643776376 0.00000000100000000000 0.00664792307842275269 0.00000144939548502288 0.00099754217965457455 
0.98295056456731144667 0.00125366290556516084 0.00813142245409531270 0.00735793296584049024 0.00030641710718756196 
0.99998507663130131728 0.00000000099999999989 0.00000000099999999989 0.00001492036869866973 0.00000000099999999989 
0.99994975870993230149 0.00000000099999999971 0.00000000099999999971 0.00005023829006765332 0.00000000099999999971 
0.98026898275023099938 0.00000000099999999975 0.01616537501023024986 0.00356564023953860176 0.00000000099999999975 
0.99975243840555749752 0.00000000099999999986 0.00024755523851781644 0.00000000435592469010 0.00000000099999999986 
0.99999999600000000211 0.00000000099999999979 0.00000000099999999979 0.00000000099999999979 0.00000000099999999979 
0.99510448302704179735 0.00000000099999999977 0.00489550752245578643 0.00000000745050242133 0.00000000099999999977 
0.98241924640764188847 0.00484510147322457941 0.00668977769962276168 0.00604587341951077877 0.00000000099999999977 
0.99488931163188332185 0.00511052361485578484 0.00000000099999999983 0.00000016275326094415 0.00000000099999999983 
0.99999999600000000211 0.00000000099999999971 0.00000000099999999971 0.00000000099999999971 0.00000000099999999971 
0.99232313368215929739 0.00547092843049816480 0.00000000099999999986 0.00220593588734252326 0.00000000099999999986 
0.99716795674799407756 0.00283202622616736096 0.00000000099999999978 0.00000001502583868440 0.00000000099999999978 
0.99996016297769119152 0.00000000099999999976 0.00000000099999999976 0.00003983402230877628 0.00000000099999999976 
0.95855751956514478884 0.02194903385352330732 0.00000003838667931835 0.01949340719465267324 0.00000000099999999989 
0.99999999600000000211 0.00000000099999999987 0.00000000099999999987 0.00000000099999999987 0.00000000099999999987 
0.97588853715880297113 0.00000000099999999988 0.00000000099999999988 0.02411145984119712066 0.00000000099999999988 
0.99998740105395378386 0.00001252674494138906 0.00000000099999999984 0.00000007020110473917 0.00000000099999999984 
0.99013570287408592119 0.00002913776027908345 0.00983515736563496563 0.00000000099999999981 0.00000000099999999981 
0.99582979997375353776 0.00000000099999999980 0.00003431712056490449 0.00413588090568171949 0.00000000099999999980 
0.99467716897419933275 0.00506057179027916658 0.00000000099999999979 0.00026225723552150899 0.00000000099999999979 
0.99145605755030641326 0.00854393944969355362 0.00000000099999999985 0.00000000099999999985 0.00000000099999999985 
0.99068454628713664700 0.00001200566199095222 0.00930344605087226641 0.00000000099999999989 0.00000000099999999989 
0.99063512088627281305 0.00936487611372710353 0.00000000099999999979 0.00000000099999999979 0.00000000099999999979 
0.99068274347519169609 0.00580872639319620666 0.00002254753879410395 0.00000000100000000000 0.00348598159281800473 
0.94440720654976040294 0.00021552314204337011 0.03852659830952698955 0.01067979809898134819 0.00617087389968785840 
0.99999999600000000211 0.00000000099999999986 0.00000000099999999986 0.00000000099999999986 0.00000000099999999986 
0.96771115481274494474 0.02083072075991982894 0.00869862943552234674 0.00000623113262347546 0.00275326385918947579 
0.99399915695658513926 0.00178199710607188804 0.00000000099999999999 0.00000000099999999999 0.00421884393734309887 
0.99560994305096450763 0.00000002531199664416 0.00000000100000000000 0.00000000100000000000 0.00439002963703887319 
0.99701886580874732324 0.00000000099999999999 0.00000000099999999999 0.00185138065185659726 0.00112975153939609942 
0.99999999600000011313 0.00000000099999999991 0.00000000099999999991 0.00000000099999999991 0.00000000099999999991 
0.90825434392951154283 0.00000000100000000000 0.01962899378735734335 0.06934613021454240356 0.00277053106858870905 
0.99307325262768519902 0.00461532881560801703 0.00002101953978756345 0.00000000100000000000 0.00229039801691914785 
0.99998968724454717627 0.00000112288314673484 0.00000905515430737163 0.00000013371799869689 0.00000000099999999990 
0.96049023018391233020 0.03166461199760137873 0.00128979539157358350 0.00024009587338698861 0.00631526655352569050 
0.98744211689716743230 0.00555584157373184388 0.00000000100000000000 0.00457024311124513364 0.00243179741785565446 
0.95885831423792189376 0.03049664851620279005 0.00000000099999999988 0.01064503524587543347 0.00000000099999999988 
0.98897025981132313799 0.00298410405796264858 0.00024703144916047659 0.00779860368155351705 0.00000000099999999985 
0.98814199543028713446 0.00000000116282718544 0.00015056414052320926 0.01170743826636247605 0.00000000099999999982 
0.98849328758726862088 0.00000000099999999981 0.00000000099999999981 0.01150670941273130785 0.00000000099999999981 
0.95394691236339579365 0.01385232527256083195 0.00000000365072497123 0.02369604744081339406 0.00850471127250511383 
0.98533330030262622490 0.00000000099999999987 0.00303464023639961203 0.01163205746097411251 0.00000000099999999987 
0.97894924129016624992 0.02081998475274057445 0.00000000746968687549 0.00003944061691141250 0.00019132587049481114 
0.98422256878997549379 0.00645685602538445362 0.00930969641930308109 0.00001087776533694715 0.00000000099999999984 
0.98388242667045677781 0.00000001299468281128 0.00000000099999999989 0.01611755833486049061 0.00000000099999999989 
0.97950196291376789848 0.00000004698961610461 0.00000000099999999989 0.02049798809661595306 0.00000000099999999989 
0.99988832842930652767 0.00000000099999999987 0.00000001646194841676 0.00011165310874505801 0.00000000099999999987 
0.98632319269539447948 0.00000507107934440393 0.00483393019328718677 0.00809946344605492335 0.00073834258591894044 
0.99999999600000011313 0.00000000099999999977 0.00000000099999999977 0.00000000099999999977 0.00000000099999999977 
0.99998196647092707501 0.00000000099999999998 0.00000000099999999998 0.00001803052907299699 0.00000000099999999998 
0.99999999600000011313 0.00000000099999999980 0.00000000099999999980 0.00000000099999999980 0.00000000099999999980 
0.99999999600000000211 0.00000000099999999975 0.00000000099999999975 0.00000000099999999975 0.00000000099999999975 
0.96821550305337289455 0.00211705807373095429 0.02019687861257336500 0.00947055926032271470 0.00000000100000000000 
0.98489949580279689823 0.01510050119720297845 0.00000000099999999981 0.00000000099999999981 0.00000000099999999981 
0.99999997398709150609 0.00000002301290852091 0.00000000099999999976 0.00000000099999999976 0.00000000099999999976 
0.99999999600000000211 0.00000000099999999978 0.00000000099999999978 0.00000000099999999978 0.00000000099999999978 
0.98039234703280797589 0.00087408853246509629 0.01555029317676098928 0.00318327025796572190 0.00000000099999999979 
0.95173822300381138994 0.00000000099999999985 0.02668676552444646313 0.02157500947174215145 0.00000000099999999985 
0.99736826658710486804 0.00000000100000000000 0.00000003285992797776 0.00000000100000000000 0.00263169855296717901 
0.98524918441966513605 0.00602201405075662635 0.00330165556509091516 0.00542714496448745004 0.00000000099999999979 
0.99999999554679230851 0.00000000099999999985 0.00000000145320770014 0.00000000099999999985 0.00000000099999999985 
0.99527111386202293808 0.00472888313797707564 0.00000000099999999975 0.00000000099999999975 0.00000000099999999975 
0.99496415153289796685 0.00256048274912405770 0.00000000099999999999 0.00000000099999999999 0.00247536371797811051 
0.99999999600000011313 0.00000000099999999976 0.00000000099999999976 0.00000000099999999976 0.00000000099999999976 
0.99713827094384410721 0.00286172605615580460 0.00000000099999999977 0.00000000099999999977 0.00000000099999999977 
0.97391070356410813780 0.02608926079081328592 0.00000003364507863512 0.00000000099999999982 0.00000000099999999982 
0.99999999600000011313 0.00000000099999999970 0.00000000099999999970 0.00000000099999999970 0.00000000099999999970 
0.99812937453214334305 0.00187062246785657136 0.00000000099999999973 0.00000000099999999973 0.00000000099999999973 
0.99998791204376213937 0.00000000099999999987 0.00001208149785912542 0.00000000445837874859 0.00000000099999999987 
0.96997137683066836367 0.03002862016933173159 0.00000000099999999981 0.00000000099999999981 0.00000000099999999981 
0.99999999600000011313 0.00000000099999999979 0.00000000099999999979 0.00000000099999999979 0.00000000099999999979 
0.95446215412119261856 0.03413021744795217277 0.01140760634252121000 0.00000002108833385687 0.00000000099999999989 
0.99089658491268417517 0.00910334624362270015 0.00000000395302177290 0.00000006389067134253 0.00000000099999999986 
0.98713945318288964792 0.00002902211583244019 0.01282696298325209337 0.00000456071802587290 0.00000000099999999994 
0.99755006606662333102 0.00244993093337676033 0.00000000099999999983 0.00000000099999999983 0.00000000099999999983 
0.97740258789978495813 0.02258993034338511660 0.00000741489700328543 0.00000006585982663736 0.00000000099999999993 
0.99578808948797226108 0.00187756687390808414 0.00233434163811950882 0.00000000099999999988 0.00000000099999999988 
0.99799683363019009441 0.00200316336980988462 0.00000000099999999978 0.00000000099999999978 0.00000000099999999978 
0.99992501696425295510 0.00007497886928002642 0.00000000216646684078 0.00000000099999999979 0.00000000099999999979 
0.99216997987254806901 0.00782014812578595703 0.00000987000166593342 0.00000000099999999981 0.00000000099999999981 
0.89934871210451305945 0.07983482236014050049 0.00000000099999999992 0.02081646353534641683 0.00000000099999999992 
0.99998882320996240747 0.00001117379003754495 0.00000000099999999970 0.00000000099999999970 0.00000000099999999970 
0.98509870406608868176 0.00223673070676648272 0.00000000099999999989 0.01266456322714484134 0.00000000099999999989 
0.99532641663406806742 0.00000086336732107908 0.00109395484880282236 0.00001129189973165174 0.00356747325007639822 
0.99999999600000011313 0.00000000099999999979 0.00000000099999999979 0.00000000099999999979 0.00000000099999999979 
0.99999999600000011313 0.00000000099999999979 0.00000000099999999979 0.00000000099999999979 0.00000000099999999979 
0.99999999600000011313 0.00000000099999999965 0.00000000099999999965 0.00000000099999999965 0.00000000099999999965 
0.99425755437842144868 0.00098887407916668909 0.00320020983176574989 0.00000000100000000000 0.00155336071064627983 
0.99999972071423048892 0.00000000099999999999 0.00000000099999999999 0.00000027628576961003 0.00000000099999999999 
