0.89984404253176919486 0.00000000099999999979 0.10015595138368928174 0.00000000508454147780 
0.84581232890100355171 0.00000000099999999975 0.15312170450571205293 0.00106596559328449216 
0.82736974409384556051 0.00000000099999999984 0.17263025390615446830 0.00000000099999999984 
0.87970292758938584132 0.00000000099999999971 0.11877213230984438874 0.00152493910076979258 
0.90205044240743581518 0.00000000099999999972 0.09632541651961686047 0.00162414007294742961 
0.87175612935502644341 0.00000000099999999968 0.12824384020092685632 0.00000002944404664344 
0.87088680264046847146 0.00000000099999999976 0.10322038602532072893 0.02589281033421075157 
0.88455253658999444255 0.00000000099999999971 0.11544746007445176594 0.00000000233555396031 
0.85736380161534009314 0.00000000099999999978 0.12204890380120113347 0.02058729358345873575 
0.89018126160763266785 0.00388342887020961527 0.10593528967282156428 0.00000001984933609576 
0.89651690128134120528 0.00000000099999999974 0.10348309671865880965 0.00000000099999999974 
0.86747311585026798397 0.00000000099999999974 0.13197392736934945856 0.00055295578038255192 
0.82398318244970758517 0.00386146229787679264 0.14947565301521864578 0.02267970223719712949 
0.87409808499954044780 0.00000000099999999978 0.10184551549067830112 0.02405639850978118569 
0.90900827390769567415 0.00000000099999999987 0.09097103921384992742 0.00002068587845437965 
0.90582937422807441319 0.00000000099999999969 0.09417062377192544909 0.00000000099999999969 
0.80440934469350078295 0.00000000099999999983 0.18731418233942678797 0.00827647196707253195 
0.83906452697233979698 0.00000000099999999984 0.16093547102766023182 0.00000000099999999984 
0.88578663642652444299 0.00000000099999999976 0.11421336157347551643 0.00000000099999999976 
0.86484335333301798343 0.00000000099999999975 0.13515664466698210089 0.00000000099999999975 
0.80142944603626087297 0.00000000099999999975 0.15499951378489684739 0.04357103917884232180 
0.84634433368742068016 0.00000000099999999968 0.15365562207272198680 0.00000004323985734612 
0.86901235094543949344 0.00000000099999999975 0.13098764705456053536 0.00000000099999999975 
0.82847286707811373940 0.00000000099999999977 0.17152713092188612287 0.00000000099999999977 
0.81070662258952630452 0.00000000099999999986 0.18916378820325080445 0.00012958820722305413 
0.88309707482607724405 0.00000000099999999971 0.11690292291262323332 0.00000000126129960665 
0.84409109618685151943 0.00000000099999999978 0.15590884867638202249 0.00000005413676652645 
0.81185845807585621525 0.00429369354956277496 0.18384636535825985004 0.00000148301632108828 
0.87898099982267119401 0.00000000099999999987 0.12101899372352364903 0.00000000545380524129 
0.81953718041477863210 0.00000000099999999977 0.18046281758522139671 0.00000000099999999977 
0.89339799184107215879 0.00000000099999999971 0.10660200615892795328 0.00000000099999999971 
0.92225624536014128019 0.00000000099999999998 0.07774375263985865148 0.00000000099999999998 
0.76993212316623582669 0.00000000099999999988 0.21689394837762679402 0.01317392745613748563 
0.87152373599122956449 0.00000000099999999985 0.12846413120029495647 0.00001213180847567495 
0.78501028417308993390 0.00000000099999999982 0.18237500249636984240 0.03261471233054023117 
0.83925497120008452079 0.00000000099999999986 0.13311408076361588848 0.02763094703629951493 
0.82877023119080506230 0.00000000099999999980 0.17122789888566444794 0.00000186892353048840 
0.82414152751151092957 0.00000000099999999982 0.17577354399316252875 0.00008492749532652622 
0.78724513629498715783 0.00000000099999999985 0.20330414726889114996 0.00945071543612159733 
0.92108124271679070461 0.00000000099999999991 0.07867535349499008013 0.00024340278821939772 
0.90173087132122409226 0.00000000099999999985 0.09826912667877603369 0.00000000099999999985 
0.89990693213842631870 0.00000000099999999993 0.07761624527288142616 0.02247682158869222444 
0.89452335164425900160 0.00000000099999999979 0.10547664635574090231 0.00000000099999999979 
0.83932528883975854317 0.00000000099999999977 0.14923021643725087326 0.01144449372299060144 
0.80975601845022371350 0.00000000099999999978 0.19023985335176202272 0.00000412719801432010 
0.84773807561285707823 0.00000000099999999978 0.15226192238714283955 0.00000000099999999978 
0.86308520935424049014 0.00000000099999999977 0.12923285030283310215 0.00768193934292647589 
0.82535704166114465252 0.00000000099999999988 0.17464287144567208765 0.00000008589318313898 
0.81874630052402119773 0.00000000099999999979 0.14853683082878077482 0.03271686764719804880 
0.81128337894896285221 0.00000000099999999979 0.18871661905103717660 0.00000000099999999979 
0.81945435318891723941 0.00000000099999999978 0.14632204983839808277 0.03422359597268461590 
0.83263213668785263089 0.00000000099999999982 0.16736786131214728690 0.00000000099999999982 
0.93994329016555400180 0.00000000099999999984 0.06005670783444608252 0.00000000099999999984 
0.91446564409981612176 0.00000000099999999984 0.07413059397993317090 0.01140376092025065236 
0.85818799915704735426 0.00000000099999999977 0.13899975350352683501 0.00281224633942582817 
0.88932174771667615865 0.00000000099999999982 0.11001819198067755434 0.00066005930264628971 
0.89457335485334388281 0.00000000099999999984 0.10542664314665610437 0.00000000099999999984 
0.90460124784279771770 0.00000000099999999985 0.09539639589405095321 0.00000235526315141260 
0.89215975505909406174 0.00000000099999999976 0.08013501117731847145 0.02770523276358753673 
0.94567342607178106473 0.00000000099999999984 0.05432657192821891551 0.00000000099999999984 
0.88767044166568231933 0.00000000099999999977 0.10990175850713211625 0.00242779882718564431 
0.88199515693182695131 0.00000000099999999989 0.11800484106817295260 0.00000000099999999989 
0.92071064538431823809 0.00000000099999999984 0.07928935261568169357 0.00000000099999999984 
0.91028739544259229532 0.00000000099999999988 0.08971260255740765022 0.00000000099999999988 
0.87028901657883261933 0.00000000099999999980 0.09698313160587861137 0.03272785081528883921 
0.87865691058323525109 0.00000000099999999992 0.12134308741676476384 0.00000000099999999992 
0.93323757961089237600 0.00391548179548614848 0.06026794834083933072 0.00257899025278223327 
0.84719167138580675491 0.00363022678266991441 0.13872974428326687035 0.01044835754825641783 
0.88694331638413226315 0.00224552303558295729 0.11074084676530812632 0.00007031381497664516 
0.88878168905269550049 0.00000000099999999995 0.11121702156507903836 0.00000128838222544122 
0.84392441136717299965 0.00000000099999999998 0.15607557020406651049 0.00000001742876044094 
0.92660355113584502718 0.00000000100000000000 0.06954363243325847876 0.00385281543089650890 
0.00000000099999999980 0.00000000099999999980 0.00923570546831917021 0.99076429253168085687 
0.00000000099999999980 0.00000000099999999980 0.00000000099999999980 0.99999999700000008485 
0.00962094104328224849 0.00000000099999999988 0.00398259352601872205 0.98639646443069894932 
0.00000000099999999995 0.00000000099999999995 0.00000000099999999995 0.99999999699999997382 
0.00160760796518305223 0.00000000099999999981 0.00316192105086903754 0.99523046998394792961 
0.00000000099999999985 0.00000000099999999985 0.00000476307494431988 0.99999523492505559830 
0.00000000099999999988 0.00000000099999999988 0.00350625424850807381 0.99649374375149202265 
0.00000000099999999983 0.00000000099999999983 0.00688630411157532384 0.99311369388842463124 
0.00000000099999999982 0.00000000099999999982 0.00134283726059059700 0.99865716073940946629 
0.00000001064752085136 0.00000000099999999991 0.00000000099999999991 0.99999998735247908055 
0.00000000099999999980 0.00000000099999999980 0.00000000099999999980 0.99999999700000008485 
0.01682144640113846998 0.00000000099999999984 0.00190632288058966023 0.98127222971827188225 
0.00000000099999999981 0.00000000099999999981 0.00000000099999999981 0.99999999700000008485 
0.00303739433346200812 0.00000000099999999983 0.00000000099999999983 0.99696260366653799423 
0.00000000099999999986 0.00000000099999999986 0.00000000099999999986 0.99999999699999997382 
0.00000000840339282195 0.00000000099999999985 0.02453885258024834579 0.97546113801635880858 
0.00021489269204174065 0.00000000099999999989 0.00430283824696712017 0.99548226806099116004 
0.00000000099999999974 0.00000000099999999974 0.00000000099999999974 0.99999999699999997382 
0.02042228230853901025 0.00183959999357662281 0.01602219480263019843 0.96171592289525409392 
0.00981131280616361241 0.00146712532929169754 0.05666211400293084954 0.93205944786161376570 
0.04668540247150791689 0.00000000099999999991 0.00000000099999999991 0.95331459552849207029 
0.00030474066753398806 0.00490903357082357519 0.06767385848516815905 0.92711236727647428069 
0.05790730953664117997 0.00141827886366713892 0.05024119701058340354 0.89043321458910829058 
0.03382433637957987793 0.00307570581695457146 0.06513690060942049775 0.89796305719404512224 
0.01429117441997289004 0.00075827082369503375 0.01624908214564199649 0.96870147261069006195 
0.03790743804881734763 0.00249160000236698992 0.04986779718676200707 0.90973316476205368097 
0.02626775607534998988 0.00163018161116956144 0.04217348890843974213 0.92992857340504064823 
0.00000025020644811024 0.00000000099999999999 0.02919462071677914744 0.97080512807677277198 
0.00000000099999999997 0.00000000099999999997 0.02052130107249089744 0.97947869692750910708 
0.00093974868349159764 0.00000000099999999990 0.05565093184514221386 0.94340931847136610955 
0.00031532316301388879 0.00027337741794697997 0.05476058347110581564 0.94465071594793326160 
0.09826210132145890563 0.00300031578944444551 0.02548677645953575932 0.87325080642956087740 
0.03986666184633676918 0.00567855145097807736 0.05041906953041645073 0.90403571717226871574 
0.06454267868174115574 0.00000000099999999995 0.03856151342008075356 0.89689580689817816062 
0.00000002579377982614 0.00000000099999999990 0.09302771366709534917 0.90697225953912474772 
0.06494423645188500405 0.00000000099999999983 0.05432464816428392296 0.88073111438383111516 
0.06494795479492006252 0.00000000099999999999 0.04739971927980390909 0.88765232492527612607 
0.03374756788561626003 0.00124168119571248193 0.05441990887589510245 0.91059084204277618291 
0.03543039053330965943 0.00000000099999999993 0.00716962987820326213 0.95739997858848713275 
0.13162927167508264858 0.00353119932731603371 0.03774628705428502429 0.82709324194331634850 
0.02210342408870130670 0.00000000099999999998 0.01986244640450774562 0.95803412850679092738 
0.10953022397392798981 0.00125733957484580388 0.00753019745484390449 0.88168223899638231700 
0.09488618444224646009 0.00000000099999999998 0.02214364904877019757 0.88297016550898321796 
0.04695894653497651589 0.00000000099999999979 0.03800563514341413068 0.91503541732160931232 
0.03666058572366332619 0.00000000099999999987 0.00731173802774736856 0.95602767524858944803 
0.76824306148644982972 0.00000000099999999993 0.02783730531959749746 0.20391963219395264906 
0.66515432593265899630 0.00000000099999999985 0.05058974480637172533 0.28425592826096923726 
0.42580941037476316424 0.29509106895649200863 0.03040376830271370942 0.24869575236603103097 
0.76551961175966010131 0.00246690951236065671 0.04955339293273056112 0.18246008579524880533 
0.78894292360850881707 0.00195669860439405454 0.02674143196141513107 0.18235894582568187849 
0.50111920554401701011 0.31791365254650522099 0.00420636574024748060 0.17676077616923027702 
0.51522281482202469949 0.24890823229809000416 0.04275415646340804260 0.19311479641647730232 
0.49309438087190693434 0.25105021382981690392 0.01324791835045813215 0.24260748694781800183 
0.52075800367540636682 0.23762447108690779030 0.01702093869030054871 0.22459658654738517969 
0.57625340750719356020 0.22971128169344443015 0.02884243330441646491 0.16519287749494560025 
0.77222192412806034412 0.00000000099999999982 0.03012889971415249127 0.19764917515778715473 
0.59777867579220200778 0.28133917468623020897 0.00000030112387259230 0.12088184839769521017 
0.74127448516393190658 0.00625645201961759229 0.03600505600951431351 0.21646400680693628216 
0.49797480248813802417 0.30664060611784854649 0.03483635248395737516 0.16054823891005609582 
0.78049459802403864384 0.00000000099999999983 0.03729238545570448538 0.18221301552025687132 
0.78523430196564292238 0.00000000099999999986 0.05182802539136317083 0.16293767164299402528 
0.64623337324828844519 0.29889912781711502898 0.01544346613607663031 0.03942403279851994236 
0.71135083655216402310 0.00000000099999999980 0.03278116657111326132 0.25586799587672276468 
0.73731893798782921490 0.00000000100000000000 0.05752317179689717813 0.20515788921527366995 
0.00000000099999999999 0.00000000099999999999 0.00968839618354356245 0.99031160181645638829 
0.00000000100000000000 0.02582844648693261372 0.07324848347009284277 0.90092306904297447812 
0.00000000099999999984 0.00000000099999999984 0.00000855337492462120 0.99999144462507549846 
0.00000000099999999981 0.00000000099999999981 0.00000000099999999981 0.99999999699999997382 
0.00000000100000000000 0.13847375104319439854 0.00105993761297869097 0.86046631034382692338 
0.00000000099999999991 0.00000000099999999991 0.00005880760837844669 0.99994119039162154827 
0.00000000099999999985 0.00000000099999999985 0.00000000099999999985 0.99999999699999997382 
0.00000000099999999967 0.00000000099999999967 0.00000000099999999967 0.99999999700000008485 
0.00000000099999999979 0.00000000099999999979 0.00230460790662773921 0.99769539009337226965 
0.00000000099999999978 0.00000000099999999978 0.00989688135649685781 0.99010311664350314498 
0.00000000099999999977 0.00000000099999999977 0.00000000099999999977 0.99999999700000008485 
0.00000000099999999971 0.00000000099999999971 0.00000005928478462710 0.99999993871521530853 
0.00568918101097397669 0.00000000099999999984 0.01013902302191930366 0.98417179496710671671 
0.00631849745740325434 0.00000000099999999989 0.00000000099999999989 0.99368150054259662962 
0.00000008041653334005 0.00000000099999999979 0.00000000099999999979 0.99999991758346662429 
0.00000000100000000000 0.00601895478785238486 0.00000000100000000000 0.99398104321214764134 
0.00000000099999999992 0.00000000099999999992 0.03999119842916491752 0.96000879957083495864 
0.00000000099999999986 0.00000000099999999986 0.01695361352587854142 0.98304638447412140412 
0.00000000099999999992 0.00000000099999999992 0.00636262048848650758 0.99363737751151337552 
0.00000000099999999974 0.00000000099999999974 0.00000000099999999974 0.99999999700000008485 
0.00000000099999999986 0.00000000099999999986 0.00000000099999999986 0.99999999700000008485 
0.02314643110948787566 0.00000000099999999995 0.02821625001371944400 0.94863731787679284047 
0.00710853080231440507 0.00445906757840194325 0.02986755164308156629 0.95856484997620206023 
0.00000000099999999984 0.00000000099999999984 0.01071393996887567458 0.98928605803112423800 
0.00000000099999999986 0.00000000099999999986 0.00010946856653653928 0.99989052943346334867 
0.00000000099999999973 0.00000000099999999973 0.00000000099999999973 0.99999999699999997382 
0.00000000099999999982 0.00000000099999999982 0.00000000099999999982 0.99999999699999997382 
0.00000000099999999986 0.00000000099999999986 0.03224737066096312194 0.96775262733903699708 
0.00001583072369266703 0.00000000099999999989 0.00974720855727565817 0.99023695971903158419 
0.00002172256818392800 0.00000000099999999997 0.06380082690314807514 0.93617744952866799313 
0.00000000099999999997 0.00000000099999999997 0.01707269735906466121 0.98292730064093525311 
0.00000000099999999992 0.00000000099999999992 0.00000000099999999992 0.99999999700000008485 
0.00736513440854755057 0.00000000099999999997 0.05898419467265299254 0.93365066991879941405 
0.00591362313261479654 0.00000000099999999991 0.00000000099999999991 0.99408637486738526956 
0.00000002090389083885 0.00363319012328563182 0.00000000100000000000 0.99636678797282340891 
0.00000000099999999999 0.00183958516154064341 0.00000000099999999999 0.99816041283845946541 
0.00000000100000000000 0.00835689391166101296 0.01447616487333704995 0.97716694021500194456 
0.00000000100000000000 0.00600238649303568364 0.00071688016883432286 0.99328073233812996801 
0.00000000100000000000 0.00234815805663665623 0.00000000100000000000 0.99765183994336337214 
0.01704249747290116634 0.00000000099999999991 0.00285552855839598567 0.98010197296870282813 
0.00000006779633543463 0.00000000099999999991 0.00160431228533866274 0.99839561891832595553 
0.01059562230004356190 0.00000000099999999986 0.02411702019833140281 0.96528735650162500459 
0.00440116708536534510 0.00188837370455164689 0.00000000100000000000 0.99371045821008308074 
0.00351019370009846010 0.00000000099999999979 0.00000000099999999979 0.99648980429990141605 
0.00000008252854226672 0.00211571123519235229 0.00360361585275662021 0.99428059038350879995 
0.00552125771601044441 0.00000000099999999991 0.05965721552083174534 0.93482152576315791226 
0.00927954647232044280 0.00000000099999999998 0.00522988643998741499 0.98549056608769203258 
0.03859541235391257541 0.00000000099999999998 0.00000000099999999998 0.96140458564608755054 
0.00837305756251082237 0.00266019726013715053 0.00000002530320385736 0.98896671987414819238 
0.00000595537630162056 0.00000000099999999993 0.01754590820906350157 0.98244813541463482665 
0.00685932713622559431 0.00000000099999999991 0.00000000099999999991 0.99314067086377444404 
0.02422431890956124045 0.00000000099999999989 0.03567584375627001064 0.94009983633416860371 
0.00000000099999999997 0.00000000099999999997 0.00000000099999999997 0.99999999699999997382 
0.00000000099999999988 0.00000000099999999988 0.00000000099999999988 0.99999999699999997382 
0.00000260060487501993 0.00000000099999999982 0.00000000099999999982 0.99999739739512505388 
0.00000000099999999983 0.00000000099999999983 0.00000000099999999983 0.99999999700000008485 
0.00000013313234978557 0.00000000099999999997 0.02249818899284355272 0.97750167687480671308 
0.01107341079187709916 0.00000000099999999985 0.00000000099999999985 0.98892658720812287587 
0.01260440143232103086 0.00000000099999999993 0.00000000099999999993 0.98739559656767883489 
0.00000000099999999998 0.00000000099999999998 0.00356003929065661431 0.99643995870934332082 
0.05369261731047142439 0.00357560442098661148 0.01371651198236897157 0.92901526628617303594 
0.00627202064762796222 0.00145018014607896048 0.00000000100000000000 0.99227779820629302687 
0.00000014835757065890 0.00000000099999999997 0.00000000099999999997 0.99999984964242938368 
0.00000000106868595263 0.00000000099999999999 0.00738712730531768461 0.99261287062599645736 
0.00907097198234419790 0.00036486220374653476 0.02211519332649892339 0.96844897248741035334 
0.00000000100000000000 0.00852697021200271923 0.00111335783360831425 0.99035967095438892649 
0.00601294670976439908 0.00326124733075126069 0.00204494555770527589 0.98868086040177904916 
0.01084368692001021726 0.00117247228284065620 0.00000012487358791390 0.98798371592356115656 
0.00522330069102823914 0.00262724270369413520 0.01069467522659824435 0.98145478137867936397 
0.00000005483762550350 0.00230580972935417496 0.01456929068905929089 0.98312484474396111267 
0.00000000099999999990 0.00000000099999999990 0.00000000099999999990 0.99999999700000008485 
0.00000000099999999981 0.00000000099999999981 0.00000000099999999981 0.99999999699999997382 
0.00000000099999999989 0.00000000099999999989 0.00000000099999999989 0.99999999699999997382 
0.00000000389745628968 0.00000000099999999996 0.00678144164589676753 0.99321855345664700199 
0.02024700955527543311 0.00000000099999999991 0.00959346584344769084 0.97015952360127688525 
0.00000000099999999999 0.00000000099999999999 0.00000000099999999999 0.99999999699999997382 
0.01303774269808590999 0.00420142848637779058 0.00000000100000000000 0.98276082781553630863 
0.00000000099999999994 0.00000000099999999994 0.00000000099999999994 0.99999999699999997382 
0.01132377844008848090 0.00566827199267834134 0.00000000100000000000 0.98300794856723316961 
0.00000000100000000000 0.00243438345333920388 0.00406429856648453814 0.99350131698017618564 
0.00000460260515677543 0.00603831774452054208 0.00013054026234944819 0.99382653938797316240 
0.00008815087032285057 0.00728254953713573100 0.00341299568120139764 0.98921630391133996696 
0.01109540195194810147 0.01172840994931077969 0.01749777679097930250 0.95967841130776188052 
0.01280830682015234034 0.00009753610854522833 0.00000000603495042094 0.98709415103635200772 
0.00000000176843344216 0.00000000099999999991 0.00000000099999999991 0.99999999623156654582 
0.01027879123278136950 0.00000000099999999992 0.00000000099999999992 0.98972120676721864196 
0.00393679289562521000 0.00000000099999999994 0.00034382122951621144 0.99571938487485844860 
0.00000000771986935369 0.00000000099999999996 0.03904642616318309417 0.96095356511694751678 
0.00867498654067122218 0.00000000099999999993 0.01151142484529194335 0.97981358761403680724 
0.00000002143678487135 0.00000000099999999993 0.00000000099999999993 0.99999997656321504280 
0.00000000099999999975 0.00000000099999999975 0.00039590148887625853 0.99960409651112369644 
0.00000128407656042969 0.00000000099999999995 0.01669927446236897997 0.98329944046107053968 
0.00000020178779156973 0.00000000099999999996 0.00662541733925502661 0.99337437987295340580 
0.06287468999571596551 0.00000000099999999998 0.00832371691644949972 0.92880159208783452662 
0.00122898090417619416 0.00000000099999999996 0.00000000099999999996 0.99877101709582383204 
0.01522259646718459453 0.00600560657891641061 0.01786017378445105969 0.96091162316944789268 
0.00000000100000000000 0.00732311965466515315 0.01396704143105706800 0.97870983791427768050 
0.00000000099999999999 0.00105202372263568352 0.00000000099999999999 0.99894797427736425899 
0.00000000100000000000 0.00199822426369162870 0.00000000100000000000 0.99800177373630838407 
0.00000000099999999984 0.00000000099999999984 0.00000000099999999984 0.99999999700000008485 
0.00000001357147007967 0.00000000099999999992 0.04317805229122696764 0.95682193313730290463 
0.00000000099999999984 0.00000000099999999984 0.00000000099999999984 0.99999999700000008485 
0.00617899413695154748 0.00000000099999999991 0.00582707209871404907 0.98799393276433444822 
0.00000000273569021255 0.00000000099999999986 0.00207180837255593799 0.99792818789175385952 
0.00012551358744329681 0.00000000099999999992 0.01948122348193826944 0.98039326193061848702 
0.00000000099999999986 0.00000000099999999986 0.00294590894973673946 0.99705408905026327027 
0.02218230848459391141 0.00000000099999999988 0.00000000099999999988 0.97781768951540604107 
0.00000000099999999988 0.00000000099999999988 0.00000009300613916349 0.99999990499386082199 
0.00000001083709011508 0.00000000099999999992 0.04758549451994740359 0.95241449364296248969 
0.00943677732956035853 0.00000000099999999987 0.00003054095470862018 0.99053268071573108422 
0.00000000099999999986 0.00000000099999999986 0.00000000099999999986 0.99999999700000008485 
0.00000000099999999997 0.00000000099999999997 0.00000013307539414336 0.99999986492460590792 
0.00000000099999999985 0.00000000099999999985 0.00000000099999999985 0.99999999700000008485 
0.00000011814324338556 0.00000000099999999988 0.00553400441114478697 0.99446587644561179609 
0.00000000099999999983 0.00000000099999999983 0.00000000099999999983 0.99999999699999997382 
0.00000000099999999983 0.00000000099999999983 0.00263647465384540683 0.99736352334615463455 
0.00000000099999999986 0.00000000099999999986 0.00580498131569539763 0.99419501668430454444 
0.01104504311443951607 0.00207434584676147692 0.00000000100000000000 0.98688061003879912203 
0.00443181640587745999 0.00111601124275502515 0.00000000100000000000 0.99445217135136754205 
0.01501008554955640326 0.00082004306638799179 0.00163598297090773227 0.98253388841314792668 
0.00113159440333923667 0.00000000099999999989 0.00000000099999999989 0.99886840359666084765 
0.00000000099999999972 0.00000000099999999972 0.00000000099999999972 0.99999999699999997382 
0.01949585904406859332 0.00000000099999999976 0.00000000099999999976 0.98050413895593135916 
0.00871193534960765584 0.00000000099999999986 0.00000000099999999986 0.99128806265039226542 
0.00000000099999999979 0.00000000099999999979 0.00000000099999999979 0.99999999699999997382 
0.00004314793267648818 0.00000000099999999978 0.00305259692195593638 0.99690425414536754101 
0.01273438675508371462 0.00000000099999999978 0.00273185523751958868 0.98453375700739664822 
0.00000000099999999983 0.00000000099999999983 0.00579581152192773768 0.99420418647807229373 
0.00000000099999999972 0.00000000099999999972 0.00000000099999999972 0.99999999699999997382 
0.00000000099999999986 0.00000000099999999986 0.00493204424939148317 0.99506795375060841380 
0.00000000620585975731 0.00000000099999999978 0.00270737708132951123 0.99729261571281069276 
0.00000000099999999977 0.00000000099999999977 0.00000000099999999977 0.99999999700000008485 
0.01118919403046742672 0.00000000099999999989 0.01640456613791385979 0.97240623883161869667 
0.00000000099999999988 0.00000000099999999988 0.00000000099999999988 0.99999999700000008485 
0.00012953568925827118 0.00000000099999999989 0.00000000099999999989 0.99987046231074183655 
0.00000000099999999984 0.00000000099999999984 0.00000000099999999984 0.99999999700000008485 
0.00000000099999999982 0.00000000099999999982 0.00000029356152356134 0.99999970443847641111 
0.00000000099999999980 0.00000000099999999980 0.00000000099999999980 0.99999999700000008485 
0.00000000099999999979 0.00000000099999999979 0.00358631357190160793 0.99641368442809841177 
0.00000000099999999985 0.00000000099999999985 0.00000000308887575965 0.99999999491112423478 
0.00007298396684388020 0.00000000099999999990 0.00166553474247472101 0.99826148029068140222 
0.00000000099999999980 0.00000000099999999980 0.01216994321394889236 0.98783005478605123706 
0.00000000100000000000 0.00360990421094867144 0.00544149007187449355 0.99094860471717682859 
0.04298778230825642255 0.00625872205326248512 0.00031878363872319321 0.95043471199975793073 
0.00000000099999999988 0.00000000099999999988 0.00000000099999999988 0.99999999699999997382 
0.00021089819429639307 0.00283377753942321356 0.03516821860056953963 0.96178710566571079532 
0.00000000100000000000 0.00434292793698001171 0.00230083324435353346 0.99335623781866644322 
0.00000000100000000000 0.00455555252103630789 0.00000000100000000000 0.99544444547896382414 
0.00195945495300228496 0.00137465447101372401 0.00000000100000000000 0.99666588957598389875 
0.00000000099999999993 0.00000000099999999993 0.00000000099999999993 0.99999999699999997382 
0.11170810423862366501 0.00281745102865821198 0.00000000100000000000 0.88547444373271810836 
0.00000000100000000000 0.00242321410427998735 0.00361131607753104695 0.99396546881818903518 
0.00000024787971330192 0.00000000099999999991 0.00001901207071640566 0.99998073904957029967 
0.00003679465779471273 0.00635551425389276840 0.01924277184961005471 0.97436491923870249821 
0.00000325761351457672 0.00257949409928950229 0.00648692826986658078 0.99093032001732928027 
0.00000000099999999987 0.00000000099999999987 0.02265654271534396635 0.97734345528465604858 
0.00496613791646051492 0.00000000099999999985 0.00229341698220651008 0.99274044410133299721 
0.00637310463232400315 0.00000000099999999982 0.00000000099999999982 0.99362689336767606729 
0.00000000099999999982 0.00000000099999999982 0.00000000099999999982 0.99999999700000008485 
0.00005836307152153537 0.00886744972225067714 0.01615226325510365699 0.97492192395112409198 
0.00299693368203667434 0.00000000099999999988 0.00000000099999999988 0.99700306431796348328 
0.00000000100000000000 0.00062470817311029939 0.01793819473882336812 0.98143709608806639633 
0.00878310799304960269 0.00000000099999999984 0.00000000099999999984 0.99121689000695034633 
0.00864020690582823804 0.00000000099999999988 0.00000000099999999988 0.99135979109417171617 
0.00346992146970712730 0.00000000099999999990 0.00000000099999999990 0.99653007653029290758 
0.00000000278037413242 0.00000000099999999988 0.00000000099999999988 0.99999999521962579241 
0.01103896247108091845 0.00125754882362856795 0.00000014804629621183 0.98770334065899434428 
0.00000000099999999978 0.00000000099999999978 0.00000000099999999978 0.99999999699999997382 
0.00000000099999999999 0.00000000099999999999 0.00000000099999999999 0.99999999699999997382 
0.00000000099999999981 0.00000000099999999981 0.00000000099999999981 0.99999999699999997382 
0.00000000099999999975 0.00000000099999999975 0.00000000099999999975 0.99999999700000008485 
0.01601217899975940911 0.00037240358442442405 0.00000004132043626406 0.98361537609537996740 
0.00000000099999999981 0.00000000099999999981 0.00000032396437654592 0.99999967403562350921 
0.00000000099999999976 0.00000000099999999976 0.00000000099999999976 0.99999999699999997382 
0.00000000099999999979 0.00000000099999999979 0.00000000099999999979 0.99999999700000008485 
0.00673288357616476721 0.00000000099999999980 0.00248072099159795788 0.99078639443223726069 
0.05879636145890407284 0.00000000099999999986 0.00000000099999999986 0.94120363654109584495 
0.00000000100000000000 0.00273596409616458196 0.00000000100000000000 0.99726403390383533409 
0.00000000099999999979 0.00000000099999999979 0.00691847577723812661 0.99308152222276191434 
0.00000000099999999986 0.00000000099999999986 0.00000000099999999986 0.99999999700000008485 
0.00000000099999999976 0.00000000099999999976 0.00348947212566078817 0.99651052587433919250 
0.00000000100000000000 0.00258033851982351122 0.00033052810681523631 0.99708913237336127544 
0.00000000099999999977 0.00000000099999999977 0.00000000099999999977 0.99999999699999997382 
0.00000000099999999977 0.00000000099999999977 0.00263661555329640102 0.99736338244670352804 
0.00000000099999999982 0.00000000099999999982 0.02268507350883650422 0.97731492449116352805 
0.00000000099999999970 0.00000000099999999970 0.00000000099999999970 0.99999999699999997382 
0.00000000099999999973 0.00000000099999999973 0.00019496566354768052 0.99980503233645234840 
0.00000001459456907532 0.00000000099999999987 0.00000000099999999987 0.99999998340543083675 
0.00000000099999999981 0.00000000099999999981 0.02084382034888567631 0.97915617765111429005 
0.00000000099999999979 0.00000000099999999979 0.00000000099999999979 0.99999999699999997382 
0.01394192413217544904 0.00000000099999999990 0.02365956266468574945 0.96239851220313876734 
0.00000000722024821280 0.00000000099999999986 0.00741713658594820094 0.99258285519380362594 
0.01908215416750891347 0.00000000099999999994 0.00000011736515239934 0.98091772746733874033 
0.00000000099999999984 0.00000000099999999984 0.00230539457879093542 0.99769460342120908081 
0.00000007426066456188 0.00000000099999999993 0.03181065678995884105 0.96818926794937665292 
0.00005814126349885477 0.00000000099999999988 0.00002252230671912791 0.99991933542978206351 
0.00000000099999999979 0.00000000099999999979 0.00165235802907682324 0.99834763997092312859 
0.00000000099999999979 0.00000000099999999979 0.00000000156019348295 0.99999999643980652664 
0.00000000099999999982 0.00000000099999999982 0.00542864596402881181 0.99457135203597124562 
0.00897222688268946127 0.00000000099999999993 0.06453237539489364849 0.92649539672241676413 
0.00000000099999999971 0.00000000099999999971 0.00134243534216611457 0.99865756265783378609 
0.01365752062941782280 0.00000000099999999989 0.00899604393624233757 0.97734643443433988352 
0.00000000100000000000 0.00372950423979542161 0.00000000100000000000 0.99627049376020448967 
0.00000000099999999981 0.00000000099999999981 0.00000000099999999981 0.99999999700000008485 
0.00000000099999999979 0.00000000099999999979 0.00000000099999999979 0.99999999699999997382 
0.00000000099999999966 0.00000000099999999966 0.00000000099999999966 0.99999999699999997382 
0.00000001257082942425 0.00168440720867613102 0.00008948017663306759 0.99822610004386136406 
0.00000000099999999999 0.00052184088280548472 0.00000000099999999999 0.99947815711719456555 
0.00000000099999999974 0.00000000099999999974 0.00000000099999999974 0.99999999699999997382 
0.00000000099999999977 0.00000000099999999977 0.00000000099999999977 0.99999999700000008485 
0.00000000099999999989 0.00000000099999999989 0.00045087349099666446 0.99954912450900335052 
0.00000000099999999970 0.00000000099999999970 0.00000000099999999970 0.99999999700000008485 
0.00000000099999999995 0.00000000099999999995 0.00510755189162418344 0.99489244610837579419 
0.00000000099999999995 0.00000000099999999995 0.00000000099999999995 0.99999999700000008485 
0.00000000099999999983 0.00000000099999999983 0.00000000099999999983 0.99999999699999997382 
0.00000000099999999987 0.00000000099999999987 0.00000000099999999987 0.99999999700000008485 
0.00954102360896918328 0.00062510902827574730 0.00000000100000000000 0.98983386636275505488 
0.00000000099999999991 0.00000000099999999991 0.00000102860845023433 0.99999896939154975239 
0.00000000100000000000 0.00310620010001113949 0.00000000100000000000 0.99689379789998888715 
0.00000000100000000000 0.00221716508188060310 0.00536163365100171801 0.99242120026711777570 
0.00000000099999999999 0.00193450919840000069 0.00000000099999999999 0.99806548880159995374 
0.01126086881602131502 0.00000000099999999992 0.01638449385403829492 0.97235463632994034722 
0.00553721445625408090 0.00000000099999999971 0.00000000099999999971 0.99446278354374584296 
0.00777477446171942563 0.00000000099999999992 0.03479379869409169462 0.95743142584418894359 
0.00000000099999999968 0.00000000099999999968 0.00000000099999999968 0.99999999700000008485 
0.00000000099999999975 0.00000000099999999975 0.00000360827802715072 0.99999638972197280040 
0.00000000705187264321 0.00000000099999999975 0.00000000099999999975 0.99999999094812730416 
0.00000025927404944558 0.00222101026367492243 0.00000000100000000000 0.99777872946227574857 
0.99992489981698784440 0.00000000099999999980 0.00007509818301212624 0.00000000099999999980 
0.99993424510919215464 0.00000000099999999986 0.00000000099999999986 0.00006575289080795272 
0.97843835056046324361 0.00000000099999999993 0.00000000099999999993 0.02156164743953691357 
0.91548716144587394261 0.00575453370965042614 0.00000000100000000000 0.07875830384447564392 
0.94036588607377580296 0.00415037000714373484 0.00000002694201603759 0.05548371697706436928 
0.99989815618832067479 0.00000000099999999976 0.00000000099999999976 0.00010184181167941247 
0.99999999699999997382 0.00000000099999999979 0.00000000099999999979 0.00000000099999999979 
0.99999999699999997382 0.00000000099999999983 0.00000000099999999983 0.00000000099999999983 
0.99337249633789392878 0.00662750166210597600 0.00000000100000000000 0.00000000100000000000 
0.99640745063738123122 0.00347205702289916408 0.00012049133971958147 0.00000000100000000000 
0.39733198063280678047 0.60266801736719322058 0.00000000099999999999 0.00000000099999999999 
0.46216907255655698128 0.53677020783493722966 0.00000000100000000000 0.00106071860850588109 
0.39176782472434640292 0.60823217327565348711 0.00000000099999999999 0.00000000099999999999 
0.47220372576636049367 0.52779218283026685388 0.00000021791680019182 0.00000387348657251720 
0.53074400361095475098 0.46925599438904519456 0.00000000099999999999 0.00000000099999999999 
0.35606694571842500974 0.64393305228157504683 0.00000000100000000000 0.00000000100000000000 
0.97338365063803244936 0.02661634736196758985 0.00000000099999999999 0.00000000099999999999 
0.99999999700000008485 0.00000000099999999975 0.00000000099999999975 0.00000000099999999975 
0.99999999700000008485 0.00000000099999999975 0.00000000099999999975 0.00000000099999999975 
0.97769758249042448828 0.00000000099999999983 0.00000000099999999983 0.02230241550957568625 
0.99999999139191797504 0.00000000099999999973 0.00000000099999999973 0.00000000660808198746 
0.99999999699999997382 0.00000000099999999985 0.00000000099999999985 0.00000000099999999985 
0.99999999699999997382 0.00000000099999999990 0.00000000099999999990 0.00000000099999999990 
0.99999999700000008485 0.00000000099999999995 0.00000000099999999995 0.00000000099999999995 
0.99999999700000008485 0.00000000099999999988 0.00000000099999999988 0.00000000099999999988 
0.99999999700000008485 0.00000000099999999981 0.00000000099999999981 0.00000000099999999981 
0.99999999699999997382 0.00000000099999999986 0.00000000099999999986 0.00000000099999999986 
0.99999999700000008485 0.00000000099999999980 0.00000000099999999980 0.00000000099999999980 
0.94152089906315383772 0.05847909893684619803 0.00000000099999999999 0.00000000099999999999 
0.95666951565839308813 0.04333048234160701701 0.00000000099999999999 0.00000000099999999999 
0.96313702656428434867 0.03686297143571562462 0.00000000100000000000 0.00000000100000000000 
0.99999999700000008485 0.00000000099999999996 0.00000000099999999996 0.00000000099999999996 
0.02069624342787550891 0.00000000099999999979 0.00000000099999999979 0.97930375457212459622 
0.00000069697662905873 0.00841444766626939754 0.01934528630561409626 0.97223956905148745111 
0.00000002823663576311 0.00474690775573725736 0.03796642066966475493 0.95728664333796231745 
0.01949310306851441410 0.00282878519115186073 0.01104954859533418231 0.96662856314499956412 
0.00000000100000000000 0.00380104921318620559 0.00243463295051297079 0.99376431683630084279 
0.00000000099999999991 0.00000000099999999991 0.00000000099999999991 0.99999999700000008485 
0.00838686876196804119 0.00000000099999999980 0.00000000099999999980 0.99161312923803190955 
0.00000000099999999986 0.00000000099999999986 0.02062013760008580762 0.97937986039991420384 
0.10106894527427064123 0.00684522394211071420 0.02922886391718048510 0.86285696686643809095 
0.00000000100000000000 0.00468846809742284182 0.00000000100000000000 0.99531152990257709678 
0.04555003235369441822 0.00891482785479345494 0.01411393714170560212 0.93142120264980654554 
0.00000222356379395069 0.00631210330164501225 0.08717436227179441166 0.90651131086276659499 
0.00000000100000000000 0.00340942861117903527 0.01558436978656621737 0.98100620060225474095 
0.00000426962901137223 0.00128252001436860818 0.05907846828270089251 0.93963474207391917137 
0.00408027218072644186 0.00377468989094198546 0.00000000100000000000 0.99214503692833155846 
0.00055554921699475150 0.00508700262941851403 0.00502638068596614890 0.98933106746762056183 
0.00000000099999999985 0.00000000099999999985 0.00000000099999999985 0.99999999699999997382 
0.00000000099999999978 0.00000000099999999978 0.00000000099999999978 0.99999999699999997382 
0.01892440654441363002 0.00000000099999999984 0.01319456228516755272 0.96788103017041893228 
0.03166160679040398024 0.00000000099999999992 0.05738051295779653810 0.91095787925179938505 
0.03071454621729131224 0.00000000099999999997 0.00000000099999999997 0.96928545178270864024 
0.00022557214100403584 0.00000000099999999990 0.02545435252907617477 0.97432007432991984963 
0.00000109413658128090 0.00000000099999999992 0.01862228874678265381 0.98137661611663606909 
0.00000000251878825165 0.00000000099999999992 0.00924784839942706209 0.99075214808178468928 
0.03355125767256349201 0.00000000099999999994 0.06268709667552016529 0.90376164465191632935 
0.00000000099999999981 0.00000000099999999981 0.01977500781840599645 0.98022499018159403583 
0.02057332651057095993 0.00000000099999999993 0.06074674147900194221 0.91867993101042710880 
0.00000000099999999992 0.00000000099999999992 0.00000000099999999992 0.99999999699999997382 
0.03121822824873383279 0.00000000099999999987 0.01844223530132044209 0.95033953544994576035 
0.06218891635625488357 0.00000000100000000000 0.14917328138165730778 0.78863780126208771204 
0.02655352339068604850 0.00000000099999999992 0.02219315643890128892 0.95125331917041278107 
0.02834788229115342909 0.00000000099999999985 0.00000000099999999985 0.97165211570884657544 
0.01154427101735911419 0.00000000099999999993 0.03779404439382683112 0.95066168358881397715 
0.05982670430364624842 0.00000000099999999982 0.00000000099999999982 0.94017329369635371794 
