0.271283356562968 0.00107523776328976 0.727641405673742
0.253222964701739 9.9999999992e-10 0.746777034298261
0.120875688362138 0.29662314717293 0.582501164464932
0.294709751497725 0.00364683875272754 0.701643409749548
0.269130867643947 0.00333437246434227 0.727534759891711
0.119133807892075 0.320140661686801 0.560725530421124
0.185437473990513 0.250835725969003 0.563726800040484
0.128889936192101 0.252715833492588 0.61839423031531
0.164962204018954 0.239749251504239 0.595288544476807
0.180531453630598 0.231564704989744 0.587903841379658
0.277968581427597 9.999999999e-10 0.722031417572403
0.13700640982977 0.28408394635136 0.57890964381887
0.254637247604372 0.00722258899922138 0.738140163396407
0.159537346453737 0.308856367363531 0.531606286182732
0.277054447136052 9.9999999993e-10 0.722945551863948
0.292597895525482 9.9999999989e-10 0.707402103474517
0.159450532689543 0.301303862349848 0.539245604960609
0.253297714151989 9.999999999e-10 0.746702284848011
0.282172356050988 0.00224894899543943 0.715578694953572
0.00543216858529158 0.000606613009021467 0.993961218405687
0.0637867175784636 0.0257489805916748 0.910464301829862
0.000654292609409117 9.9999999984e-10 0.999345706390591
9.9999999984e-10 9.9999999984e-10 0.999999998
0.000789747133256215 0.137909289222067 0.861300963644677
7.95627756451e-09 9.9999999995e-10 0.999999991043722
9.9999999991e-10 9.9999999991e-10 0.999999998
9.9999999967e-10 9.9999999967e-10 0.999999998
0.000179426835256023 9.999999998e-10 0.999820572164744
0.00682781679759758 9.9999999979e-10 0.993172182202402
9.9999999979e-10 9.9999999979e-10 0.999999998
5.39485210571e-09 9.9999999972e-10 0.999999993605148
0.00832282626025845 9.9999999985e-10 0.991677172739742
0.003469823523294 9.999999999e-10 0.996530175476706
9.9999999979e-10 9.9999999979e-10 0.999999998
1e-09 0.0061758380404066 0.993824160959593
0.0301639432285602 9.9999999994e-10 0.96983605577144
0.00927399564079434 9.9999999988e-10 0.990726003359206
0.00578054454534406 9.9999999993e-10 0.994219454454656
3.285842388986e-08 9.9999999976e-10 0.999999966141576
1.2941572994516e-07 9.9999999987e-10 0.99999986958427
0.00928985490641941 9.9999999996e-10 0.990710144093581
0.0374415444139507 0.00452585270390909 0.95803260288214
0.00859399243796964 9.9999999986e-10 0.99140600656203
0.00251930615575495 9.9999999987e-10 0.997480692844245
9.9999999974e-10 9.9999999974e-10 0.999999998
1.07237522349103e-06 9.9999999983e-10 0.999998926624777
0.0251753799511171 9.9999999987e-10 0.974824619048883
0.00770553749919535 9.9999999989e-10 0.992294461500805
0.0639263716882694 0.000188587546688203 0.935885040765042
0.0125059021367464 0.000177231838511647 0.987316866024742
9.9999999994e-10 9.9999999994e-10 0.999999998
0.0549310535396124 0.000299435827165858 0.944769510633222
2.55323425937506e-06 9.9999999988e-10 0.999997445765741
1e-09 0.00395067774504324 0.996049321254957
4.7104508122654e-07 0.00200797820318485 0.997991550751734
0.0113319664062411 0.00804799647825988 0.980620037115499
0.000993119271898729 0.00627722139812182 0.992729659329979
6.43846883863745e-06 0.00207101119415414 0.997922550337007
0.0139411022841798 9.9999999991e-10 0.98605889671582
0.00092594938433119 9.9999999991e-10 0.999074049615669
0.0261455995021547 9.9999999988e-10 0.973854399497845
0.00477705556564712 0.00143527132038194 0.993787673113971
9.9999999982e-10 9.9999999982e-10 0.999999998
0.00351876870505576 0.00168244889599169 0.994798782398953
0.0598315405125996 9.999999999e-10 0.9401684584874
0.00359199253864685 0.000177670862989793 0.996230336598363
0.00112145178862143 1e-09 0.998878547211379
5.05265223383427e-05 0.0030283898813615 0.9969210835963
0.0135814037622823 9.9999999994e-10 0.986418595237718
0.000253299588635863 9.9999999991e-10 0.999746699411364
0.0447543514111909 9.999999999e-10 0.955245647588809
3.93107478204e-09 9.9999999998e-10 0.999999995068925
9.999999999e-10 9.999999999e-10 0.999999998
9.74334062856739e-05 9.9999999983e-10 0.999902565593714
2.18701874574218e-06 9.9999999985e-10 0.999997811981254
0.0123490215780499 9.9999999998e-10 0.98765097742195
1.86669297537064e-05 9.9999999985e-10 0.999981332070246
1.60994413134132e-05 9.9999999996e-10 0.999983899558687
0.00346482886083131 0.000668751057577902 0.995866420081591
0.0199252360873313 0.00383260057149226 0.976242163341176
1.28022216713427e-05 0.00154111751352035 0.998446080264808
3.04795143118878e-06 9.9999999998e-10 0.999996951048569
0.00442876324391549 0.00054871476424268 0.995022521991842
0.0218193477815313 0.000988889606178575 0.97719176261229
0.000763379391877413 0.00841132269128749 0.990825297916835
0.000150838131580659 0.00326493731137455 0.996584224557045
0.00594147928873014 0.00124219183400359 0.992816328877266
0.0123379537118741 0.0026525419775429 0.985009504310583
0.0212954078971089 0.00223658172117209 0.976468010381719
8.79299617178e-09 9.9999999992e-10 0.999999990207004
9.9999999982e-10 9.9999999982e-10 0.999999998
2.2818855556146e-07 9.9999999992e-10 0.999999770811444
0.0076283224230287 9.9999999998e-10 0.992371676576971
0.0101208823128648 9.9999999994e-10 0.989879116687135
1e-09 0.00114438635028032 0.99885561264972
5.64606878544635e-06 0.00418725244522942 0.995807101485985
9.7948570413219e-07 9.9999999996e-10 0.999999019514296
1.196223324829e-08 0.0056025384550143 0.994397449582752
0.0065055347190713 0.00262212638748759 0.990872338893441
0.00324736537001703 0.00592450405467341 0.99082813057531
0.00136703158543019 0.00719956290811292 0.991433405506457
0.0117077133066067 0.0120233155452486 0.976268971148145
0.00191324874306821 0.000780347150362774 0.997306404106569
9.9999999992e-10 9.9999999992e-10 0.999999998
7.37714160896215e-06 9.9999999995e-10 0.999992621858391
0.0123278541936982 9.9999999994e-10 0.987672144806302
0.0343011830879832 9.9999999996e-10 0.965698815912017
0.016660002429111 9.9999999993e-10 0.983339996570889
3.34845905328031e-06 9.9999999994e-10 0.999996650540947
0.0023177163453492 9.9999999975e-10 0.997682282654651
0.0222384674268607 9.9999999995e-10 0.977761531573139
0.00545846094597684 9.9999999997e-10 0.994541538054023
0.0284537750702378 9.9999999999e-10 0.971546223929762
0.0211243811444435 9.9999999989e-10 0.978875617855556
0.00447221410387057 0.0010474138877759 0.994480372008353
2.00572149140629e-06 0.0017960733719837 0.998201920906525
0.0034163558976246 0.00633230056045011 0.990251343541925
0.0280650386390225 0.00470762450688125 0.967227336854096
0.0162915771970279 9.9999999987e-10 0.983708421802972
0.0130324473005214 9.9999999993e-10 0.986967551699479
0.0180139882859656 0.00119284435980251 0.980793167354232
0.0444922517124114 0.00775174688953354 0.947756001398055
0.0450578788525602 0.00576781646144603 0.949174304685994
9.9999999999e-10 0.605926862270016 0.394073136729984
8.46011293335825e-05 0.538979927891969 0.460935470978698
1e-09 0.611140834106549 0.388859164893452
0.0298712321107971 0.530231342489246 0.439897425399957
7.76795578831278e-05 0.473103690311888 0.526818630130228
0.000159666470344767 0.647102946512227 0.352737387017428
0.0170260528705357 0.0282391526874155 0.954734794442049
0.014902713557812 9.9999999983e-10 0.985097285442188
0.0122935663253368 9.9999999983e-10 0.987706432674663
3.886300644766e-08 0.00102800524785318 0.99897195588914
0.00779193399218866 9.9999999987e-10 0.992208065007811
0.0354353152861954 0.00155130302430729 0.963013381689497
5.27219771450941e-05 0.00236308714964229 0.997584190873213
0.0776326428279812 0.000681901125864741 0.921685456046154
0.0134399024048481 0.00151029739130742 0.985049800203844
0.00724758396476516 9.9999999993e-10 0.992752415035235
9.9999999991e-10 9.9999999991e-10 0.999999998
9.9999999987e-10 9.9999999987e-10 0.999999998
5.268638660544e-07 0.0607540696651694 0.939245403470965
0.000247833697017482 0.0453152874368729 0.95443687886611
0.0112130287816256 0.038903015468586 0.949883955749788
0.00188477675267235 0.00194993566586379 0.996165287581464
0.0364774431764112 9.9999999992e-10 0.963522555823589
0.0285784229979616 9.9999999991e-10 0.971421576002038
1.36846312893417e-05 9.9999999985e-10 0.999986314368711
0.0447029116266317 9.9999999989e-10 0.955297087373368
0.0216181795845723 9.9999999982e-10 0.978381819415428
9.9999999985e-10 9.9999999985e-10 0.999999998
0.0153650838889062 9.9999999997e-10 0.984634915111094
0.0281162152404993 9.9999999976e-10 0.971883783759501
0.0108929852454669 0.00214353453873716 0.986963480215796
0.015988470842391 9.9999999983e-10 0.984011528157609
0.0241604131902041 9.999999998e-10 0.975839585809796
0.0125897552298136 9.999999997e-10 0.987410243770186
6.821320469662e-08 9.9999999981e-10 0.999999930786795
0.017886570447402 9.9999999989e-10 0.982113428552598
0.0463658698048619 9.9999999991e-10 0.953634129195138
0.00737555422773557 9.9999999985e-10 0.992624444772265
0.0281205976080887 9.9999999989e-10 0.971879401391911
0.0191513126029178 9.9999999993e-10 0.980848686397082
0.0256327905210194 9.9999999998e-10 0.974367208478981
0.0206687938679636 9.9999999993e-10 0.979331205132036
0.00420174714914214 9.9999999989e-10 0.995798251850858
0.0371529411805457 9.9999999988e-10 0.962847057819454
0.0400199750695164 9.9999999988e-10 0.959980023930484
0.0391567318759604 9.9999999989e-10 0.96084326712404
0.0766998641844533 9.9999999995e-10 0.923300134815547
0.0158624747224777 9.999999998e-10 0.984137524277522
0.00611762431373515 9.9999999995e-10 0.993882374686265
0.024600871232898 9.9999999993e-10 0.975399127767102
0.038564876295727 9.9999999992e-10 0.961435122704273
2.04929319989263e-06 9.9999999984e-10 0.9999979497068
7.15156248539931e-05 0.00561406502477371 0.994314419350372
0.00495597288810577 0.000391278434446578 0.994652748677448
9.9999999995e-10 9.9999999995e-10 0.999999998
0.0352605458389943 0.0191351655800708 0.945604288580935
0.0543460089846412 0.0235979464106995 0.922056044604659
0.0326556800218245 0.0228221059862642 0.944522213991911
0.0463659680477289 0.0226903912603397 0.930943640691931
0.0121920606436634 0.0256070729996802 0.962200866356656
0.0401222684107215 0.0239679323943053 0.935909799194973
0.0351264508986112 0.0321424094261857 0.932731139675203
0.0702896045456772 0.0314263480715823 0.89828404738274
0.0477347814462253 0.0198397782994744 0.9324254402543
0.0436150340807778 0.0353330241721082 0.921051941747114
0.0385083616244417 0.0254523547155746 0.936039283659984
0.0020340824836171 0.0613242817751714 0.936641635741212
0.0321797417945364 0.0724269142822958 0.895393343923168
0.0361227300988841 0.0415638369213976 0.922313432979718
0.13099974302742 0.0796800696650609 0.789320187307519
0.0144569508977681 0.0564690108781662 0.929074038224066
0.00974979582881706 0.0481648993767388 0.942085304794444
1.80084425530528e-05 0.0806002336719691 0.919381757885478
0.000692575708299487 0.0535545072436378 0.945752917048063
7.52270386111071e-05 0.0642347322401666 0.935690040721222
0.000124428292795549 0.0366857299092311 0.963189841797973
0.00465248269200547 0.0450860156892065 0.950261501618788
0.0343701040023795 0.0669926109881839 0.898637285009437
0.0275189703829056 0.0668595954473676 0.905621434169727
0.0204796653257709 0.0296581620492955 0.949862172624934
0.0667203789107619 0.0300134687935626 0.903266152295676
9.9999999994e-10 9.9999999994e-10 0.999999998
7.14628521073385e-06 9.9999999994e-10 0.999992852714789
8.3761139873658e-06 9.9999999984e-10 0.999991622886013
0.00537459564732916 0.00119564660507323 0.993429757747598
9.9999999999e-10 0.00396429352001362 0.996035705479986
0.00378132357638711 9.999999998e-10 0.996218675423613
0.00133326464383537 9.9999999978e-10 0.998666734356165
0.00528784231473306 0.00507897846497062 0.989633179220296
9.9999999984e-10 9.9999999984e-10 0.999999998
4.73596341941425e-06 0.00487580782403798 0.995119456212543
0.000753401939329514 0.00891094221137207 0.990335655849298
0.0212544588222182 9.9999999985e-10 0.978745540177782
0.00955021269284025 0.00323890302562849 0.987210884281531
0.0233468698415455 9.9999999998e-10 0.976653129158454
0.00404971832394697 0.00424727386902235 0.991703007807031
1e-09 0.00153286853046738 0.998467130469533
0.00322317122598321 0.0246634504608278 0.972113378313189
0.0189936101309066 9.999999999e-10 0.981006388869093
3.433800193276e-08 9.9999999986e-10 0.999999964661998
0.0159819218693329 9.9999999984e-10 0.984018077130667
0.0183365559553814 9.9999999982e-10 0.981663443044619
0.0459916716914869 9.999999999e-10 0.954008327308513
0.0133516716549681 9.9999999984e-10 0.986648327345032
0.0591191860327393 9.9999999988e-10 0.940880812967261
9.9999999988e-10 9.9999999988e-10 0.999999998
0.00705368706138763 9.9999999979e-10 0.992946311938612
0.0174005217946274 0.00468029599928307 0.97791918220609
0.0213843494691161 0.00501834183656616 0.973597308694318
0.00688551149367924 0.00880500485839916 0.984309483647922
1.01702818127886e-05 9.9999999994e-10 0.999989828718187
0.000415882452921476 0.000842044316934578 0.998742073230144
0.00538356298879428 0.00423406804101517 0.99038236897019
0.00792299143081109 0.00389307476138587 0.988183933807803
0.000386178670886938 9.9999999999e-10 0.999613820329113
0.000189181154090228 0.00474210706429402 0.995068711781616
0.0247293418084848 0.000870351692472125 0.974400306499043
0.0068901989187048 0.00387913184398485 0.98923066923731
0.00942876181343334 9.9999999983e-10 0.990571237186567
0.016475513993678 9.9999999997e-10 0.983524485006322
2.4960615148717e-07 0.00116233767532094 0.998837412718528
3.8931657722422e-06 0.00231548502761518 0.997680621806613
0.00279971891738889 0.00813167930260293 0.989068601780008
0.000262881899042739 9.9999999986e-10 0.999737117100957
0.0400485442431745 9.9999999983e-10 0.959951454756826
0.020175916273724 9.9999999986e-10 0.979824082726276
0.044815392232925 9.9999999986e-10 0.955184606767075
0.004429594651246 9.9999999985e-10 0.995570404348754
0.00643936773224658 9.999999999e-10 0.993560631267753
0.028006376077263 9.9999999992e-10 0.971993622922737
9.7303997994207e-07 9.9999999983e-10 0.99999902596002
0.0191279844174556 9.9999999992e-10 0.980872014582544
9.9999999954e-10 0.999999998 9.9999999954e-10
9.9999999962e-10 0.999999998 9.9999999962e-10
9.9999999981e-10 0.999999998 9.9999999981e-10
9.999999999e-10 0.999999998 9.999999999e-10
9.9999999971e-10 0.999999998 9.9999999971e-10
9.9999999968e-10 0.999999998 9.9999999968e-10
9.9999999998e-10 0.999999998 9.9999999998e-10
9.9999999966e-10 0.999999998 9.9999999966e-10
9.9999999981e-10 0.999999998 9.9999999981e-10
9.9999999996e-10 0.999999998 9.9999999996e-10
9.9999999989e-10 0.999999998 9.9999999989e-10
9.9999999968e-10 0.999999998 9.9999999968e-10
9.999999998e-10 0.999999998 9.999999998e-10
9.9999999986e-10 0.999999998 9.9999999986e-10
9.9999999997e-10 0.999999998 9.9999999997e-10
9.9999999967e-10 0.999999998 9.9999999967e-10
9.9999999966e-10 0.999999998 9.9999999966e-10
9.9999999968e-10 0.999999998 9.9999999968e-10
9.9999999984e-10 0.999999998 9.9999999984e-10
0.208210630815169 0.56919412802912 0.222595241155711
0.0572376274232893 9.9999999985e-10 0.942762371576711
0.0630186331322652 9.9999999991e-10 0.936981365867735
0.0235956849309823 9.999999999e-10 0.976404314069018
8.195239421864e-08 9.9999999978e-10 0.999999917047606
0.0962878760063516 9.9999999992e-10 0.903712122993648
0.0528160525374511 9.9999999992e-10 0.947183946462549
0.0146765681898136 9.9999999983e-10 0.985323430810186
0.0181182078085081 9.999999998e-10 0.981881791191492
0.0351263559394239 9.9999999986e-10 0.964873643060576
0.00788129249224811 9.9999999979e-10 0.992118706507752
0.0176058947320608 9.9999999978e-10 0.982394104267939
0.0343282872960343 9.9999999987e-10 0.965671711703966
0.00118813430678646 9.9999999981e-10 0.998811864693214
0.0404611813005124 9.9999999986e-10 0.959538817699488
0.00585289726012634 9.9999999986e-10 0.994147101739874
0.458126483040291 9.9999999987e-10 0.541873515959709
0.534095772651893 9.9999999989e-10 0.465904226348107
0.513259037230254 9.9999999986e-10 0.486740961769746
0.525697904388674 9.9999999994e-10 0.474302094611326
0.505904631584734 9.999999998e-10 0.494095367415266
0.483349893115759 9.9999999993e-10 0.516650105884241
0.473799775601216 9.9999999988e-10 0.526200223398784
0.491945364736472 9.9999999997e-10 0.508054634263528
0.407842989481331 0.00572213876395427 0.586434871754715
0.472499712058609 0.0050052785909514 0.522495009350439
0.483991296427216 0.00199145163945015 0.514017251933334
0.517306696347506 9.9999999989e-10 0.482693302652494
9.9999999976e-10 9.9999999976e-10 0.999999998
9.9999999972e-10 9.9999999972e-10 0.999999998
0.0159952580807678 9.9999999989e-10 0.984004740919232
0.0217770440594953 9.9999999989e-10 0.978222954940505
0.0299110877444548 9.9999999995e-10 0.970088911255545
9.9999999965e-10 9.9999999965e-10 0.999999998
0.0100673132331744 9.9999999984e-10 0.989932685766825
0.00467955561931084 9.9999999984e-10 0.995320443380689
0.0084650358656381 9.9999999992e-10 0.991534963134362
0.0436310277962919 0.00898631068604249 0.947382661517666
0.0209747910767222 0.0032838784308153 0.975741330492462
0.0153145590167898 9.9999999995e-10 0.98468543998321
0.00678407678944055 0.00829723752878572 0.984918685681774
1.319864475146e-08 0.0130440248295158 0.986955961971839
0.00154393093331029 0.00497259789006661 0.993483471176623
0.0224082837012685 0.00710840273803505 0.970483313560697
0.0305013199257082 9.9999999998e-10 0.969498679074292
0.00898537819473566 9.9999999995e-10 0.991014620805264
0.0023496431435459 0.020691617719 0.976958739137454
5.24922230962866e-05 0.00349881538821851 0.996448692388685
0.0109012902031239 0.00192753528935855 0.987171174507518
9.6563461107734e-07 9.9999999987e-10 0.999999033365389
4.4623465143743e-07 9.9999999993e-10 0.999999552765348
0.00401818257265492 9.9999999977e-10 0.995981816427345
0.0128138748008851 9.999999998e-10 0.987186124199115
0.0115532821171058 9.9999999975e-10 0.988446716882894
4.68864670663801e-05 9.9999999965e-10 0.999953112532934
9.9999999978e-10 9.9999999978e-10 0.999999998
9.9999999975e-10 9.9999999975e-10 0.999999998
0.0103339556270437 9.9999999981e-10 0.989666043372956
9.9999999975e-10 9.9999999975e-10 0.999999998
0.00539293067722934 9.9999999987e-10 0.994607068322771
9.9999999968e-10 9.9999999968e-10 0.999999998
2.7769695614724e-07 9.9999999972e-10 0.999999721303044
0.020850164177496 0.00237547859811511 0.976774357224389
0.000607198473645887 0.000404507665012379 0.998988293861342
0.00484575437680491 9.9999999987e-10 0.995154244623195
0.00245556785982675 0.000722879279460206 0.996821552860713
0.00526625545238545 0.00223608120607029 0.992497663341544
3.58194588282534e-06 9.9999999971e-10 0.999996417054117
0.00364665099970985 9.999999998e-10 0.99635334800029
0.017951741904157 9.9999999974e-10 0.982048257095843
1e-09 0.00331394919933044 0.996686049800669
1e-09 0.00117903865481245 0.998820960345188
0.00016289242448084 9.999999999e-10 0.999837106575519
6.29760121982102e-06 9.9999999988e-10 0.99999370139878
0.00025070499866642 9.9999999997e-10 0.999749294001333
0.0130170934479268 0.00226956657162381 0.984713339980449
1.01165184727e-09 0.00471151075360389 0.995288488234744
2.5752139415516e-06 9.9999999991e-10 0.999997423786058
3.46321791761573e-05 9.9999999988e-10 0.999965366820824
0.0077770932803058 9.9999999979e-10 0.992222905719694
1.92548879689e-09 9.9999999979e-10 0.999999997074511
