0.99999999100000014352 0.00000000099999999808 0.00000000099999999808 0.00000000099999999808 0.00000000099999999808 0.00000000099999999808 0.00000000099999999808 0.00000000099999999808 0.00000000099999999808 0.00000000099999999808 
0.99999999100000003249 0.00000000099999999819 0.00000000099999999819 0.00000000099999999819 0.00000000099999999819 0.00000000099999999819 0.00000000099999999819 0.00000000099999999819 0.00000000099999999819 0.00000000099999999819 
0.99999999100000003249 0.00000000099999999813 0.00000000099999999813 0.00000000099999999813 0.00000000099999999813 0.00000000099999999813 0.00000000099999999813 0.00000000099999999813 0.00000000099999999813 0.00000000099999999813 
0.99999999100000014352 0.00000000099999999817 0.00000000099999999817 0.00000000099999999817 0.00000000099999999817 0.00000000099999999817 0.00000000099999999817 0.00000000099999999817 0.00000000099999999817 0.00000000099999999817 
0.99999999100000014352 0.00000000099999999823 0.00000000099999999823 0.00000000099999999823 0.00000000099999999823 0.00000000099999999823 0.00000000099999999823 0.00000000099999999823 0.00000000099999999823 0.00000000099999999823 
0.99999999100000003249 0.00000000099999999822 0.00000000099999999822 0.00000000099999999822 0.00000000099999999822 0.00000000099999999822 0.00000000099999999822 0.00000000099999999822 0.00000000099999999822 0.00000000099999999822 
0.99999999100000003249 0.00000000099999999813 0.00000000099999999813 0.00000000099999999813 0.00000000099999999813 0.00000000099999999813 0.00000000099999999813 0.00000000099999999813 0.00000000099999999813 0.00000000099999999813 
0.99999999100000014352 0.00000000099999999829 0.00000000099999999829 0.00000000099999999829 0.00000000099999999829 0.00000000099999999829 0.00000000099999999829 0.00000000099999999829 0.00000000099999999829 0.00000000099999999829 
0.99999999100000014352 0.00000000099999999816 0.00000000099999999816 0.00000000099999999816 0.00000000099999999816 0.00000000099999999816 0.00000000099999999816 0.00000000099999999816 0.00000000099999999816 0.00000000099999999816 
0.99999999100000014352 0.00000000099999999826 0.00000000099999999826 0.00000000099999999826 0.00000000099999999826 0.00000000099999999826 0.00000000099999999826 0.00000000099999999826 0.00000000099999999826 0.00000000099999999826 
0.99999999100000003249 0.00000000099999999820 0.00000000099999999820 0.00000000099999999820 0.00000000099999999820 0.00000000099999999820 0.00000000099999999820 0.00000000099999999820 0.00000000099999999820 0.00000000099999999820 
0.99999999100000014352 0.00000000099999999854 0.00000000099999999854 0.00000000099999999854 0.00000000099999999854 0.00000000099999999854 0.00000000099999999854 0.00000000099999999854 0.00000000099999999854 0.00000000099999999854 
0.99999999100000014352 0.00000000099999999822 0.00000000099999999822 0.00000000099999999822 0.00000000099999999822 0.00000000099999999822 0.00000000099999999822 0.00000000099999999822 0.00000000099999999822 0.00000000099999999822 
0.99999999100000003249 0.00000000099999999816 0.00000000099999999816 0.00000000099999999816 0.00000000099999999816 0.00000000099999999816 0.00000000099999999816 0.00000000099999999816 0.00000000099999999816 0.00000000099999999816 
0.99999999100000003249 0.00000000099999999819 0.00000000099999999819 0.00000000099999999819 0.00000000099999999819 0.00000000099999999819 0.00000000099999999819 0.00000000099999999819 0.00000000099999999819 0.00000000099999999819 
0.99999999100000003249 0.00000000099999999819 0.00000000099999999819 0.00000000099999999819 0.00000000099999999819 0.00000000099999999819 0.00000000099999999819 0.00000000099999999819 0.00000000099999999819 0.00000000099999999819 
0.99999999100000014352 0.00000000099999999818 0.00000000099999999818 0.00000000099999999818 0.00000000099999999818 0.00000000099999999818 0.00000000099999999818 0.00000000099999999818 0.00000000099999999818 0.00000000099999999818 
0.99999999100000014352 0.00000000099999999831 0.00000000099999999831 0.00000000099999999831 0.00000000099999999831 0.00000000099999999831 0.00000000099999999831 0.00000000099999999831 0.00000000099999999831 0.00000000099999999831 
0.99999999100000003249 0.00000000099999999834 0.00000000099999999834 0.00000000099999999834 0.00000000099999999834 0.00000000099999999834 0.00000000099999999834 0.00000000099999999834 0.00000000099999999834 0.00000000099999999834 
0.99999999100000014352 0.00000000099999999832 0.00000000099999999832 0.00000000099999999832 0.00000000099999999832 0.00000000099999999832 0.00000000099999999832 0.00000000099999999832 0.00000000099999999832 0.00000000099999999832 
0.99999999100000003249 0.00000000099999999823 0.00000000099999999823 0.00000000099999999823 0.00000000099999999823 0.00000000099999999823 0.00000000099999999823 0.00000000099999999823 0.00000000099999999823 0.00000000099999999823 
0.99999999100000014352 0.00000000099999999827 0.00000000099999999827 0.00000000099999999827 0.00000000099999999827 0.00000000099999999827 0.00000000099999999827 0.00000000099999999827 0.00000000099999999827 0.00000000099999999827 
0.99999999100000014352 0.00000000099999999824 0.00000000099999999824 0.00000000099999999824 0.00000000099999999824 0.00000000099999999824 0.00000000099999999824 0.00000000099999999824 0.00000000099999999824 0.00000000099999999824 
0.99999999100000014352 0.00000000099999999826 0.00000000099999999826 0.00000000099999999826 0.00000000099999999826 0.00000000099999999826 0.00000000099999999826 0.00000000099999999826 0.00000000099999999826 0.00000000099999999826 
0.99999999100000003249 0.00000000099999999874 0.00000000099999999874 0.00000000099999999874 0.00000000099999999874 0.00000000099999999874 0.00000000099999999874 0.00000000099999999874 0.00000000099999999874 0.00000000099999999874 
0.99999999100000003249 0.00000000099999999823 0.00000000099999999823 0.00000000099999999823 0.00000000099999999823 0.00000000099999999823 0.00000000099999999823 0.00000000099999999823 0.00000000099999999823 0.00000000099999999823 
0.99999999100000003249 0.00000000099999999830 0.00000000099999999830 0.00000000099999999830 0.00000000099999999830 0.00000000099999999830 0.00000000099999999830 0.00000000099999999830 0.00000000099999999830 0.00000000099999999830 
0.99999999100000014352 0.00000000099999999831 0.00000000099999999831 0.00000000099999999831 0.00000000099999999831 0.00000000099999999831 0.00000000099999999831 0.00000000099999999831 0.00000000099999999831 0.00000000099999999831 
0.99999999100000014352 0.00000000099999999834 0.00000000099999999834 0.00000000099999999834 0.00000000099999999834 0.00000000099999999834 0.00000000099999999834 0.00000000099999999834 0.00000000099999999834 0.00000000099999999834 
0.99999999100000014352 0.00000000099999999829 0.00000000099999999829 0.00000000099999999829 0.00000000099999999829 0.00000000099999999829 0.00000000099999999829 0.00000000099999999829 0.00000000099999999829 0.00000000099999999829 
0.99999999100000014352 0.00000000099999999854 0.00000000099999999854 0.00000000099999999854 0.00000000099999999854 0.00000000099999999854 0.00000000099999999854 0.00000000099999999854 0.00000000099999999854 0.00000000099999999854 
0.99999999100000014352 0.00000000099999999881 0.00000000099999999881 0.00000000099999999881 0.00000000099999999881 0.00000000099999999881 0.00000000099999999881 0.00000000099999999881 0.00000000099999999881 0.00000000099999999881 
0.99999999100000014352 0.00000000099999999847 0.00000000099999999847 0.00000000099999999847 0.00000000099999999847 0.00000000099999999847 0.00000000099999999847 0.00000000099999999847 0.00000000099999999847 0.00000000099999999847 
0.99999999100000003249 0.00000000099999999870 0.00000000099999999870 0.00000000099999999870 0.00000000099999999870 0.00000000099999999870 0.00000000099999999870 0.00000000099999999870 0.00000000099999999870 0.00000000099999999870 
0.99999999100000014352 0.00000000099999999844 0.00000000099999999844 0.00000000099999999844 0.00000000099999999844 0.00000000099999999844 0.00000000099999999844 0.00000000099999999844 0.00000000099999999844 0.00000000099999999844 
0.99999999100000014352 0.00000000099999999860 0.00000000099999999860 0.00000000099999999860 0.00000000099999999860 0.00000000099999999860 0.00000000099999999860 0.00000000099999999860 0.00000000099999999860 0.00000000099999999860 
0.99999999100000014352 0.00000000099999999851 0.00000000099999999851 0.00000000099999999851 0.00000000099999999851 0.00000000099999999851 0.00000000099999999851 0.00000000099999999851 0.00000000099999999851 0.00000000099999999851 
0.99999999100000003249 0.00000000099999999853 0.00000000099999999853 0.00000000099999999853 0.00000000099999999853 0.00000000099999999853 0.00000000099999999853 0.00000000099999999853 0.00000000099999999853 0.00000000099999999853 
0.99999999100000003249 0.00000000099999999859 0.00000000099999999859 0.00000000099999999859 0.00000000099999999859 0.00000000099999999859 0.00000000099999999859 0.00000000099999999859 0.00000000099999999859 0.00000000099999999859 
0.99999999100000003249 0.00000000099999999886 0.00000000099999999886 0.00000000099999999886 0.00000000099999999886 0.00000000099999999886 0.00000000099999999886 0.00000000099999999886 0.00000000099999999886 0.00000000099999999886 
0.99999999100000003249 0.00000000099999999849 0.00000000099999999849 0.00000000099999999849 0.00000000099999999849 0.00000000099999999849 0.00000000099999999849 0.00000000099999999849 0.00000000099999999849 0.00000000099999999849 
0.99999999100000003249 0.00000000099999999869 0.00000000099999999869 0.00000000099999999869 0.00000000099999999869 0.00000000099999999869 0.00000000099999999869 0.00000000099999999869 0.00000000099999999869 0.00000000099999999869 
0.99999999100000014352 0.00000000099999999854 0.00000000099999999854 0.00000000099999999854 0.00000000099999999854 0.00000000099999999854 0.00000000099999999854 0.00000000099999999854 0.00000000099999999854 0.00000000099999999854 
0.99999999100000003249 0.00000000099999999851 0.00000000099999999851 0.00000000099999999851 0.00000000099999999851 0.00000000099999999851 0.00000000099999999851 0.00000000099999999851 0.00000000099999999851 0.00000000099999999851 
0.99999999100000014352 0.00000000099999999868 0.00000000099999999868 0.00000000099999999868 0.00000000099999999868 0.00000000099999999868 0.00000000099999999868 0.00000000099999999868 0.00000000099999999868 0.00000000099999999868 
0.99999999100000003249 0.00000000099999999855 0.00000000099999999855 0.00000000099999999855 0.00000000099999999855 0.00000000099999999855 0.00000000099999999855 0.00000000099999999855 0.00000000099999999855 0.00000000099999999855 
0.99999999100000014352 0.00000000099999999861 0.00000000099999999861 0.00000000099999999861 0.00000000099999999861 0.00000000099999999861 0.00000000099999999861 0.00000000099999999861 0.00000000099999999861 0.00000000099999999861 
0.99999999100000003249 0.00000000099999999890 0.00000000099999999890 0.00000000099999999890 0.00000000099999999890 0.00000000099999999890 0.00000000099999999890 0.00000000099999999890 0.00000000099999999890 0.00000000099999999890 
0.99999999100000003249 0.00000000099999999894 0.00000000099999999894 0.00000000099999999894 0.00000000099999999894 0.00000000099999999894 0.00000000099999999894 0.00000000099999999894 0.00000000099999999894 0.00000000099999999894 
0.99999999100000025454 0.00000000099999999909 0.00000000099999999909 0.00000000099999999909 0.00000000099999999909 0.00000000099999999909 0.00000000099999999909 0.00000000099999999909 0.00000000099999999909 0.00000000099999999909 
0.99999999100000014352 0.00000000099999999947 0.00000000099999999947 0.00000000099999999947 0.00000000099999999947 0.00000000099999999947 0.00000000099999999947 0.00000000099999999947 0.00000000099999999947 0.00000000099999999947 
0.00000000099999999924 0.00000000099999999924 0.00000000099999999924 0.00000000099999999924 0.00000000099999999924 0.00000000099999999924 0.10880290558284536062 0.89119708641715456032 0.00000000099999999924 0.00000000099999999924 
0.00000000099999999909 0.00000000898693946651 0.00000000099999999909 0.00000000099999999909 0.00000000099999999909 0.00000000099999999909 0.16110174717736727712 0.83889823683569331170 0.00000000099999999909 0.00000000099999999909 
0.00000000099999999941 0.00000000099999999941 0.00000000099999999941 0.00000000099999999941 0.00000000099999999941 0.00000000099999999941 0.16435676028361775880 0.83564323171638221766 0.00000000099999999941 0.00000000099999999941 
0.00000000099999999886 0.00293891446538686917 0.00000000099999999886 0.00000000099999999886 0.01380544102260555100 0.00000000099999999886 0.12037680844227738319 0.86287883006973020716 0.00000000099999999886 0.00000000099999999886 
0.00000000099999999896 0.00771780562644507583 0.00000000099999999896 0.00000000099999999896 0.00000000099999999896 0.00000000099999999896 0.08635430662692755721 0.90592788074662733422 0.00000000099999999896 0.00000000099999999896 
0.00000000099999999880 0.00000000099999999880 0.00000000099999999880 0.00000000099999999880 0.00776008870553420230 0.00000000099999999880 0.12309603408697047944 0.86914387020749517276 0.00000000099999999880 0.00000000099999999880 
0.00000000099999999918 0.02097046917994615720 0.00000000099999999918 0.00000000099999999918 0.00000000099999999918 0.00000000099999999918 0.11893773433790426342 0.86009178948214959348 0.00000000099999999918 0.00000000099999999918 
0.00000000099999999888 0.00000000099999999888 0.00000000099999999888 0.00000000099999999888 0.00000008345804627132 0.00000000099999999888 0.10858352111264885087 0.89141638842930470688 0.00000000099999999888 0.00000000099999999888 
0.00000000099999999911 0.00749712562593188910 0.00000000099999999911 0.00000000099999999911 0.00000000099999999911 0.00000000099999999911 0.13300955453196622313 0.85949331284210184201 0.00000000099999999911 0.00000000099999999911 
0.00000000099999999973 0.00000000099999999973 0.00000000099999999973 0.00000000099999999973 0.05312974609520203229 0.00657183976126549541 0.09795033794580615405 0.84234807019772639514 0.00000000099999999973 0.00000000099999999973 
0.00000000099999999896 0.00000000099999999896 0.00000000099999999896 0.00000000099999999896 0.00000000099999999896 0.00000000099999999896 0.11558862324582443171 0.88441136875417558638 0.00000000099999999896 0.00000000099999999896 
0.00000000099999999894 0.00751138473862128508 0.00000000099999999894 0.00000000099999999894 0.00000000099999999894 0.00000000099999999894 0.13654034080835911191 0.85594826745301944015 0.00000000099999999894 0.00000000099999999894 
0.00000000099999999960 0.00000208747176151590 0.00000000099999999960 0.00000000099999999960 0.04820292387387893618 0.00711027328768824157 0.15274241175393502012 0.79194229861273635063 0.00000000099999999960 0.00000000099999999960 
0.00000000099999999914 0.02213007964168086858 0.00000000099999999914 0.00000000099999999914 0.00000000099999999914 0.00000000099999999914 0.11299493560545254001 0.86487497775286659163 0.00000000099999999914 0.00000000099999999914 
0.00000000099999999949 0.00000000111385142626 0.00000000099999999949 0.00000000099999999949 0.00000000099999999949 0.00000000099999999949 0.08193242353786400756 0.91806756834828473490 0.00000000099999999949 0.00000000099999999949 
0.00000000099999999878 0.00000000099999999878 0.00000000099999999878 0.00000000099999999878 0.00000000099999999878 0.00000000099999999878 0.10804648064332401936 0.89195351135667588771 0.00000000099999999878 0.00000000099999999878 
0.00000000099999999934 0.00845823543099326509 0.00000000099999999934 0.00000000099999999934 0.00046296150440491829 0.00000000099999999934 0.19729046927388946275 0.79378832779071228920 0.00000000099999999934 0.00000000099999999934 
0.00000000099999999939 0.00000000099999999939 0.00000000099999999939 0.00000000099999999939 0.00000000099999999939 0.00000000099999999939 0.16502828981864808844 0.83497170218135197128 0.00000000099999999939 0.00000000099999999939 
0.00000000099999999909 0.00000000099999999909 0.00000000099999999909 0.00000000099999999909 0.00000000099999999909 0.00000000099999999909 0.12263426465397415932 0.87736572734602591428 0.00000000099999999909 0.00000000099999999909 
0.00000000099999999905 0.00000000099999999905 0.00000000099999999905 0.00000000099999999905 0.00766107534097945891 0.00000000099999999905 0.12286221886790886504 0.86947669879111166846 0.00000000099999999905 0.00000000099999999905 
0.00000000099999999909 0.02948511927234177127 0.00000000099999999909 0.00000000099999999909 0.00478620004254949258 0.00000000099999999909 0.16587264346660349212 0.79985603121850534780 0.00000000099999999909 0.00000000099999999909 
0.00000000099999999885 0.00000000099999999885 0.00000000099999999885 0.00000000099999999885 0.03786826698835832339 0.00000000099999999885 0.15425033530192347464 0.80788139070971820566 0.00000000099999999885 0.00000000099999999885 
0.00000000099999999912 0.00000000099999999912 0.00000000099999999912 0.00000000099999999912 0.00002516517037819630 0.00000000099999999912 0.12886027414671172298 0.87111455368291001999 0.00000000099999999912 0.00000000099999999912 
0.00000000099999999912 0.00000000099999999912 0.00000000099999999912 0.00000000099999999912 0.00000000099999999912 0.00000000099999999912 0.18216887755071237143 0.81783111444928768829 0.00000000099999999912 0.00000000099999999912 
0.00000000099999999943 0.00000000099999999943 0.00000000099999999943 0.00000000099999999943 0.00002374439498791177 0.00000000099999999943 0.19786222401722627917 0.80211402458778580105 0.00000000099999999943 0.00000000099999999943 
0.00000000099999999897 0.00000000099999999897 0.00000000099999999897 0.00000000099999999897 0.01520870902046687553 0.00000000099999999897 0.12456860906067343531 0.86022267491885961999 0.00000000099999999897 0.00000000099999999897 
0.00000000099999999911 0.00000000099999999911 0.00000000099999999911 0.00000000099999999911 0.00000047851331212354 0.00000000099999999911 0.17004749411916733615 0.82995202036752058206 0.00000000099999999911 0.00000000099999999911 
0.00017115010360832365 0.00000000099999999984 0.00000000099999999984 0.00433863768915837989 0.00000039191797336023 0.00000000099999999984 0.19428538052626864729 0.80120443476299130214 0.00000000099999999984 0.00000000099999999984 
0.00000000099999999952 0.00000000099999999952 0.00000000099999999952 0.00000000099999999952 0.01654109778748482848 0.00000000099999999952 0.12301875517248131442 0.86044014004003388507 0.00000000099999999952 0.00000000099999999952 
0.00000000099999999920 0.00000000099999999920 0.00000000099999999920 0.00000000099999999920 0.00000000099999999920 0.00000000099999999920 0.17150732059250939354 0.82849267140749072169 0.00000000099999999920 0.00000000099999999920 
0.00000000099999999897 0.00000000099999999897 0.00000000099999999897 0.00000000099999999897 0.00000000099999999897 0.00000000099999999897 0.11597618867558116829 0.88402380332441865551 0.00000000099999999897 0.00000000099999999897 
0.00000000099999999983 0.00000000099999999983 0.00000000099999999983 0.00000000099999999983 0.00000000099999999983 0.00000000099999999983 0.09396806875724586505 0.90306327982714484914 0.00296864441560937449 0.00000000099999999983 
0.00000000099999999953 0.01016792689964057458 0.00000000099999999953 0.00000000099999999953 0.00120607471322391690 0.00000000099999999953 0.22595632313106933653 0.76266966925606627381 0.00000000099999999953 0.00000000099999999953 
0.00000000099999999943 0.00000000099999999943 0.00000000099999999943 0.00000000099999999943 0.00690991694674761726 0.00000000099999999943 0.15609298179970623743 0.83699709425354607006 0.00000000099999999943 0.00000000099999999943 
0.00000000099999999933 0.03020129765685217876 0.00000000099999999933 0.00000000099999999933 0.00060636925949142080 0.00000000099999999933 0.18018492743329059258 0.78900739965036581491 0.00000000099999999933 0.00000000099999999933 
0.00000000099999999947 0.00003761876789327051 0.00000000099999999947 0.00000000099999999947 0.01372500168222513979 0.00000000099999999947 0.12620870210943146983 0.86002867144045014314 0.00000000099999999947 0.00000000099999999947 
0.00000000099999999929 0.00000000099999999929 0.00000000099999999929 0.00000000099999999929 0.00000000101983032187 0.00000000099999999929 0.18541454031215348630 0.81458545166801621384 0.00000000099999999929 0.00000000099999999929 
0.00000000099999999931 0.00000000925243803257 0.00000000099999999931 0.00000000099999999931 0.00000000099999999931 0.00000000099999999931 0.18195108231673504107 0.81804890143082698017 0.00000000099999999931 0.00000000099999999931 
0.00000000099999999936 0.00048677241434109502 0.00000000099999999936 0.00000000099999999936 0.00370751755955787791 0.00000000099999999936 0.21968729929304733894 0.77611840473305371280 0.00000000099999999936 0.00000000099999999936 
0.00000000099999999972 0.00067398620020726267 0.00000000099999999972 0.00000000099999999972 0.00000000099999999972 0.00000000099999999972 0.06976559148129295174 0.92956041531849986637 0.00000000099999999972 0.00000000099999999972 
0.00000000099999999942 0.00000000099999999942 0.00000000099999999942 0.00000000099999999942 0.00000000099999999942 0.00000000099999999942 0.10602215989950107555 0.89397783210049885927 0.00000000099999999942 0.00000000099999999942 
0.00000000099999999972 0.01941887384934140592 0.00000000099999999972 0.00000000099999999972 0.00010571891494220501 0.00000000099999999972 0.08825473361021081431 0.89222066762550555907 0.00000000099999999972 0.00000000099999999972 
0.00000000099999999921 0.00000000099999999921 0.00000000099999999921 0.00000000099999999921 0.00000000099999999921 0.00000000099999999921 0.10584543304721226453 0.89415455895278772580 0.00000000099999999921 0.00000000099999999921 
0.00000000099999999909 0.01042447735323746155 0.00000000099999999909 0.00000000099999999909 0.00000000099999999909 0.00000000099999999909 0.16178709925585632590 0.82778841639090616766 0.00000000099999999909 0.00000000099999999909 
0.00000000099999999908 0.00000000099999999908 0.00000000099999999908 0.00000000099999999908 0.00041146768777411229 0.00000000099999999908 0.19433479333690453772 0.80525373197532135183 0.00000000099999999908 0.00000000099999999908 
0.00000000099999999911 0.00000000099999999911 0.00000000099999999911 0.00000000099999999911 0.00000000099999999911 0.00000000099999999911 0.15727086911296125904 0.84272912288703882844 0.00000000099999999911 0.00000000099999999911 
0.00000000099999999915 0.01225021897940453512 0.00000000099999999915 0.00000000099999999915 0.00000000099999999915 0.00000000099999999915 0.13786641098428217833 0.84988336303631339952 0.00000000099999999915 0.00000000099999999915 
0.00000000099999999945 0.00000000099999999945 0.00000000099999999945 0.00000000099999999945 0.00000000099999999945 0.00000000099999999945 0.17756451824595606559 0.82243547375404391087 0.00000000099999999945 0.00000000099999999945 
0.00000000099999999912 0.01443905659083402626 0.00000000099999999912 0.00000000099999999912 0.01492640516369372894 0.00000000099999999912 0.16100822361972136343 0.80962630862575091228 0.00000000099999999912 0.00000000099999999912 
0.00000000099999999927 0.00000000099999999927 0.00000000099999999927 0.00000000099999999927 0.00596706506595187126 0.00000000099999999927 0.19655051475589929710 0.79748241317814883011 0.00000000099999999927 0.00000000099999999927 
0.00000000099999999912 0.03504474542515011865 0.00000000099999999912 0.00000000099999999912 0.00000036101526612648 0.00000000099999999912 0.15500521236003028669 0.80994967519955352042 0.00000000099999999912 0.00000000099999999912 
0.00000000099999999922 0.00000000099999999922 0.00000000099999999922 0.00000000099999999922 0.00000000099999999922 0.00000000099999999922 0.18248577251482575590 0.81751421948517433158 0.00000000099999999922 0.00000000099999999922 
0.00000000099999999934 0.00000000099999999934 0.00000000099999999934 0.00000000099999999934 0.00000000099999999934 0.00000000099999999934 0.05108004092674921920 0.94891995107325088910 0.00000000099999999934 0.00000000099999999934 
0.00000000099999999938 0.01431611753970334772 0.00000000099999999938 0.00000000099999999938 0.00000004341612661729 0.00000000099999999938 0.08182831053269533361 0.90385552251147471825 0.00000000099999999938 0.00000000099999999938 
0.00000000099999999913 0.02203994080332988617 0.00000000099999999913 0.00000000099999999913 0.00000000099999999913 0.00000000099999999913 0.14110409005870855337 0.83685596213796165088 0.00000000099999999913 0.00000000099999999913 
0.00000000099999999926 0.01671669065664325993 0.00000000099999999926 0.00000000099999999926 0.00000000099999999926 0.00000000099999999926 0.11602554141811098620 0.86725776092524575756 0.00000000099999999926 0.00000000099999999926 
0.00000000099999999941 0.00000000099999999941 0.00000000099999999941 0.00000000099999999941 0.00000000099999999941 0.00000000099999999941 0.12335638175202877365 0.87664361024797132771 0.00000000099999999941 0.00000000099999999941 
0.00000000099999999945 0.00001854022311498100 0.00000000099999999945 0.00000000099999999945 0.00000000099999999945 0.00000000099999999945 0.10550358449283993301 0.89447786828404507453 0.00000000099999999945 0.00000000099999999945 
0.00000000099999999907 0.02749821938235606084 0.00000000099999999907 0.00000000099999999907 0.00000013710683130624 0.00000000099999999907 0.09422585293265965667 0.87827578457815302926 0.00000000099999999907 0.00000000099999999907 
0.00000000099999999934 0.00000000099999999934 0.00000000099999999934 0.00000000099999999934 0.00000000099999999934 0.00000000099999999934 0.07476917366377001939 0.92523081833622988768 0.00000000099999999934 0.00000000099999999934 
0.00000000099999999910 0.00000015811298465464 0.00000000099999999910 0.00000000099999999910 0.00000000099999999910 0.00000000099999999910 0.12326209630915883897 0.87673773857785652908 0.00000000099999999910 0.00000000099999999910 
0.00000000099999999953 0.00000000099999999953 0.00000000099999999953 0.00000000099999999953 0.00000000099999999953 0.00000000099999999953 0.12417679237561864147 0.87582319962438126559 0.00000000099999999953 0.00000000099999999953 
0.00000000099999999936 0.00000000099999999936 0.00000000099999999936 0.00000000099999999936 0.00000000099999999936 0.00000000099999999936 0.09057432829306334698 0.90942566370693656008 0.00000000099999999936 0.00000000099999999936 
0.00000000099999999948 0.00000000099999999948 0.00000000099999999948 0.00000000099999999948 0.00000000099999999948 0.00000000099999999948 0.10134408830215363428 0.89865590369784642544 0.00000000099999999948 0.00000000099999999948 
0.00000000099999999921 0.03345761556960018257 0.00000000099999999921 0.00000000099999999921 0.00000000099999999921 0.00000000099999999921 0.11121147186852523014 0.85533090556187463260 0.00000000099999999921 0.00000000099999999921 
0.00000000099999999970 0.00000000099999999970 0.00000000099999999970 0.00000000099999999970 0.01151320678160558039 0.00000000099999999970 0.11444624868296802978 0.87404053753542643168 0.00000000099999999970 0.00000000099999999970 
0.00079096770784093631 0.00001299674340047350 0.00798205194902685926 0.00000000099999999984 0.00000000099999999984 0.00000000099999999984 0.07376892740206300592 0.91744505119766872614 0.00000000099999999984 0.00000000099999999984 
0.00000000099999999984 0.02071346223967261355 0.00000000099999999984 0.00000000099999999984 0.00438019213374356894 0.00574835857434011308 0.12916736826741928579 0.83999061378482431373 0.00000000099999999984 0.00000000099999999984 
0.00000000099999999982 0.00000033064482940544 0.00621068447440843285 0.00000000099999999982 0.00000000099999999982 0.00000000099999999982 0.11917837009715376295 0.87461060878360841198 0.00000000099999999982 0.00000000099999999982 
0.00000000099999999988 0.00217844509437954345 0.00000000099999999988 0.00000000099999999988 0.00043195938578989091 0.00077478808928852741 0.11361610836268561109 0.88299869406785636006 0.00000000099999999988 0.00000000099999999988 
0.00303477616618060084 0.01622533254842230613 0.00000000099999999989 0.00000000099999999989 0.00000000099999999989 0.00000000099999999989 0.15435549407036780467 0.82638439121502926810 0.00000000099999999989 0.00000000099999999989 
0.00066103369841770594 0.01586571607670957465 0.00000000099999999988 0.00000000099999999988 0.00000000099999999988 0.00245385417906915110 0.08143099983151451393 0.89958839121428901819 0.00000000099999999988 0.00000000099999999988 
0.00000000099999999923 0.98866301634965159106 0.00000000099999999923 0.00000000099999999923 0.00000000099999999923 0.00000000099999999923 0.01133697565034857968 0.00000000099999999923 0.00000000099999999923 0.00000000099999999923 
0.00000000099999999922 0.99999999100000025454 0.00000000099999999922 0.00000000099999999922 0.00000000099999999922 0.00000000099999999922 0.00000000099999999922 0.00000000099999999922 0.00000000099999999922 0.00000000099999999922 
0.00000000099999999952 0.98612083559778485053 0.00000000099999999952 0.00000000099999999952 0.00000000099999999952 0.00000000099999999952 0.00634953771080415050 0.00752961969141127500 0.00000000099999999952 0.00000000099999999952 
0.00000000099999999978 0.99583692042717697479 0.00000000099999999978 0.00000000099999999978 0.00416307157282319509 0.00000000099999999978 0.00000000099999999978 0.00000000099999999978 0.00000000099999999978 0.00000000099999999978 
0.00000000099999999921 0.99297417513853991622 0.00000000099999999921 0.00000000099999999921 0.00000000099999999921 0.00000000099999999921 0.00657476803632305040 0.00045104982513708341 0.00000000099999999921 0.00000000099999999921 
0.00000000099999999934 0.99999953533813501494 0.00000000099999999934 0.00000000099999999934 0.00000000099999999934 0.00000000099999999934 0.00000045666186511790 0.00000000099999999934 0.00000000099999999934 0.00000000099999999934 
0.00000000099999999946 0.97926182730273358956 0.00000000099999999946 0.00000000099999999946 0.01151838030323808215 0.00000000099999999946 0.00921978539402832677 0.00000000099999999946 0.00000000099999999946 0.00000000099999999946 
0.00000000099999999937 0.99311386909363486009 0.00000000099999999937 0.00000000099999999937 0.00000000099999999937 0.00000000099999999937 0.00688612290636522306 0.00000000099999999937 0.00000000099999999937 0.00000000099999999937 
0.00000000099999999929 0.99636522284317508014 0.00000000099999999929 0.00000000099999999929 0.00000000099999999929 0.00000000099999999929 0.00363476915682514785 0.00000000099999999929 0.00000000099999999929 0.00000000099999999929 
0.00000000099999999963 0.99999999100000025454 0.00000000099999999963 0.00000000099999999963 0.00000000099999999963 0.00000000099999999963 0.00000000099999999963 0.00000000099999999963 0.00000000099999999963 0.00000000099999999963 
0.00000000099999999929 0.99612902556085947126 0.00000000099999999929 0.00000000099999999929 0.00387096643914075630 0.00000000099999999929 0.00000000099999999929 0.00000000099999999929 0.00000000099999999929 0.00000000099999999929 
0.00000000099999999921 0.95959648222826288144 0.00000000099999999921 0.00000000099999999921 0.01935011008394805360 0.00000000099999999921 0.00355986934668588032 0.01749353234110328711 0.00000000099999999921 0.00000000099999999921 
0.00000000099999999927 0.99999999100000025454 0.00000000099999999927 0.00000000099999999927 0.00000000099999999927 0.00000000099999999927 0.00000000099999999927 0.00000000099999999927 0.00000000099999999927 0.00000000099999999927 
0.00000000099999999938 0.99279188800663442649 0.00000000099999999938 0.00000000099999999938 0.00000000099999999938 0.00000000099999999938 0.00000000099999999938 0.00720810399336570436 0.00000000099999999938 0.00000000099999999938 
0.00000000099999999953 0.99223480019721399525 0.00000000099999999953 0.00000000099999999953 0.00776519180278622753 0.00000000099999999953 0.00000000099999999953 0.00000000099999999953 0.00000000099999999953 0.00000000099999999953 
0.00000000099999999940 0.96281349080106681804 0.00000000099999999940 0.00000000099999999940 0.00000000099999999940 0.00000000099999999940 0.03718650119893330414 0.00000000099999999940 0.00000000099999999940 0.00000000099999999940 
0.00000000099999999951 0.98671606488974372695 0.00000000099999999951 0.00000000099999999951 0.01188976129302556604 0.00000000099999999951 0.00139124324283675148 0.00000292457439414204 0.00000000099999999951 0.00000000099999999951 
0.00000000099999999901 0.99999907027171852647 0.00000000099999999901 0.00000000099999999901 0.00000000099999999901 0.00000000099999999901 0.00000092172828170848 0.00000000099999999901 0.00000000099999999901 0.00000000099999999901 
0.00000000099999999980 0.93783246427793631739 0.00000000099999999980 0.00000000099999999980 0.00864921394873828173 0.00261579368870490814 0.02663777998299737826 0.02426474310162327064 0.00000000099999999980 0.00000000099999999980 
0.00000000099999999988 0.90636882438074672930 0.00000000099999999988 0.00000000099999999988 0.00000000099999999988 0.00176693746014228029 0.07491198947576446776 0.01695224268334651757 0.00000000099999999988 0.00000000099999999988 
0.00000000099999999965 0.93940501146897881224 0.00000000099999999965 0.00000000099999999965 0.00000000099999999965 0.00000000099999999965 0.00000000099999999965 0.06059498053102144177 0.00000000099999999965 0.00000000099999999965 
0.00000000099999999984 0.92009742113903958405 0.00000000099999999984 0.00000000099999999984 0.00000000099999999984 0.00000000099999999984 0.06945402107402558201 0.00000001308053933591 0.01044853870639556905 0.00000000099999999984 
0.00000000099999999971 0.87318303959055332264 0.00378292074405443260 0.00000000099999999971 0.00000000099999999971 0.00000000099999999971 0.06395123828888078787 0.05908279537651148217 0.00000000099999999971 0.00000000099999999971 
0.00000000099999999991 0.89386060071668738125 0.00080100430526181552 0.00226487798193646334 0.00000000099999999991 0.00000000099999999991 0.07505161599436359354 0.02720103933126194126 0.00082085767048880947 0.00000000099999999991 
0.00000000099999999994 0.96695408019252249154 0.00098493644955965172 0.00000000099999999994 0.00000000099999999994 0.00000000099999999994 0.01766912240984267954 0.01439185494807535687 0.00000000099999999994 0.00000000099999999994 
0.00000000099999999991 0.88495502333405584583 0.00000000099999999991 0.00251752204896181541 0.00000000099999999991 0.00000000099999999991 0.06937064084921304441 0.04315680776776932570 0.00000000099999999991 0.00000000099999999991 
0.00000000099999999971 0.91205032630683247064 0.00000000099999999971 0.00000000099999999971 0.00000000099999999971 0.00000000099999999971 0.05648610308981012046 0.02734654438967281873 0.00411702021368467140 0.00000000099999999971 
0.00000000099999999976 0.94645572830959268096 0.00215638716280560066 0.00000000099999999976 0.00000000099999999976 0.00000000099999999976 0.05110538666940614427 0.00028249185819558491 0.00000000099999999976 0.00000000099999999976 
0.00000000099999999986 0.95500000731169532031 0.00000000099999999986 0.00000000099999999986 0.00000000099999999986 0.00130449166124183523 0.04369549402706301294 0.00000000099999999986 0.00000000099999999986 0.00000000099999999986 
0.00000000099999999967 0.91167850477404765996 0.00000000099999999967 0.00000000099999999967 0.00000000099999999967 0.00000000099999999967 0.08663949978792148676 0.00168198843803105407 0.00000000099999999967 0.00000000099999999967 
0.00000000099999999958 0.92118875065012562064 0.00366297526085933734 0.00000000099999999958 0.00688035094932808611 0.00000000099999999958 0.06826791713968695385 0.00000000099999999958 0.00000000099999999958 0.00000000099999999958 
0.00000000099999999974 0.85073423155698835174 0.00625506306604694997 0.00000000099999999974 0.00000000099999999974 0.00000000099999999974 0.04698032354234719238 0.09603037583461757065 0.00000000099999999974 0.00000000099999999974 
0.00000000099999999966 0.91109728284482949245 0.01245246896455512800 0.00000000099999999966 0.00000000099999999966 0.00000000099999999966 0.07557383120614562244 0.00087641098446993124 0.00000000099999999966 0.00000000099999999966 
0.00000000099999999972 0.89250822756067083041 0.00000000099999999972 0.00000000099999999972 0.00000000099999999972 0.00000000099999999972 0.03189435889147772263 0.07559740654785172820 0.00000000099999999972 0.00000000099999999972 
0.00000000099999999960 0.88610452953770191264 0.00000000099999999960 0.00000000099999999960 0.01191658077207712399 0.00000000099999999960 0.10197884616486677101 0.00000003752535441055 0.00000000099999999960 0.00000000099999999960 
0.00000000099999999937 0.85796573653820495942 0.00000000099999999937 0.00000000099999999937 0.00000000099999999937 0.00000000099999999937 0.07867451280963971838 0.06335974365215553405 0.00000000099999999937 0.00000000099999999937 
0.00000000099999999981 0.88413717012630266279 0.00000000099999999981 0.00000000099999999981 0.00061134094438451041 0.00000000099999999981 0.05761440368686360919 0.05763707924244929753 0.00000000099999999981 0.00000000099999999981 
0.00000000099999999997 0.78748650129048358703 0.01107811947575571866 0.00000000099999999997 0.03112648563856759004 0.00000000099999999997 0.06768906984615613576 0.10261981874903709777 0.00000000099999999997 0.00000000099999999997 
0.00000000099999999999 0.58765594396713993763 0.00000000099999999999 0.00000000099999999999 0.15021608253471635530 0.00000000099999999999 0.21419670761632869649 0.04387906390361277081 0.00405219697820231005 0.00000000099999999999 
0.00000000099999999998 0.66263508961672279440 0.03358800663752159466 0.00000000099999999998 0.00001934972194170094 0.00000000099999999998 0.08541370981236819093 0.21834383921144567831 0.00000000099999999998 0.00000000099999999998 
0.00612179338342381998 0.90409021526583333017 0.00000000099999999954 0.00000000099999999954 0.00000000099999999954 0.00000000099999999954 0.06414081149446863861 0.02564717385627428292 0.00000000099999999954 0.00000000099999999954 
0.00000000099999999997 0.76895732581304576669 0.02427884925257490362 0.00000000099999999997 0.00015665259084251710 0.00000000099999999997 0.10776330033182933421 0.09884386701170751188 0.00000000099999999997 0.00000000099999999997 
0.00000000099999999998 0.25121153210104679721 0.00000000099999999998 0.00000000099999999998 0.22827853655812255229 0.00000000099999999998 0.26223382962775249050 0.25649311455960033257 0.00000000099999999998 0.00178298215347769606 
0.00000000099999999976 0.94424962063278217173 0.00000000099999999976 0.00000000099999999976 0.00865063026390839977 0.00000000099999999976 0.01497849248386842400 0.03212125061944122451 0.00000000099999999976 0.00000000099999999976 
0.01091716515679210485 0.44086627618315937793 0.00000000099999999998 0.00000000099999999998 0.11334017481305312669 0.00000000099999999998 0.00000007373134193100 0.43487630511565350533 0.00000000099999999998 0.00000000099999999998 
0.01584056389725721839 0.87070766432646673483 0.00000000099999999976 0.00000000099999999976 0.00000000099999999976 0.00000000099999999976 0.03344558524359749624 0.08000618053267875840 0.00000000099999999976 0.00000000099999999976 
0.00196381529058808728 0.95125732036061017016 0.00000000099999999987 0.00000000099999999987 0.00729340597481807195 0.00000000099999999987 0.01566669975211783597 0.02381875362186611916 0.00000000099999999987 0.00000000099999999987 
0.00843184318770095163 0.87277353278430014338 0.00000000099999999950 0.00000000099999999950 0.00823606279000427266 0.00000000099999999950 0.01338467160016288890 0.09717388463783181718 0.00000000099999999950 0.00000000099999999950 
0.00191300918866008280 0.88038554991557682605 0.00000000099999999983 0.00000000099999999983 0.01154019037454227792 0.00000000099999999983 0.01959827366444242408 0.08656297185677840067 0.00000000099999999983 0.00000000099999999983 
0.00000000099999999915 0.90146077751938225031 0.00000000099999999915 0.00000000099999999915 0.01167063214441997621 0.00000000099999999915 0.04892409052051404500 0.03794449381568382185 0.00000000099999999915 0.00000000099999999915 
