0.00000000099999999829 0.00000000099999999829 0.00000000099999999829 0.00000000099999999829 0.00000000099999999829 0.00000000099999999829 0.99999999199999989319 0.00000000099999999829 0.00000000099999999829 
0.00000000099999999838 0.00000000099999999838 0.00000000099999999838 0.00000000099999999838 0.00000000099999999838 0.00000000099999999838 0.99999999199999989319 0.00000000099999999838 0.00000000099999999838 
0.00000000099999999834 0.00000000099999999834 0.00000000099999999834 0.00000000099999999834 0.00000000099999999834 0.00000000099999999834 0.99999999199999978217 0.00000000099999999834 0.00000000099999999834 
0.00000000099999999837 0.00000000099999999837 0.00000000099999999837 0.00000000099999999837 0.00000000099999999837 0.00000000099999999837 0.99999999199999989319 0.00000000099999999837 0.00000000099999999837 
0.00000000099999999842 0.00000000099999999842 0.00000000099999999842 0.00000000099999999842 0.00000000099999999842 0.00000000099999999842 0.99999999199999978217 0.00000000099999999842 0.00000000099999999842 
0.00000000099999999844 0.00000000099999999844 0.00000000099999999844 0.00000000099999999844 0.00000000099999999844 0.00000000099999999844 0.99999999199999989319 0.00000000099999999844 0.00000000099999999844 
0.00000000099999999833 0.00000000099999999833 0.00000000099999999833 0.00000000099999999833 0.00000000099999999833 0.00000000099999999833 0.99999999199999978217 0.00000000099999999833 0.00000000099999999833 
0.00000000099999999847 0.00000000099999999847 0.00000000099999999847 0.00000000099999999847 0.00000000099999999847 0.00000000099999999847 0.99999999199999989319 0.00000000099999999847 0.00000000099999999847 
0.00000000099999999836 0.00000000099999999836 0.00000000099999999836 0.00000000099999999836 0.00000000099999999836 0.00000000099999999836 0.99999999199999989319 0.00000000099999999836 0.00000000099999999836 
0.00000000099999999846 0.00000000099999999846 0.00000000099999999846 0.00000000099999999846 0.00000000099999999846 0.00000000099999999846 0.99999999199999978217 0.00000000099999999846 0.00000000099999999846 
0.00000000099999999842 0.00000000099999999842 0.00000000099999999842 0.00000000099999999842 0.00000000099999999842 0.00000000099999999842 0.99999999199999978217 0.00000000099999999842 0.00000000099999999842 
0.00000000099999999870 0.00000000099999999870 0.00000000099999999870 0.00000000099999999870 0.00000000099999999870 0.00000000099999999870 0.99999999199999989319 0.00000000099999999870 0.00000000099999999870 
0.00000000099999999840 0.00000000099999999840 0.00000000099999999840 0.00000000099999999840 0.00000000099999999840 0.00000000099999999840 0.99999999199999978217 0.00000000099999999840 0.00000000099999999840 
0.00000000099999999837 0.00000000099999999837 0.00000000099999999837 0.00000000099999999837 0.00000000099999999837 0.00000000099999999837 0.99999999199999989319 0.00000000099999999837 0.00000000099999999837 
0.00000000099999999841 0.00000000099999999841 0.00000000099999999841 0.00000000099999999841 0.00000000099999999841 0.00000000099999999841 0.99999999199999978217 0.00000000099999999841 0.00000000099999999841 
0.00000000099999999840 0.00000000099999999840 0.00000000099999999840 0.00000000099999999840 0.00000000099999999840 0.00000000099999999840 0.99999999199999978217 0.00000000099999999840 0.00000000099999999840 
0.00000000099999999839 0.00000000099999999839 0.00000000099999999839 0.00000000099999999839 0.00000000099999999839 0.00000000099999999839 0.99999999199999989319 0.00000000099999999839 0.00000000099999999839 
0.00000000099999999850 0.00000000099999999850 0.00000000099999999850 0.00000000099999999850 0.00000000099999999850 0.00000000099999999850 0.99999999199999989319 0.00000000099999999850 0.00000000099999999850 
0.00000000099999999851 0.00000000099999999851 0.00000000099999999851 0.00000000099999999851 0.00000000099999999851 0.00000000099999999851 0.99999999199999989319 0.00000000099999999851 0.00000000099999999851 
0.00000000099999999850 0.00000000099999999850 0.00000000099999999850 0.00000000099999999850 0.00000000099999999850 0.00000000099999999850 0.99999999199999989319 0.00000000099999999850 0.00000000099999999850 
0.00000000099999999842 0.00000000099999999842 0.00000000099999999842 0.00000000099999999842 0.00000000099999999842 0.00000000099999999842 0.99999999199999989319 0.00000000099999999842 0.00000000099999999842 
0.00000000099999999846 0.00000000099999999846 0.00000000099999999846 0.00000000099999999846 0.00000000099999999846 0.00000000099999999846 0.99999999199999989319 0.00000000099999999846 0.00000000099999999846 
0.00000000099999999843 0.00000000099999999843 0.00000000099999999843 0.00000000099999999843 0.00000000099999999843 0.00000000099999999843 0.99999999199999978217 0.00000000099999999843 0.00000000099999999843 
0.00000000099999999846 0.00000000099999999846 0.00000000099999999846 0.00000000099999999846 0.00000000099999999846 0.00000000099999999846 0.99999999199999978217 0.00000000099999999846 0.00000000099999999846 
0.00000000099999999891 0.00000000099999999891 0.00000000099999999891 0.00000000099999999891 0.00000000099999999891 0.00000000099999999891 0.99999999199999989319 0.00000000099999999891 0.00000000099999999891 
0.00000000099999999843 0.00000000099999999843 0.00000000099999999843 0.00000000099999999843 0.00000000099999999843 0.00000000099999999843 0.99999999199999989319 0.00000000099999999843 0.00000000099999999843 
0.00000000099999999849 0.00000000099999999849 0.00000000099999999849 0.00000000099999999849 0.00000000099999999849 0.00000000099999999849 0.99999999199999989319 0.00000000099999999849 0.00000000099999999849 
0.00000000099999999850 0.00000000099999999850 0.00000000099999999850 0.00000000099999999850 0.00000000099999999850 0.00000000099999999850 0.99999999199999989319 0.00000000099999999850 0.00000000099999999850 
0.00000000099999999852 0.00000000099999999852 0.00000000099999999852 0.00000000099999999852 0.00000000099999999852 0.00000000099999999852 0.99999999199999978217 0.00000000099999999852 0.00000000099999999852 
0.00000000099999999848 0.00000000099999999848 0.00000000099999999848 0.00000000099999999848 0.00000000099999999848 0.00000000099999999848 0.99999999199999978217 0.00000000099999999848 0.00000000099999999848 
0.00000000099999999871 0.00000000099999999871 0.00000000099999999871 0.00000000099999999871 0.00000000099999999871 0.00000000099999999871 0.99999999199999989319 0.00000000099999999871 0.00000000099999999871 
0.00000000099999999894 0.00000000099999999894 0.00000000099999999894 0.00000000099999999894 0.00000000099999999894 0.00000000099999999894 0.99999999199999989319 0.00000000099999999894 0.00000000099999999894 
0.00000000099999999863 0.00000000099999999863 0.00000000099999999863 0.00000000099999999863 0.00000000099999999863 0.00000000099999999863 0.99999999199999978217 0.00000000099999999863 0.00000000099999999863 
0.00000000099999999884 0.00000000099999999884 0.00000000099999999884 0.00000000099999999884 0.00000000099999999884 0.00000000099999999884 0.99999999199999989319 0.00000000099999999884 0.00000000099999999884 
0.00000000099999999863 0.00000000099999999863 0.00000000099999999863 0.00000000099999999863 0.00000000099999999863 0.00000000099999999863 0.99999999199999978217 0.00000000099999999863 0.00000000099999999863 
0.00000000099999999877 0.00000000099999999877 0.00000000099999999877 0.00000000099999999877 0.00000000099999999877 0.00000000099999999877 0.99999999199999978217 0.00000000099999999877 0.00000000099999999877 
0.00000000099999999867 0.00000000099999999867 0.00000000099999999867 0.00000000099999999867 0.00000000099999999867 0.00000000099999999867 0.99999999199999978217 0.00000000099999999867 0.00000000099999999867 
0.00000000099999999870 0.00000000099999999870 0.00000000099999999870 0.00000000099999999870 0.00000000099999999870 0.00000000099999999870 0.99999999199999978217 0.00000000099999999870 0.00000000099999999870 
0.00000000099999999875 0.00000000099999999875 0.00000000099999999875 0.00000000099999999875 0.00000000099999999875 0.00000000099999999875 0.99999999199999989319 0.00000000099999999875 0.00000000099999999875 
0.00000000099999999899 0.00000000099999999899 0.00000000099999999899 0.00000000099999999899 0.00000000099999999899 0.00000000099999999899 0.99999999199999989319 0.00000000099999999899 0.00000000099999999899 
0.00000000099999999866 0.00000000099999999866 0.00000000099999999866 0.00000000099999999866 0.00000000099999999866 0.00000000099999999866 0.99999999199999989319 0.00000000099999999866 0.00000000099999999866 
0.00000000099999999881 0.00000000099999999881 0.00000000099999999881 0.00000000099999999881 0.00000000099999999881 0.00000000099999999881 0.99999999199999989319 0.00000000099999999881 0.00000000099999999881 
0.00000000099999999869 0.00000000099999999869 0.00000000099999999869 0.00000000099999999869 0.00000000099999999869 0.00000000099999999869 0.99999999199999978217 0.00000000099999999869 0.00000000099999999869 
0.00000000099999999867 0.00000000099999999867 0.00000000099999999867 0.00000000099999999867 0.00000000099999999867 0.00000000099999999867 0.99999999199999989319 0.00000000099999999867 0.00000000099999999867 
0.00000000099999999882 0.00000000099999999882 0.00000000099999999882 0.00000000099999999882 0.00000000099999999882 0.00000000099999999882 0.99999999199999989319 0.00000000099999999882 0.00000000099999999882 
0.00000000099999999871 0.00000000099999999871 0.00000000099999999871 0.00000000099999999871 0.00000000099999999871 0.00000000099999999871 0.99999999199999989319 0.00000000099999999871 0.00000000099999999871 
0.00000000099999999877 0.00000000099999999877 0.00000000099999999877 0.00000000099999999877 0.00000000099999999877 0.00000000099999999877 0.99999999199999978217 0.00000000099999999877 0.00000000099999999877 
0.00000000099999999904 0.00000000099999999904 0.00000000099999999904 0.00000000099999999904 0.00000000099999999904 0.00000000099999999904 0.99999999199999989319 0.00000000099999999904 0.00000000099999999904 
0.00000000099999999906 0.00000000099999999906 0.00000000099999999906 0.00000000099999999906 0.00000000099999999906 0.00000000099999999906 0.99999999199999989319 0.00000000099999999906 0.00000000099999999906 
0.00000000099999999919 0.00000000099999999919 0.00000000099999999919 0.00000000099999999919 0.00000000099999999919 0.00000000099999999919 0.99999999200000000421 0.00000000099999999919 0.00000000099999999919 
0.00000000099999999954 0.00000000099999999954 0.00000000099999999954 0.00000000099999999954 0.00000000099999999954 0.00000000099999999954 0.99999999199999989319 0.00000000099999999954 0.00000000099999999954 
0.00000000099999999923 0.00000000099999999923 0.00000000099999999923 0.88943085860095894013 0.00000000099999999923 0.00000000099999999923 0.00000000099999999923 0.11056913439904111907 0.00000000099999999923 
0.00000000099999999909 0.00000000099999999909 0.00000000099999999909 0.83687586664947044568 0.00000000099999999909 0.00000000124641867630 0.00000000099999999909 0.16312412610411086700 0.00000000099999999909 
0.00000000099999999943 0.00000000099999999943 0.00000000099999999943 0.83316394014115602307 0.00000000099999999943 0.00000000099999999943 0.00000000099999999943 0.16683605285884386960 0.00000000099999999943 
0.00000000099999999886 0.00000000099999999886 0.00000000099999999886 0.86735035436701479750 0.00000000099999999886 0.01059258814209888648 0.00000000099999999886 0.12205705149088615091 0.00000000099999999886 
0.00000000099999999898 0.00000000099999999898 0.00000000099999999898 0.90127584884048483893 0.00000000099999999898 0.00993671160950213364 0.00000000099999999898 0.08878743355001313120 0.00000000099999999898 
0.00000000099999999880 0.00000000099999999880 0.00000000099999999880 0.87503444437356392438 0.00000000099999999880 0.00000000099999999880 0.00000000099999999880 0.12496554862643606543 0.00000000099999999880 
0.00000000099999999920 0.00000000099999999920 0.00000000099999999920 0.85527396986986781169 0.00000000099999999920 0.02380142016311618397 0.00000000099999999920 0.12092460396701590342 0.00000000099999999920 
0.00000000099999999889 0.00000000099999999889 0.00000000099999999889 0.88980750647002748721 0.00000000099999999889 0.00000000099999999889 0.00000000099999999889 0.11019248652997254423 0.00000000099999999889 
0.00000000099999999911 0.00000000099999999911 0.00000000099999999911 0.85309567251506146501 0.00000000099999999911 0.01132290312631688799 0.00000000099999999911 0.13558141835862166924 0.00000000099999999911 
0.00000000099999999963 0.00000000099999999963 0.00803534627641089641 0.88970508056330777080 0.00000000099999999963 0.00000000099999999963 0.00000000099999999963 0.10225956716028150595 0.00000000099999999963 
0.00000000099999999897 0.00000000099999999897 0.00000000099999999897 0.88165207579216697820 0.00000000099999999897 0.00000000099999999897 0.00000000099999999897 0.11834791720783306712 0.00000000099999999897 
0.00000000099999999892 0.00000000099999999892 0.00000000099999999892 0.85948214450663840136 0.00000000099999999892 0.00138466586238210733 0.00000000099999999892 0.13913318363097956776 0.00000000099999999892 
0.00000000099999999954 0.00000000099999999954 0.00773007774188513245 0.81651679774266383571 0.00000000099999999954 0.01965550016307264850 0.00000000099999999954 0.15609761935237856378 0.00000000099999999954 
0.00000000099999999912 0.00000000099999999912 0.00000000099999999912 0.86200822890807438093 0.00000000099999999912 0.02205215790333072204 0.00000000099999999912 0.11593960718859486203 0.00000000099999999912 
0.00000000099999999951 0.00000000099999999951 0.00000000099999999951 0.91508853269638346095 0.00000000099999999951 0.00000000099999999951 0.00000000099999999951 0.08491146030361654273 0.00000000099999999951 
0.00000000099999999879 0.00000000099999999879 0.00000000099999999879 0.88859855304737977999 0.00000000099999999879 0.00000000099999999879 0.00000000099999999879 0.11140143995262014043 0.00000000099999999879 
0.00000000099999999935 0.00000000099999999935 0.00000000099999999935 0.78834661451665932752 0.00000000099999999935 0.01012242688645414307 0.00000000099999999935 0.20153095259688655339 0.00000000099999999935 
0.00000000099999999938 0.00000000099999999938 0.00000000099999999938 0.83249577948765529634 0.00000000099999999938 0.00000000099999999938 0.00000000099999999938 0.16750421351234459633 0.00000000099999999938 
0.00000000099999999908 0.00000000099999999908 0.00000000099999999908 0.87625027498194052455 0.00000000099999999908 0.00000000099999999908 0.00000000099999999908 0.12374971801805950689 0.00000000099999999908 
0.00000000099999999907 0.00000000099999999907 0.00000000099999999907 0.87416690313000922075 0.00000000099999999907 0.00000000099999999907 0.00000000099999999907 0.12583308986999081069 0.00000000099999999907 
0.00000000099999999910 0.00000000099999999910 0.00000000099999999910 0.79640758414743073601 0.00000000099999999910 0.03737564263481513854 0.00000000099999999910 0.16621676721775410779 0.00000000099999999910 
0.00000000099999999884 0.00000000099999999884 0.00000000099999999884 0.83845179973199002177 0.00000000099999999884 0.00009423177741821315 0.00000000099999999884 0.16145396249059162930 0.00000000099999999884 
0.00000000099999999910 0.00000000099999999910 0.00000000099999999910 0.87053650528143322607 0.00000000099999999910 0.00000000099999999910 0.00000000099999999910 0.12946348771856691640 0.00000000099999999910 
0.00000000099999999913 0.00000000099999999913 0.00000000099999999913 0.81612082490427217962 0.00000000099999999913 0.00000000099999999913 0.00000000099999999913 0.18387916809572785182 0.00000000099999999913 
0.00000000099999999942 0.00000000099999999942 0.00000000099999999942 0.79940524549820035638 0.00000000099999999942 0.00000000178527714298 0.00000000099999999942 0.20059474671652252620 0.00000000099999999942 
0.00000000099999999896 0.00000000099999999896 0.00000000099999999896 0.87235393628354629403 0.00000000099999999896 0.00000000099999999896 0.00000000099999999896 0.12764605671645370966 0.00000000099999999896 
0.00000000099999999914 0.00000000099999999914 0.00000000099999999914 0.82705859164239337034 0.00000000099999999914 0.00000000099999999914 0.00000000099999999914 0.17294140135760660559 0.00000000099999999914 
0.00000000099999999987 0.00000000099999999987 0.00000000099999999987 0.79993979264036385590 0.00000000099999999987 0.00000000099999999987 0.00023040101667474444 0.19553393456885356794 0.00429586677410776635 
0.00000000099999999951 0.00000000099999999951 0.00000000099999999951 0.87294356968762709670 0.00000000099999999951 0.00000000327886414931 0.00000000099999999951 0.12705642103350878180 0.00000000099999999951 
0.00000000099999999920 0.00000000099999999920 0.00000000099999999920 0.82734044602492606835 0.00000000099999999920 0.00000000099999999920 0.00000000099999999920 0.17265954697507401860 0.00000000099999999920 
0.00000000099999999895 0.00000000099999999895 0.00000000099999999895 0.88182026142296487947 0.00000000099999999895 0.00000000099999999895 0.00000000099999999895 0.11817973157703511033 0.00000000099999999895 
0.00000000099999999973 0.00000000099999999973 0.00436210518330395081 0.89750584975268377086 0.00000000099999999973 0.00000000099999999973 0.00000000099999999973 0.09813203906401241072 0.00000000099999999973 
0.00000000099999999954 0.00000000099999999954 0.00000000099999999954 0.75747427336103656526 0.00000000099999999954 0.01116212300840166601 0.00000000099999999954 0.23136359763056171812 0.00000000099999999954 
0.00000000099999999949 0.00000000099999999949 0.00000000099999999949 0.84007659838206516500 0.00000000099999999949 0.00002149253867581600 0.00000000099999999949 0.15990190307925902791 0.00000000099999999949 
0.00000000099999999934 0.00000000099999999934 0.00000000099999999934 0.78585054813453336653 0.00000000099999999934 0.03074041438536500442 0.00000000099999999934 0.18340903148010162527 0.00000000099999999934 
0.00000000099999999945 0.00000000099999999945 0.00000000099999999945 0.84774422059118725858 0.00000000099999999945 0.02591447920851319003 0.00000000099999999945 0.12634129420029943658 0.00000000099999999945 
0.00000000099999999927 0.00000000099999999927 0.00000000099999999927 0.81197840136824239732 0.00000000099999999927 0.00000000099999999927 0.00000000099999999927 0.18802159163175755086 0.00000000099999999927 
0.00000000099999999934 0.00000000099999999934 0.00000000099999999934 0.81406972107902575431 0.00000000099999999934 0.00000000099999999934 0.00000000099999999934 0.18593027192097433264 0.00000000099999999934 
0.00000000099999999937 0.00000000099999999937 0.00000000099999999937 0.77412960215795623142 0.00000000099999999937 0.00401870619988599527 0.00000000099999999937 0.22185168564215765330 0.00000000099999999937 
0.00000000099999999972 0.00000000099999999972 0.00000000099999999972 0.92683485698747025694 0.00000000099999999972 0.00000051535614892786 0.00000000099999999972 0.07316462165638074056 0.00000000099999999972 
0.00000000099999999939 0.00000000099999999939 0.00000000099999999939 0.89208091602749839399 0.00000000099999999939 0.00000000099999999939 0.00000000099999999939 0.10791907697250166520 0.00000000099999999939 
0.00000000099999999972 0.00000000099999999972 0.00000000099999999972 0.88567795886538802641 0.00000000099999999972 0.02272639854448185032 0.00000000099999999972 0.09159563659013013337 0.00000000099999999972 
0.00000000099999999923 0.00000000099999999923 0.00000000099999999923 0.89182258049262796984 0.00000000099999999923 0.00000000099999999923 0.00000000099999999923 0.10817741250737197833 0.00000000099999999923 
0.00000000099999999912 0.00000000099999999912 0.00000000099999999912 0.82719090816218576734 0.00000000099999999912 0.00762496452478528177 0.00000000099999999912 0.16518412131302895318 0.00000000099999999912 
0.00000000099999999907 0.00000000099999999907 0.00000000099999999907 0.80382270935827981884 0.00000000099999999907 0.00000000099999999907 0.00000000099999999907 0.19617728364172029587 0.00000000099999999907 
0.00000000099999999915 0.00000000099999999915 0.00000000099999999915 0.83924150947640729914 0.00000000099999999915 0.00000000099999999915 0.00000000099999999915 0.16075848352359276006 0.00000000099999999915 
0.00000000099999999916 0.00000000099999999916 0.00000000099999999916 0.85408111538145026209 0.00000000099999999916 0.00478049041753254508 0.00000000099999999916 0.14113838820101728966 0.00000000099999999916 
0.00000000099999999947 0.00000000099999999947 0.00000000099999999947 0.82071562348162485634 0.00000000099999999947 0.00000000099999999947 0.00000000099999999947 0.17928436951837525837 0.00000000099999999947 
0.00000000099999999914 0.00000000099999999914 0.00000000099999999914 0.80863749861502653982 0.00000000099999999914 0.02772720947860722943 0.00000000099999999914 0.16363528590636636229 0.00000000099999999914 
0.00000000099999999925 0.00000000099999999925 0.00000000099999999925 0.79943430955420713424 0.00000000099999999925 0.00000000099999999925 0.00000000099999999925 0.20056568344579298047 0.00000000099999999925 
0.00000000099999999911 0.00000000099999999911 0.00000000099999999911 0.80769880246996217377 0.00000000099999999911 0.03632094661940188374 0.00000000099999999911 0.15598024491063591790 0.00000000099999999911 
0.00000000099999999925 0.00000000099999999925 0.00000000099999999925 0.81478499934055137466 0.00000000099999999925 0.00000000099999999925 0.00000000099999999925 0.18521499365944865678 0.00000000099999999925 
0.00000000099999999936 0.00000000099999999936 0.00000000099999999936 0.94625844764731836811 0.00000000099999999936 0.00000000099999999936 0.00000000099999999936 0.05374154535268155924 0.00000000099999999936 
0.00000000099999999938 0.00000000099999999938 0.00000000099999999938 0.90219063608201677251 0.00000000099999999938 0.01303984116267929531 0.00000000099999999938 0.08476951675530400299 0.00000000099999999938 
0.00000000099999999916 0.00000000099999999916 0.00000000099999999916 0.83788787204297898725 0.00000000099999999916 0.01744975063697965997 0.00000000099999999916 0.14466237132004131083 0.00000000099999999916 
0.00000000099999999925 0.00000000099999999925 0.00000000099999999925 0.87588072585053255992 0.00000000099999999925 0.00513480231459986693 0.00000000099999999925 0.11898446583486739503 0.00000000099999999925 
0.00000000099999999942 0.00000000099999999942 0.00000000099999999942 0.87327561557614763466 0.00000000099999999942 0.00000000099999999942 0.00000000099999999942 0.12672437742385236903 0.00000000099999999942 
0.00000000099999999946 0.00000000099999999946 0.00000000099999999946 0.89150859264496939982 0.00000000099999999946 0.00000000099999999946 0.00000000099999999946 0.10849140035503064550 0.00000000099999999946 
0.00000000099999999908 0.00000000099999999908 0.00000000099999999908 0.87131392200913126977 0.00000000099999999908 0.03179864001036318555 0.00000000099999999908 0.09688743198050550620 0.00000000099999999908 
0.00000000099999999937 0.00000000099999999937 0.00000000099999999937 0.92229661323053890865 0.00000000099999999937 0.00000000099999999937 0.00000000099999999937 0.07770337976946124769 0.00000000099999999937 
0.00000000099999999915 0.00000000099999999915 0.00000000099999999915 0.87539727397092459427 0.00000000099999999915 0.00000000099999999915 0.00000000099999999915 0.12460271902907535391 0.00000000099999999915 
0.00000000099999999949 0.00000000099999999949 0.00000000099999999949 0.87254326421338634923 0.00000000099999999949 0.00000000099999999949 0.00000000099999999949 0.12745672878661370997 0.00000000099999999949 
0.00000000099999999941 0.00000000099999999941 0.00000000099999999941 0.90688954093668094902 0.00000000099999999941 0.00000000099999999941 0.00000000099999999941 0.09311045206331904078 0.00000000099999999941 
0.00000000099999999947 0.00000000099999999947 0.00000000099999999947 0.89730980822964134802 0.00000000099999999947 0.00000000099999999947 0.00000000099999999947 0.10269018477035871117 0.00000000099999999947 
0.00000000099999999921 0.00000000099999999921 0.00000000099999999921 0.85815081405263482495 0.00000000099999999921 0.02737596357474680192 0.00000000099999999921 0.11447321637261836935 0.00000000099999999921 
0.00000000099999999969 0.00000000099999999969 0.00000000099999999969 0.87930464888948967062 0.00000000099999999969 0.00000000099999999969 0.00000000099999999969 0.12069534411051026368 0.00000000099999999969 
0.00000000099999999999 0.00000000099999999999 0.00584632795346587929 0.92138225001249229873 0.00000000134846109133 0.00000024616664368880 0.00315073373890555411 0.06962043662402636612 0.00000000215600522857 
0.00000000099999999977 0.00000000099999999977 0.00694411978513336230 0.84671573976483149870 0.00000000099999999977 0.01252220515424052293 0.00000000099999999977 0.13381793029579455712 0.00000000099999999977 
0.00751324670243549726 0.00000000099999999976 0.00000000099999999976 0.87057640161277427548 0.00000000099999999976 0.00000000099999999976 0.00000000099999999976 0.12191034568479031108 0.00000000099999999976 
0.00000000099999999983 0.00183501977032983054 0.00000000099999999983 0.88226957001640859968 0.00000000099999999983 0.00003753803211810758 0.00000000099999999983 0.11585786718114370053 0.00000000099999999983 
0.00000000099999999992 0.00000000099999999992 0.00000000099999999992 0.82947035289611914521 0.00000000099999999992 0.01064753154933692145 0.00339605698657687331 0.15648605356796693733 0.00000000099999999992 
0.00000000099999999981 0.00387251263624939371 0.00000000099999999981 0.90803854931634397918 0.00000000099999999981 0.00318944254461236759 0.00000000099999999981 0.08489949050279425868 0.00000000099999999981 
0.00000000099999999933 0.00000000099999999933 0.00000000099999999933 0.00000000099999999933 0.00000000099999999933 0.98921129750616221266 0.00000000099999999933 0.01078869549383789338 0.00000000099999999933 
0.00000000099999999926 0.00000000099999999926 0.00000000099999999926 0.00000000099999999926 0.00000000099999999926 0.99999999200000011523 0.00000000099999999926 0.00000000099999999926 0.00000000099999999926 
0.00000000099999999954 0.00000000099999999954 0.00000000099999999954 0.01333334610175695989 0.00000000099999999954 0.98020744442735607826 0.00000000099999999954 0.00645920347088710465 0.00000000099999999954 
0.00000000099999999980 0.00000000099999999980 0.00000000099999999980 0.00000000099999999980 0.00000000099999999980 0.99999999200000011523 0.00000000099999999980 0.00000000099999999980 0.00000000099999999980 
0.00000000099999999922 0.00000000099999999922 0.00000000099999999922 0.00000732537438469807 0.00000000099999999922 0.99352657300077629188 0.00000000099999999922 0.00646609562483898073 0.00000000099999999922 
0.00000000099999999938 0.00000000099999999938 0.00000000099999999938 0.00000000099999999938 0.00000000099999999938 0.99965971539716103056 0.00000000099999999938 0.00034027760283897730 0.00000000099999999938 
0.00000000099999999947 0.00000000099999999947 0.00000000099999999947 0.00000000099999999947 0.00000000099999999947 0.99386782122297501196 0.00000000099999999947 0.00613217177702493621 0.00000000099999999947 
0.00000000099999999944 0.00000000099999999944 0.00000000099999999944 0.00000019280765828406 0.00000000099999999944 0.99327270798990452416 0.00000000099999999944 0.00672709320243722493 0.00000000099999999944 
0.00000000099999999938 0.00000000099999999938 0.00000000099999999938 0.00000000099999999938 0.00000000099999999938 0.99518124625497961233 0.00000000099999999938 0.00481874674502037401 0.00000000099999999938 
0.00000000099999999969 0.00000000099999999969 0.00000000099999999969 0.00000000099999999969 0.00000000099999999969 0.99999999200000000421 0.00000000099999999969 0.00000000099999999969 0.00000000099999999969 
0.00000000099999999933 0.00000000099999999933 0.00000000099999999933 0.00000000099999999933 0.00000000099999999933 0.99999999200000011523 0.00000000099999999933 0.00000000099999999933 0.00000000099999999933 
0.00000000099999999922 0.00000000099999999922 0.00000000099999999922 0.02036023791814434852 0.00000000099999999922 0.97811900704226417691 0.00000000099999999922 0.00152074903959137364 0.00000000099999999922 
0.00000000099999999932 0.00000000099999999932 0.00000000099999999932 0.00000000099999999932 0.00000000099999999932 0.99999999200000000421 0.00000000099999999932 0.00000000099999999932 0.00000000099999999932 
0.00000000099999999939 0.00000000099999999939 0.00000000099999999939 0.01011929153570994069 0.00000000099999999939 0.98986702164720996588 0.00000000099999999939 0.00001368081708029599 0.00000000099999999939 
0.00000000099999999958 0.00000000099999999958 0.00000000099999999958 0.00000000099999999958 0.00000000099999999958 0.99895764195231817606 0.00104235104768179792 0.00000000099999999958 0.00000000099999999958 
0.00000000099999999939 0.00000000099999999939 0.00000000099999999939 0.00000000099999999939 0.00000000099999999939 0.96375620987563848097 0.00000000099999999939 0.03624378312436157823 0.00000000099999999939 
0.00000000099999999953 0.00000000099999999953 0.00000000099999999953 0.00112879302022573526 0.00000000099999999953 0.99561816613045661661 0.00000000099999999953 0.00325303484931773954 0.00000000099999999953 
0.00000000099999999907 0.00000000099999999907 0.00000000099999999907 0.00000000099999999907 0.00000000099999999907 0.99999999200000000421 0.00000000099999999907 0.00000000099999999907 0.00000000099999999907 
0.00498486841531776536 0.00000000099999999952 0.00000000099999999952 0.01148774078913617977 0.00000000099999999952 0.95903996498510135638 0.00000000099999999952 0.02448742081044472454 0.00000000099999999952 
0.00000000099999999977 0.00000000099999999977 0.00263286551427699151 0.01764275629838534323 0.00000000099999999977 0.90708349113963460120 0.00000000099999999977 0.07264088204770301205 0.00000000099999999977 
0.00000000099999999975 0.00000000099999999975 0.00000000099999999975 0.07965059244596635335 0.00000000099999999975 0.92034940055403358095 0.00000000099999999975 0.00000000099999999975 0.00000000099999999975 
0.00000000099999999988 0.00000000099999999988 0.00916946594414446391 0.00000027982488495737 0.00000000099999999988 0.92167272300261804396 0.00000000099999999988 0.06915752622835262542 0.00000000099999999988 
0.00520589928663017874 0.00000000099999999960 0.00000000099999999960 0.06549842565639446557 0.00000000099999999960 0.86595327054559001478 0.00000000099999999960 0.06334239951138521951 0.00000000099999999960 
0.00062630248876144312 0.00000000099999999995 0.00000000099999999995 0.02709412639870016626 0.00000000099999999995 0.89320589709936304423 0.00000000099999999995 0.07614720913567758764 0.00292646087749765102 
0.00211537474807123706 0.00000000099999999981 0.00000000099999999981 0.01734614000569418418 0.00000000099999999981 0.95529569054045482268 0.00000000099999999981 0.02524278970577980771 0.00000000099999999981 
0.00623659641669594041 0.00000000099999999968 0.00000000099999999968 0.01262567563672601159 0.00000000099999999968 0.90579828102116677346 0.00000000099999999968 0.07533944192541131013 0.00000000099999999968 
0.00000000099999999975 0.00000000099999999975 0.00375702387820296387 0.03321941840242519789 0.00000000099999999975 0.90611758641595607777 0.00000000099999999975 0.05690596630341585027 0.00000000099999999975 
0.00334577420714667799 0.00000000099999999965 0.00000000099999999965 0.00127302687684098005 0.00000000099999999965 0.94469705846781948377 0.00000000099999999965 0.05068413544819292543 0.00000000099999999965 
0.00277248743965949210 0.00000000099999999963 0.00000000099999999963 0.00000000099999999963 0.00000000099999999963 0.95975830839016940121 0.00000000099999999963 0.03746919817017114324 0.00000000099999999963 
0.00000000099999999971 0.00000000099999999971 0.00000000099999999971 0.00765044932671910937 0.00000000099999999971 0.90938637239280917246 0.00000000099999999971 0.08296317228047173087 0.00000000099999999971 
0.00000000099999999967 0.00000000099999999967 0.00371121343641708660 0.00000000099999999967 0.00000000099999999967 0.93011498233307254857 0.00000000099999999967 0.06617379823051044996 0.00000000099999999967 
0.00000000099999999973 0.00641623850739145643 0.00000000099999999973 0.10733977518126708306 0.00000000099999999973 0.84283733804738014683 0.00000000099999999973 0.04340664326396147243 0.00000000099999999973 
0.01620820888909283580 0.00000000099999999957 0.00000000099999999957 0.00175175201616258524 0.00000000099999999957 0.91041980234069608269 0.00000000099999999957 0.07162023175404846898 0.00000000099999999957 
0.00000000099999999982 0.00000000099999999982 0.00000000099999999982 0.06790675746604384055 0.00000000099999999982 0.89838323892809790472 0.00000000099999999982 0.03370999760585823013 0.00000000099999999982 
0.00000000099999999962 0.00000000099999999962 0.00000000099999999962 0.00000000099999999962 0.00000000099999999962 0.91241619178978539129 0.00000000099999999962 0.08758380121021464015 0.00000000099999999962 
0.00000000099999999944 0.00000000099999999944 0.00000000099999999944 0.08027959946472920660 0.00000000099999999944 0.84095520857652805713 0.00000000099999999944 0.07876518595874282269 0.00000000099999999944 
0.00198689879968497098 0.00000000099999999965 0.00000000099999999965 0.07383191390659743503 0.00000000099999999965 0.87312627023822442229 0.00000000099999999965 0.05105491205549309713 0.00000000099999999965 
0.01287839583713789454 0.00000000099999999996 0.00000000099999999996 0.09564565541804941062 0.00000000099999999996 0.83070017088303726993 0.00000000099999999996 0.06077577286177548305 0.00000000099999999996 
0.00455185609133541228 0.00000000099999999998 0.00000000099999999998 0.07165115622819424879 0.00000000099999999998 0.67997723243857777220 0.00000000099999999998 0.24381975024189242451 0.00000000099999999998 
0.04149701979107793537 0.00000000099999999998 0.00000000099999999998 0.29003593613337463886 0.00000000099999999998 0.56426344647797255227 0.00000000099999999998 0.10420359259757482062 0.00000000099999999998 
0.00000000099999999957 0.00000000099999999957 0.00000000099999999957 0.03213625866506016754 0.00000000099999999957 0.89539836058609578728 0.00620883451004418645 0.06625654123879987090 0.00000000099999999957 
0.00000000099999999998 0.00000000099999999998 0.01954333396856224037 0.13290336464595156607 0.00000000099999999998 0.75044014104916911823 0.00000000099999999998 0.09711315533631699470 0.00000000099999999998 
0.00000000099999999998 0.00000000099999999998 0.00000000099999999998 0.23095603562963759603 0.00139869247540972070 0.48396079396390495608 0.00000000099999999998 0.28368447293104753770 0.00000000099999999998 
0.00000000099999999981 0.00000000099999999981 0.00000000099999999981 0.03347676114973129058 0.00000000099999999981 0.94764540582819467573 0.00000000099999999981 0.01887782702207409583 0.00000000099999999981 
0.00000346765006856840 0.00000000099999999999 0.00000000099999999999 0.42640239205586699667 0.00000000099999999999 0.56268565010968474294 0.01090848009308362405 0.00000000609129609774 0.00000000099999999999 
0.00000000099999999979 0.00000000099999999979 0.00000000099999999979 0.09796424681403348433 0.00000000099999999979 0.84860628257524772788 0.01552844461584736331 0.03790102099487143578 0.00000000099999999979 
0.00000000099999999988 0.00000000099999999988 0.00000000099999999988 0.02124800025251792970 0.00000000099999999988 0.96003001926347542039 0.00167184404685915308 0.01705013143714753307 0.00000000099999999988 
0.00000000099999999956 0.00000000099999999956 0.00000000099999999956 0.11644728441717686063 0.00000000099999999956 0.86378844702761137242 0.00798715103517330140 0.01177711252003837798 0.00000000099999999956 
0.00000000099999999988 0.00000000099999999988 0.00001622387328069811 0.08771634017573368136 0.00000000099999999988 0.88651863333717162430 0.00200281207635892534 0.02374598653745502858 0.00000000099999999988 
0.00000000099999999920 0.00000000099999999920 0.00000000099999999920 0.03575377124744521379 0.00000000099999999920 0.92309102846055723912 0.00000000099999999920 0.04115519429199748086 0.00000000099999999920 
0.00000000099999999948 0.00000000099999999948 0.00000000099999999948 0.02503801767463813971 0.00000000099999999948 0.95813702260540034583 0.00000000099999999948 0.01682495371996147945 0.00000000099999999948 
0.00000000099999999971 0.00000000099999999971 0.00000000099999999971 0.75746935308256013730 0.00000000099999999971 0.20875860589641487275 0.00000000099999999971 0.03377203502102495841 0.00000000099999999971 
0.00000000099999999959 0.00000000099999999959 0.00000000099999999959 0.66347837186113656216 0.00000000099999999959 0.30051236718543611337 0.00000000099999999959 0.03600925495342725824 0.00000000099999999959 
0.00000000099999999987 0.00000000099999999987 0.00000000099999999987 0.34665649394587361165 0.13542132051323577113 0.26049275793853843286 0.00000000099999999987 0.03839949185161942863 0.21902993175073279253 
0.00000000099999999990 0.00000000099999999990 0.00000000099999999990 0.73126804975749326587 0.00074909440355047684 0.20271117451893355677 0.00410384457111606128 0.05959075785135321823 0.00157707589755351875 
0.00000000099999999985 0.00000000099999999985 0.00000000099999999985 0.77367935271193077895 0.00349943057864033529 0.18545405293373612432 0.00200559576681912837 0.03536156400887351114 0.00000000099999999985 
0.00000000099999999987 0.00000000099999999987 0.00000000099999999987 0.43055999450682952423 0.15407168929093648102 0.17013742009189167237 0.00000000099999999987 0.01597774029026924683 0.22925315182007302561 
0.00000000099999999986 0.00000000099999999986 0.00000000099999999986 0.43668174797987391322 0.13160634571482851540 0.19693156283374513293 0.00000000099999999986 0.06172591654518413268 0.17305442292636813439 
0.00000000099999999987 0.00000000099999999987 0.00000000099999999987 0.47398771450308685438 0.14036246937985522032 0.19766432717625087578 0.00000000099999999987 0.01592009812655081208 0.17206538681425623261 
0.00000000099999999996 0.00000000099999999996 0.00000000099999999996 0.49623046628248673739 0.03003356499256487275 0.23002887367365440485 0.00000692443233781753 0.02413855413760736257 0.21956161348134881073 
0.00000000099999999996 0.00000000099999999996 0.00000000099999999996 0.53923322374048276995 0.04229886039559113686 0.17094566526700599729 0.00000000099999999996 0.04118900828477597281 0.20633323831214434030 
0.00000000099999999938 0.00000000099999999938 0.00000000099999999938 0.73823968169108222792 0.00000000099999999938 0.23160045329984108031 0.00000000099999999938 0.03015985900907654921 0.00000000099999999938 
0.00299649569129442845 0.00335700544684146762 0.00000000099999999999 0.58555306820665475875 0.00004147535878523993 0.13056078430490725140 0.00000000099999999999 0.00049166889536937869 0.27699950009614754398 
0.00000000099999999994 0.00000000099999999994 0.00000000099999999994 0.72369829993207690499 0.00380677765553772991 0.22370713254140606185 0.00494428722837886823 0.04080827087621170801 0.00303522876638867740 
0.00000000099999999989 0.00000000099999999989 0.00000000099999999989 0.43849448655180911505 0.12694727551777992836 0.15515834837926670287 0.00000000099999999989 0.04302124290950838648 0.23637864264163591099 
0.00000000099999999946 0.00000000099999999946 0.00000000099999999946 0.75984606235061147306 0.00000000099999999946 0.19278262189715050789 0.00000000099999999946 0.04737130975223795282 0.00000000099999999946 
0.00000000099999999949 0.00000000099999999949 0.00000000099999999949 0.75161829548935754630 0.00000000099999999949 0.19133548127818378326 0.00000000099999999949 0.05704621723245861808 0.00000000099999999949 
0.00000000099999999998 0.00827672721228355814 0.00000000099999999998 0.64301223455685185826 0.00000000099999999998 0.03785084394228636906 0.00286636278089067841 0.01482992181382818825 0.29316390669385927747 
0.00000000099999999937 0.00000000099999999937 0.00000000099999999937 0.69041508170143106593 0.00000000099999999937 0.27597761454584768259 0.00000000099999999937 0.03360729775272113667 0.00000000099999999937 
