0.99999999600000000211 0.00000000099999999915 0.00000000099999999915 0.00000000099999999915 0.00000000099999999915 
0.99999999600000000211 0.00000000099999999919 0.00000000099999999919 0.00000000099999999919 0.00000000099999999919 
0.99999999600000011313 0.00000000099999999917 0.00000000099999999917 0.00000000099999999917 0.00000000099999999917 
0.99999999600000011313 0.00000000099999999919 0.00000000099999999919 0.00000000099999999919 0.00000000099999999919 
0.99999999600000000211 0.00000000099999999921 0.00000000099999999921 0.00000000099999999921 0.00000000099999999921 
0.99999999600000000211 0.00000000099999999921 0.00000000099999999921 0.00000000099999999921 0.00000000099999999921 
0.99999999600000011313 0.00000000099999999916 0.00000000099999999916 0.00000000099999999916 0.00000000099999999916 
0.99999999600000011313 0.00000000099999999923 0.00000000099999999923 0.00000000099999999923 0.00000000099999999923 
0.99999999600000011313 0.00000000099999999918 0.00000000099999999918 0.00000000099999999918 0.00000000099999999918 
0.99999999600000000211 0.00000000099999999923 0.00000000099999999923 0.00000000099999999923 0.00000000099999999923 
0.99999999600000011313 0.00000000099999999921 0.00000000099999999921 0.00000000099999999921 0.00000000099999999921 
0.99999999600000000211 0.00000000099999999935 0.00000000099999999935 0.00000000099999999935 0.00000000099999999935 
0.99999999600000011313 0.00000000099999999920 0.00000000099999999920 0.00000000099999999920 0.00000000099999999920 
0.99999999600000011313 0.00000000099999999918 0.00000000099999999918 0.00000000099999999918 0.00000000099999999918 
0.99999999600000011313 0.00000000099999999920 0.00000000099999999920 0.00000000099999999920 0.00000000099999999920 
0.99999999600000011313 0.00000000099999999919 0.00000000099999999919 0.00000000099999999919 0.00000000099999999919 
0.99999999600000000211 0.00000000099999999919 0.00000000099999999919 0.00000000099999999919 0.00000000099999999919 
0.99999999600000011313 0.00000000099999999926 0.00000000099999999926 0.00000000099999999926 0.00000000099999999926 
0.99999999600000011313 0.00000000099999999926 0.00000000099999999926 0.00000000099999999926 0.00000000099999999926 
0.99999999600000011313 0.00000000099999999925 0.00000000099999999925 0.00000000099999999925 0.00000000099999999925 
0.99999999600000000211 0.00000000099999999921 0.00000000099999999921 0.00000000099999999921 0.00000000099999999921 
0.99999999600000011313 0.00000000099999999923 0.00000000099999999923 0.00000000099999999923 0.00000000099999999923 
0.99999999600000011313 0.00000000099999999922 0.00000000099999999922 0.00000000099999999922 0.00000000099999999922 
0.99999999600000000211 0.00000000099999999923 0.00000000099999999923 0.00000000099999999923 0.00000000099999999923 
0.99999999600000000211 0.00000000099999999943 0.00000000099999999943 0.00000000099999999943 0.00000000099999999943 
0.99999999600000000211 0.00000000099999999921 0.00000000099999999921 0.00000000099999999921 0.00000000099999999921 
0.99999999600000011313 0.00000000099999999924 0.00000000099999999924 0.00000000099999999924 0.00000000099999999924 
0.99999999600000000211 0.00000000099999999925 0.00000000099999999925 0.00000000099999999925 0.00000000099999999925 
0.99999999600000000211 0.00000000099999999926 0.00000000099999999926 0.00000000099999999926 0.00000000099999999926 
0.99999999600000000211 0.00000000099999999924 0.00000000099999999924 0.00000000099999999924 0.00000000099999999924 
0.99999999600000000211 0.00000000099999999935 0.00000000099999999935 0.00000000099999999935 0.00000000099999999935 
0.99999999600000000211 0.00000000099999999946 0.00000000099999999946 0.00000000099999999946 0.00000000099999999946 
0.99999999600000011313 0.00000000099999999932 0.00000000099999999932 0.00000000099999999932 0.00000000099999999932 
0.99999999600000000211 0.00000000099999999942 0.00000000099999999942 0.00000000099999999942 0.00000000099999999942 
0.99999999600000000211 0.00000000099999999930 0.00000000099999999930 0.00000000099999999930 0.00000000099999999930 
0.99999999600000000211 0.00000000099999999938 0.00000000099999999938 0.00000000099999999938 0.00000000099999999938 
0.99999999600000000211 0.00000000099999999933 0.00000000099999999933 0.00000000099999999933 0.00000000099999999933 
0.99999999600000000211 0.00000000099999999934 0.00000000099999999934 0.00000000099999999934 0.00000000099999999934 
0.99999999600000000211 0.00000000099999999936 0.00000000099999999936 0.00000000099999999936 0.00000000099999999936 
0.99999999600000000211 0.00000000099999999951 0.00000000099999999951 0.00000000099999999951 0.00000000099999999951 
0.99999999600000000211 0.00000000099999999932 0.00000000099999999932 0.00000000099999999932 0.00000000099999999932 
0.99999999600000000211 0.00000000099999999941 0.00000000099999999941 0.00000000099999999941 0.00000000099999999941 
0.99999999600000000211 0.00000000099999999935 0.00000000099999999935 0.00000000099999999935 0.00000000099999999935 
0.99999999600000011313 0.00000000099999999933 0.00000000099999999933 0.00000000099999999933 0.00000000099999999933 
0.99999999600000011313 0.00000000099999999941 0.00000000099999999941 0.00000000099999999941 0.00000000099999999941 
0.99999999600000011313 0.00000000099999999935 0.00000000099999999935 0.00000000099999999935 0.00000000099999999935 
0.99999999600000011313 0.00000000099999999938 0.00000000099999999938 0.00000000099999999938 0.00000000099999999938 
0.99999999600000000211 0.00000000099999999951 0.00000000099999999951 0.00000000099999999951 0.00000000099999999951 
0.99999999600000011313 0.00000000099999999953 0.00000000099999999953 0.00000000099999999953 0.00000000099999999953 
0.99999999600000011313 0.00000000099999999959 0.00000000099999999959 0.00000000099999999959 0.00000000099999999959 
0.99999999600000011313 0.00000000099999999977 0.00000000099999999977 0.00000000099999999977 0.00000000099999999977 
0.00000000099999999964 0.98345956907541465242 0.00000000099999999964 0.00000000099999999964 0.01654042792458549488 
0.00000000099999999952 0.99410064980234158494 0.00000000099999999952 0.00000000099999999952 0.00589934719765849731 
0.00000000099999999971 0.99058711361284046415 0.00000000099999999971 0.00000000099999999971 0.00941288338715956518 
0.00000000099999999943 0.97433852557926226012 0.00000000099999999943 0.00000000099999999943 0.02566147142073777962 
0.00000000099999999948 0.99947894448846819060 0.00000000099999999948 0.00000000099999999948 0.00052105251153175048 
0.00000000099999999938 0.99999999600000011313 0.00000000099999999938 0.00000000099999999938 0.00000000099999999938 
0.00000000099999999960 0.93948587156611118587 0.00000000099999999960 0.00000000099999999960 0.06051412543388905163 
0.00000000099999999942 0.99322159702102086332 0.00000000099999999942 0.00000000099999999942 0.00677839997897921112 
0.00000000099999999955 0.93101775662294417035 0.00000000099999999955 0.00000000099999999955 0.06898224037705591449 
0.00000000099999999997 0.99591418481240479021 0.00000000099999999997 0.00408581218759535014 0.00000000099999999997 
0.00000000099999999951 0.99999999600000000211 0.00000000099999999951 0.00000000099999999951 0.00000000099999999951 
0.00000000099999999946 0.95455409053503559313 0.00000000099999999946 0.00000000099999999946 0.04544590646496443620 
0.00000000099999999992 0.93278672561291453569 0.00000000099999999992 0.00424667766409326641 0.06296659472299227789 
0.00000000099999999958 0.95479808668939292193 0.00000000099999999958 0.00000000099999999958 0.04520191031060722536 
0.00000000099999999974 0.99981265937468266625 0.00000000099999999974 0.00000000099999999974 0.00018733762531732804 
0.00000000099999999939 0.99608564040822245023 0.00000000099999999939 0.00000000099999999939 0.00391435659177774564 
0.00000000099999999967 0.93369511935840099337 0.00000000099999999967 0.00000000099999999967 0.06630487764159906372 
0.00000000099999999972 0.98421467157334130427 0.00000000099999999972 0.00000000099999999972 0.01578532542665886731 
0.00000000099999999953 0.99999985816623915280 0.00000000099999999953 0.00000000099999999953 0.00000013883376107398 
0.00000000099999999952 0.99999976465626272404 0.00000000099999999952 0.00000000099999999952 0.00000023234373746776 
0.00000000099999999956 0.90289922888961315905 0.00000000099999999956 0.00000000099999999956 0.09710076811038687028 
0.00000000099999999941 0.98241808849027856265 0.00000000099999999941 0.00000000099999999941 0.01758190850972155342 
0.00000000099999999953 0.99999999600000011313 0.00000000099999999953 0.00000000099999999953 0.00000000099999999953 
0.00000000099999999956 0.93191742173582270414 0.00000000099999999956 0.00000000099999999956 0.06808257526417732519 
0.00000000099999999972 0.93954069131757789179 0.00000000099999999972 0.00000000099999999972 0.06045930568242213060 
0.00000000099999999949 0.95636246264129831651 0.00000000099999999949 0.00000000099999999949 0.04363753435870170588 
0.00000000099999999956 0.93186160673115503439 0.00000000099999999956 0.00000000099999999956 0.06813839026884502270 
0.00006834160902644055 0.94536258897288283354 0.00000000099999999994 0.00434266224427645644 0.05022640617381446404 
0.00000000099999999977 0.96511076528625505677 0.00000000099999999977 0.00000000099999999977 0.03488923171374509052 
0.00000000099999999957 0.99321974240474253381 0.00000000099999999957 0.00000000099999999957 0.00678025459525760741 
0.00000000099999999947 0.96025553561130072566 0.00000000099999999947 0.00000000099999999947 0.03974446138869952572 
0.00278262609807155680 0.99721737090192841269 0.00000000099999999999 0.00000000099999999999 0.00000000099999999999 
0.00000000099999999979 0.93517621530253114415 0.00000000099999999979 0.00000000099999999979 0.06482378169746892682 
0.00000000099999999976 0.91336700144842453142 0.00000000099999999976 0.00000000099999999976 0.08663299555157565057 
0.00000000099999999968 0.86962414567979495761 0.00000000099999999968 0.00000000099999999968 0.13037585132020512724 
0.00000000099999999973 0.92765386730972931861 0.00000000099999999973 0.00000000099999999973 0.07234612969027073848 
0.00000000099999999965 0.93236038860875958267 0.00000000099999999965 0.00000000099999999965 0.06763960839124041891 
0.00000000099999999968 0.91982544075545569218 0.00000000099999999968 0.00000000099999999968 0.08017455624454443430 
0.00000000099999999968 0.89524506014059623826 0.00000000099999999968 0.00000000099999999968 0.10475493685940397148 
0.00000000099999999986 0.96268175131147248891 0.00000000099999999986 0.00000000099999999986 0.03731824568852758206 
0.00000000099999999971 0.99999999600000000211 0.00000000099999999971 0.00000000099999999971 0.00000000099999999971 
0.00000000099999999987 0.95773540888815333894 0.00000000099999999987 0.00000000099999999987 0.04226458811184679448 
0.00000000099999999962 0.99033953444277988964 0.00000000099999999962 0.00000000099999999962 0.00966046255722026806 
0.00000000099999999954 0.93804776470844464242 0.00000000099999999954 0.00000000099999999954 0.06195223229155550487 
0.00000000099999999954 0.90115745612780129292 0.00000000099999999954 0.00000000099999999954 0.09884254087219879192 
0.00000000099999999956 0.95788078699400347471 0.00000000099999999956 0.00000000099999999956 0.04211921000599657544 
0.00000000099999999958 0.92405369513436008688 0.00000000099999999958 0.00000000099999999958 0.07594630186564001184 
0.00000000099999999973 0.96280566479950524528 0.00000000099999999973 0.00000000099999999973 0.03719433220049488120 
0.00000000099999999956 0.91635088128324959644 0.00000000099999999956 0.00000000099999999956 0.08364911571675061330 
0.00000000099999999966 0.94950739818737162068 0.00000000099999999966 0.00000000099999999966 0.05049259881262840172 
0.00000000099999999956 0.88084052873149054630 0.00000000099999999956 0.00000000099999999956 0.11915946826850949691 
0.00000000099999999963 0.96190333070854361353 0.00000000099999999963 0.00000000099999999963 0.03809666629145649214 
0.00000000099999999969 0.98852074906514297847 0.00000000099999999969 0.00000000099999999969 0.01147924793485714280 
0.00000000099999999971 0.99999999600000000211 0.00000000099999999971 0.00000000099999999971 0.00000000099999999971 
0.00000000099999999959 0.90083353564752666198 0.00000000099999999959 0.00000000099999999959 0.09916646135247333960 
0.00000000099999999963 0.91832757859343783213 0.00000000099999999963 0.00000000099999999963 0.08167241840656222496 
0.00000000099999999972 0.94072946986718808393 0.00000000099999999972 0.00000000099999999972 0.05927052713281202173 
0.00000000099999999975 0.98280178786868477303 0.00000000099999999975 0.00000000099999999975 0.01719820913131531875 
0.00000000099999999953 0.94213548854560913437 0.00000000099999999953 0.00000000099999999953 0.05786450845439087415 
0.00000000099999999970 0.99999929161380152198 0.00000000099999999970 0.00000000099999999970 0.00000070538619847696 
0.00000000099999999957 0.96133740311586557414 0.00000000099999999957 0.00000000099999999957 0.03866259388413458703 
0.00000000099999999978 0.98119805802036796916 0.00000000099999999978 0.00000000099999999978 0.01880193897963223365 
0.00000000099999999974 0.98242565221092048589 0.00000000099999999974 0.00000000099999999974 0.01757434478907961631 
0.00000000099999999977 0.98556138381398750159 0.00000000099999999977 0.00000000099999999977 0.01443861318601262142 
0.00000000099999999962 0.93220520715025456671 0.00000000099999999962 0.00000000099999999962 0.06779478984974553202 
0.00000000099999999985 0.99999999600000000211 0.00000000099999999985 0.00000000099999999985 0.00000000099999999985 
0.00339725583050522325 0.95000394155297462895 0.00052627966192582410 0.00393994565816996149 0.04213257729642436861 
0.00116292504846063046 0.91347330210832622388 0.00010548433043230003 0.00351903379023939993 0.08173925472254145452 
0.00029693694851022927 0.93480943118726411711 0.00154133366675140797 0.00223876650604926944 0.06111353169142497849 
0.00000000099999999996 0.97240840072950107675 0.00000000099999999996 0.00000000099999999996 0.02759159627049890054 
0.00313061972115693870 0.92201205505327499257 0.00000000099999999997 0.00000000099999999997 0.07485732322556822027 
0.00194301908956609481 0.94979017029636303437 0.00000000099999999997 0.00139157508660613170 0.04687523452746485131 
0.00000000099999999964 0.00000000099999999964 0.00000000099999999964 0.00000000099999999964 0.99999999600000000211 
0.00000000099999999969 0.00000000099999999969 0.00000000099999999969 0.00000000099999999969 0.99999999599999989108 
0.00000000099999999980 0.01231126164010377597 0.00000000099999999980 0.00000000099999999980 0.98768873535989631929 
0.00000000099999999994 0.00000000099999999994 0.00000000099999999994 0.00000000099999999994 0.99999999600000000211 
0.00000000099999999962 0.00000000099999999962 0.00000000099999999962 0.00000000099999999962 0.99999999600000000211 
0.00000000099999999968 0.00000000099999999968 0.00000000099999999968 0.00000000099999999968 0.99999999600000000211 
0.00000000099999999975 0.00000000099999999975 0.00000000099999999975 0.00000000099999999975 0.99999999599999989108 
0.00000000099999999972 0.00373283791617652324 0.00000000099999999972 0.00000000099999999972 0.99626715908382346143 
0.00000000099999999968 0.00000000099999999968 0.00000000099999999968 0.00000000099999999968 0.99999999600000000211 
0.00000000099999999986 0.00000000099999999986 0.00000000099999999986 0.00000000099999999986 0.99999999600000000211 
0.00000000099999999966 0.00000000099999999966 0.00000000099999999966 0.00000000099999999966 0.99999999599999989108 
0.00000000099999999963 0.01760217588113797277 0.00000000099999999963 0.00000000099999999963 0.98239782111886209126 
0.00000000099999999964 0.00000000099999999964 0.00000000099999999964 0.00000000099999999964 0.99999999599999989108 
0.00000000099999999969 0.01237736338065924084 0.00000000099999999969 0.00000000099999999969 0.98762263361934088390 
0.00117045129031052657 0.00000000099999999981 0.00000000099999999981 0.00000000099999999981 0.99882954570968940367 
0.00000000099999999970 0.00000000099999999970 0.00000000099999999970 0.00000000099999999970 0.99999999600000000211 
0.00000000099999999978 0.01766448467908348155 0.00000000099999999978 0.00000000099999999978 0.98233551232091653738 
0.00000000099999999951 0.00000000099999999951 0.00000000099999999951 0.00000000099999999951 0.99999999599999989108 
0.00016453715536261047 0.03430933432631400049 0.00000000100000000000 0.00190865933493383549 0.96361746818338955833 
0.00000000099999999996 0.01024898453840586074 0.00205132270449278091 0.00000000099999999996 0.98769969075710140061 
0.00000000099999999988 0.06703948065216475127 0.00000000099999999988 0.00000000099999999988 0.93296051634783527806 
0.00203081510973878365 0.00000000099999999999 0.00000000099999999999 0.00436372241860120014 0.99360546047165998473 
0.00000000099999999994 0.07450281720800880358 0.00000000099999999994 0.00165411421393178910 0.92384306657805947971 
0.00000000099999999996 0.02864296402689093732 0.00000000099999999996 0.00317240770967305375 0.96818462626343604338 
0.00000715078318416513 0.01644627280074395861 0.00000000099999999995 0.00118360110107456804 0.98236297431499730592 
0.00000000099999999999 0.01992343493089158632 0.00000000099999999999 0.00264062496952559332 0.97743593809958284613 
0.00000000099999999997 0.02859393850824035882 0.00000000099999999997 0.00192388944742825831 0.96948217004433123734 
0.00000000099999999998 0.00000000099999999998 0.00144445022784164216 0.00000000099999999998 0.99855554677215829784 
0.00050688965419036492 0.00000000099999999997 0.00109458692796639582 0.00000000099999999997 0.99839852141784335426 
0.00000000099999999986 0.00000000099999999986 0.00000000099999999986 0.00000000099999999986 0.99999999599999989108 
0.00000000099999999994 0.00000000099999999994 0.00254893067000300190 0.00000000099999999994 0.99745106632999713803 
0.00094137120101478802 0.09474172696624798273 0.00000000099999999999 0.00291513388819482269 0.90140176694454232642 
0.00000000099999999999 0.02721878833117098370 0.00000000099999999999 0.00570520645244832533 0.96707600321638076402 
0.00000000099999999993 0.02202770609121022446 0.00000000099999999993 0.00000000099999999993 0.97797229090878989854 
0.00000000099999999980 0.00000000099999999980 0.00000000099999999980 0.00000000099999999980 0.99999999600000000211 
0.00000000099999999971 0.04586892737129361075 0.00000000099999999971 0.00000000099999999971 0.95413106962870630756 
0.00000000099999999993 0.05710627861882153905 0.00000000099999999993 0.00000000099999999993 0.94289371838117841396 
0.00248885757330880811 0.15466363817120884483 0.00729908655738850838 0.00000000099999999999 0.83554841669809376548 
0.00000000100000000000 0.23363348516991469528 0.00381276078161011658 0.00000000100000000000 0.76255375204847530846 
0.00831775901904109431 0.21410302620215829195 0.00000000100000000000 0.00985722544155087643 0.76772198833724980549 
0.00617176799852365253 0.02743248873489259609 0.00000000099999999979 0.00000000099999999979 0.96639574126658378539 
0.00000000100000000000 0.11002534797219666596 0.00549468979857633752 0.00744193638031199773 0.87703802484891502100 
0.00000000099999999999 0.35748249758750028082 0.00204366044892433790 0.00000000099999999999 0.64047383996357520886 
0.00000000099999999992 0.03945757523066282385 0.00000000099999999992 0.00000000099999999992 0.96054242176933724018 
0.01106501016774043104 0.48193672333648424067 0.00000000099999999999 0.00000000099999999999 0.50699826449577523046 
0.01547354542891756640 0.09226247348139791915 0.00000000099999999989 0.00000000099999999989 0.89226397908968446693 
0.00193127442195045653 0.02406414170474202238 0.00000000099999999996 0.00000000099999999996 0.97400458187330751780 
0.00809927499718276003 0.09238499189054112659 0.00000000099999999981 0.00000000099999999981 0.89951573111227600688 
0.00184501598282844556 0.10544762769078100395 0.00000000099999999994 0.00000000099999999994 0.89270735432639058970 
0.00000000099999999958 0.04475564842438066460 0.00000000099999999958 0.00000000099999999958 0.95524434857561923984 
0.00000000099999999974 0.03882527156980127014 0.00000000099999999974 0.00000000099999999974 0.96117472543019866205 
0.00000000099999999991 0.78967490505449844385 0.00000000099999999991 0.00000000099999999991 0.21032509194550166876 
0.00000000099999999980 0.74333471679532825416 0.00000000099999999980 0.00000000099999999980 0.25666528020467177518 
0.00000000100000000000 0.46471712819854582577 0.06693883411611416256 0.25000320140079346221 0.21834083528454667489 
0.00363306624333318944 0.73611230330923282938 0.00057144355001660944 0.00204742680801774232 0.25763576008939964579 
0.00179348976369864003 0.78743567112391277263 0.00000000099999999999 0.00199343279089687561 0.20877740532149180464 
0.00000000099999999999 0.50344575719370332489 0.06373932939588068669 0.27379321116837535000 0.15902170124204059731 
0.00000000099999999999 0.53101730917703549029 0.05934882387983352742 0.20923023032376678043 0.20040363561936419545 
0.00000000100000000000 0.55712031809183637510 0.03422504594442937753 0.22552714177913607552 0.18312749318459820014 
0.00147414030723729277 0.56680736102738304982 0.00000000099999999998 0.23020993620271151814 0.20150856146266804547 
0.00000186501091411808 0.60519618905797800679 0.00185646249426368306 0.22247989247447855221 0.17046559096236574282 
0.00000000099999999971 0.78185816437164346038 0.00000000099999999971 0.00000000099999999971 0.21814183262835676325 
0.00000000099999999998 0.63746039895745065795 0.00000000099999999998 0.27368350415930892128 0.08885609488324046346 
0.00507356666386521004 0.78259156948313024493 0.00029192927016658161 0.00492266518720513475 0.20712026939563280004 
0.00115963668170638635 0.52645486685901776713 0.03968646870638752738 0.27682315026418352621 0.15587587748870493365 
0.00000000099999999975 0.79782327937557051545 0.00000000099999999975 0.00000000099999999975 0.20217671762442962491 
0.00000000099999999975 0.77136640534902811694 0.00000000099999999975 0.00000000099999999975 0.22863359165097202341 
0.00843028621474703824 0.63442079176967192122 0.00000000099999999998 0.28842196850636336869 0.06872695250921764809 
0.00000000099999999968 0.77976560986050647006 0.00000000099999999968 0.00000000099999999968 0.22023438713949364254 
0.00000000099999999997 0.75857671312982433154 0.00000000099999999997 0.00142340113240238628 0.23999988373777322859 
0.00000000099999999999 0.11161953008663934306 0.00554219916100772130 0.00000000099999999999 0.88283826875235293929 
0.00000000100000000000 0.12513038306412302414 0.00000000100000000000 0.04814651830259571164 0.82672309663328114038 
0.00000000099999999998 0.01710086843780422514 0.00224679573601126691 0.00000000099999999998 0.98065233382618455238 
0.00000000099999999995 0.00000000099999999995 0.00199296117747914999 0.00000000099999999995 0.99800703582252081603 
0.00000000099999999998 0.00000000099999999998 0.00000000099999999998 0.02575363988528332412 0.97424635711471674338 
0.00000000099999999973 0.00000000099999999973 0.00000000099999999973 0.00000000099999999973 0.99999999599999989108 
0.00000000099999999968 0.00000000099999999968 0.00000000099999999968 0.00000000099999999968 0.99999999600000000211 
0.00520880021194502097 0.00000000100000000000 0.00850176183702087453 0.12888709901713579775 0.85740233793389819539 
0.00000000099999999993 0.00000000099999999993 0.00000000099999999993 0.00000000099999999993 0.99999999600000000211 
0.00000000099999999985 0.00000000099999999985 0.00000000099999999985 0.00000000099999999985 0.99999999599999989108 
0.00000000099999999935 0.00000000099999999935 0.00000000099999999935 0.00000000099999999935 0.99999999599999989108 
0.00000000099999999956 0.00000000099999999956 0.00000000099999999956 0.00000000099999999956 0.99999999599999989108 
0.00000000099999999957 0.00000000099999999957 0.00000000099999999957 0.00000000099999999957 0.99999999600000000211 
0.00000000099999999959 0.00000000099999999959 0.00000000099999999959 0.00000000099999999959 0.99999999599999989108 
0.00000000099999999947 0.00000000099999999947 0.00000000099999999947 0.00000000099999999947 0.99999999599999989108 
0.00000000099999999967 0.00772662780289824682 0.00000000099999999967 0.00000000099999999967 0.99227336919710162899 
0.00075851653731241666 0.00000000099999999986 0.00000000099999999986 0.00000000099999999986 0.99924148046268745915 
0.00000000099999999966 0.00692725853994292321 0.00000000099999999966 0.00000000099999999966 0.99307273846005694740 
0.00000000099999999999 0.00000000099999999999 0.00000000099999999999 0.00629342295376130682 0.99370657404623874420 
0.00000000099999999985 0.00000000099999999985 0.00000000099999999985 0.00000000099999999985 0.99999999599999989108 
0.00000000099999999973 0.00000000099999999973 0.00000000099999999973 0.00000000099999999973 0.99999999600000000211 
0.00000000099999999989 0.00000000099999999989 0.00000000099999999989 0.00000000099999999989 0.99999999600000000211 
0.00000000099999999954 0.00000000099999999954 0.00000000099999999954 0.00000000099999999954 0.99999999600000000211 
0.00000000099999999973 0.00000000099999999973 0.00000000099999999973 0.00000000099999999973 0.99999999599999989108 
0.00000000099999999991 0.01857104826821708368 0.00114782690358556597 0.00000000099999999991 0.98028112282819734880 
0.00000000099999999997 0.00748072387960606582 0.00000000099999999997 0.00455450773231741088 0.98796476638807650961 
0.00000000099999999973 0.00000000099999999973 0.00000000099999999973 0.00000000099999999973 0.99999999599999989108 
0.00000000099999999978 0.00000000099999999978 0.00000000099999999978 0.00000000099999999978 0.99999999600000000211 
0.00000000099999999948 0.00000000099999999948 0.00000000099999999948 0.00000000099999999948 0.99999999600000000211 
0.00000000099999999965 0.00000000099999999965 0.00000000099999999965 0.00000000099999999965 0.99999999599999989108 
0.00000000099999999971 0.00000000099999999971 0.00000000099999999971 0.00000000099999999971 0.99999999600000000211 
0.00000000099999999977 0.00000000099999999977 0.00000000099999999977 0.00000000099999999977 0.99999999600000000211 
0.00201865736080981007 0.00000000099999999993 0.00000000099999999993 0.00000000099999999993 0.99798133963919022360 
0.00130684250157385353 0.00000000099999999993 0.00000000099999999993 0.00000000099999999993 0.99869315449842610555 
0.00000000099999999982 0.00000000099999999982 0.00000000099999999982 0.00000000099999999982 0.99999999599999989108 
0.00000000099999999992 0.02993274757172387918 0.00000000099999999992 0.00000000099999999992 0.97006724942827615710 
0.00203723862884260540 0.00882100535257104162 0.00000000099999999987 0.00000000099999999987 0.98914175401858639436 
0.00302184765990207117 0.00000000099999999998 0.00000000099999999998 0.00308298105504807270 0.99389516928504972881 
0.00000000099999999998 0.00000000099999999998 0.00000000099999999998 0.00195308879325956780 0.99804690820674046847 
0.00750481117082657436 0.00000000100000000000 0.00066616514272162621 0.00614751469658957050 0.98568150798986209349 
0.00000000099999999998 0.00000000099999999998 0.00000000099999999998 0.00621757573439275877 0.99378242126560711878 
0.00000000099999999999 0.00000000099999999999 0.00000000099999999999 0.00248682805954577799 0.99751316894045427563 
0.00000000099999999984 0.00000000099999999984 0.00000000099999999984 0.00000000099999999984 0.99999999600000000211 
0.00000000099999999986 0.01581137255232257718 0.00000000099999999986 0.00000000099999999986 0.98418862444767729603 
0.00000000099999999975 0.01373726984277746227 0.00000000099999999975 0.00000000099999999975 0.98626272715722240747 
0.00389070659227696214 0.00000000100000000000 0.00080017474751704171 0.00071898008004607483 0.99459013758015979434 
0.00000000099999999969 0.00440119730596058058 0.00000000099999999969 0.00000000099999999969 0.99559879969403941580 
0.00252888002144983914 0.00000000099999999999 0.00271586069399233068 0.00000000099999999999 0.99475525728455782559 
0.00237398897294296496 0.00000000099999999995 0.00000000099999999995 0.00000000099999999995 0.99762600802705692082 
0.00000000099999999980 0.00000000099999999980 0.00000000099999999980 0.00000000099999999980 0.99999999599999989108 
0.00000000099999999997 0.01143413921761344404 0.00000000099999999997 0.00000000099999999997 0.98856585778238659223 
0.00057479480073425169 0.00000000099999999995 0.00000000099999999995 0.00000000099999999995 0.99942520219926567204 
0.00236462970597629309 0.04100368321680306766 0.00000000099999999998 0.00000000099999999998 0.95663168507722062817 
0.00460187430090382762 0.01881289643183920932 0.00000000099999999999 0.00176688765718687715 0.97481834061007022196 
0.00000000099999999984 0.00000000099999999984 0.00000000099999999984 0.00000000099999999984 0.99999999600000000211 
0.00000000099999999984 0.00000000099999999984 0.00000000099999999984 0.00000000099999999984 0.99999999600000000211 
0.00000000099999999979 0.03460452917211250673 0.00000000099999999979 0.00000000099999999979 0.96539546782788754342 
0.00221660403244791030 0.00000000099999999995 0.00000000099999999995 0.00000000099999999995 0.99778339296755202970 
0.00000000099999999977 0.00000000099999999977 0.00000000099999999977 0.00000000099999999977 0.99999999600000000211 
0.00000000099999999970 0.00000000099999999970 0.00000000099999999970 0.00000000099999999970 0.99999999599999989108 
0.00000000099999999999 0.03403050354309527376 0.00153342052268559681 0.00665834664515423027 0.95777772828906493352 
0.00000000099999999968 0.00000000099999999968 0.00000000099999999968 0.00000000099999999968 0.99999999600000000211 
0.00000000099999999995 0.00000000099999999995 0.00125746959290196233 0.00000000099999999995 0.99874252740709812404 
0.00000000099999999967 0.01104055615777639610 0.00000000099999999967 0.00000000099999999967 0.98895944084222353609 
0.00000000099999999988 0.01355682095490692678 0.00000000099999999988 0.00000000099999999988 0.98644317604509312858 
0.00000000099999999995 0.00000000099999999995 0.00000000099999999995 0.00042326488209107571 0.99957673211790898371 
0.00450890492020451002 0.03320160521462141301 0.00000000099999999998 0.00264743501646117754 0.95964205384871292814 
0.00000000099999999996 0.00657081301725191171 0.00000000099999999996 0.00131301294374168865 0.99211617203900648310 
0.00000000099999999993 0.00000000099999999993 0.00000000099999999993 0.00000000099999999993 0.99999999600000000211 
0.00000000099999999991 0.00189213312801035129 0.00000000099999999991 0.00109233195433659346 0.99701553291765299125 
0.00000000099999999994 0.00000000099999999994 0.00000000099999999994 0.00021622761015467704 0.99978376938984525601 
0.00000000099999999993 0.05111552679427488338 0.00000000099999999993 0.00000000099999999993 0.94888447020572508350 
0.00123249269744465082 0.00299027681442000197 0.00000000099999999994 0.00000000099999999994 0.99577722848813532419 
0.00000000099999999997 0.00000000099999999997 0.00000000099999999997 0.00858712533228239532 0.99141287166771763228 
0.00092393282825541329 0.00664189748517467638 0.00000000099999999997 0.00303304513652798060 0.98940112355004194988 
0.00409343444011066575 0.02023068308975984816 0.00000000100000000000 0.00042663180006801462 0.97524924967006143550 
0.00569002787666588773 0.09006783663880121860 0.00292655191856059683 0.01003765289724886656 0.89127793066872329497 
0.00000000100000000000 0.00677485551773138444 0.00126993436146008464 0.00206932662520362956 0.98988588249560482968 
0.00000000099999999999 0.00000000099999999999 0.00000000099999999999 0.00250903349365841181 0.99749096350634169905 
0.00000000099999999987 0.00000000099999999987 0.00000000099999999987 0.00000000099999999987 0.99999999600000000211 
0.00000000099999999970 0.00000000099999999970 0.00000000099999999970 0.00000000099999999970 0.99999999600000000211 
0.00097093281976186514 0.00000000099999999980 0.00000000099999999980 0.00000000099999999980 0.99902906418023806889 
0.00000000099999999992 0.00614794026515351651 0.00000000099999999992 0.00000000099999999992 0.99385205673484644517 
0.00000000099999999988 0.04139860960814009672 0.00000000099999999988 0.00000000099999999988 0.95860138739185984935 
0.00012061410369593672 0.00000000099999999999 0.00000000099999999999 0.00088648938302609680 0.99899289451327799583 
0.00000000099999999999 0.01465369652426329154 0.00398287444886840508 0.00235299137509569064 0.97901043665177256425 
0.00031195615133418575 0.00000000099999999993 0.00000000099999999993 0.00000000099999999993 0.99968804084866569326 
0.00178887633331424991 0.00634424467898755343 0.00209192492993108331 0.00405848129129054297 0.98571647276647655911 
0.00100604708725440394 0.00000000100000000000 0.00078856412344096888 0.00143685756438436730 0.99676853022492029055 
0.00221145064290561872 0.00000000100000000000 0.00000000100000000000 0.00537169186605884232 0.99241685549103542119 
0.01121584745876646853 0.00000000099999999999 0.00826376252807932594 0.00000000099999999999 0.98052038801315410943 
0.00214633763831510336 0.00001145344718619082 0.00000000100000000000 0.01169972800218090254 0.98614247991231784862 
0.00000000099999999999 0.02155538016914987365 0.00005774049899172178 0.00000000099999999999 0.97838687733185836226 
0.00000000099999999980 0.00075408595849335471 0.00000000099999999980 0.00000000099999999980 0.99924591104150661813 
0.00000000099999999987 0.01363994079579414730 0.00000000099999999987 0.00000000099999999987 0.98636005620420585949 
0.00377897645628782683 0.00000000099999999995 0.00000000099999999995 0.00000000099999999995 0.99622102054371231006 
0.00000000099999999993 0.00000000099999999993 0.00000000099999999993 0.00000000099999999993 0.99999999600000000211 
0.00178186998100854344 0.00000000099999999993 0.00000000099999999993 0.00000000099999999993 0.99821812701899148568 
0.00000000099999999989 0.00000919812784333598 0.00000000099999999989 0.00000000099999999989 0.99999079887215658324 
0.00000000099999999986 0.00000000099999999986 0.00000000099999999986 0.00000000099999999986 0.99999999600000000211 
0.00000000099999999956 0.00000000099999999956 0.00000000099999999956 0.00000000099999999956 0.99999999599999989108 
0.00000000099999999995 0.00019389061577867447 0.00000000099999999995 0.00000000099999999995 0.99980610638422129366 
0.00000000099999999995 0.01150070551209422809 0.00000000099999999995 0.00000000099999999995 0.98849929148790582900 
0.00000000099999999994 0.08013869257477297670 0.00000000099999999994 0.00000000099999999994 0.91986130442522695549 
0.00227323872415763698 0.00000000099999999992 0.00000000099999999992 0.00000000099999999992 0.99772675827584234032 
0.00000000099999999992 0.00000000099999999992 0.00000000099999999992 0.00000000099999999992 0.99999999600000000211 
0.00000000099999999999 0.09796319990837702718 0.00000000099999999999 0.00029717676941915801 0.90173962132220386589 
0.00000000099999999989 0.00000000139713483140 0.00000000099999999989 0.00000000099999999989 0.99999999560286523259 
0.00005164488819458385 0.00000006713444069338 0.00000000099999999999 0.00618078167955525472 0.99376750529780955024 
0.00000000099999999997 0.00000000099999999997 0.00000000099999999997 0.00739129536922355015 0.99260870163077641326 
0.00013269919791250879 0.00000000100000000000 0.00046077105168745223 0.00075660409513436384 0.99864992465526580823 
0.00000000099999999996 0.00000000099999999996 0.00000000099999999996 0.00213136419737871641 0.99786863280262116938 
0.00000000099999999969 0.00000000099999999969 0.00000000099999999969 0.00000000099999999969 0.99999999599999989108 
0.00000000099999999987 0.00000000099999999987 0.00000000099999999987 0.00000000099999999987 0.99999999599999989108 
0.00028725701226507894 0.00000000099999999980 0.00000000099999999980 0.00000000099999999980 0.99971273998773491076 
0.00000000099999999985 0.01095386309994251725 0.00000000099999999985 0.00000000099999999985 0.98904613390005746698 
0.00000000099999999977 0.00000000099999999977 0.00000000099999999977 0.00000000099999999977 0.99999999599999989108 
0.00000000099999999986 0.00000000099999999986 0.00000000099999999986 0.00000000099999999986 0.99999999599999989108 
0.00000000099999999973 0.00000000099999999973 0.00000000099999999973 0.00000000099999999973 0.99999999600000000211 
0.00084702378550445274 0.00000000100000000000 0.00000000100000000000 0.00148537263543886298 0.99766760157905665096 
0.00000000099999999982 0.02769694630705329605 0.00000000099999999982 0.00000000099999999982 0.97230305069294675757 
0.00000000099999999982 0.00000000099999999982 0.00000000099999999982 0.00000000099999999982 0.99999999600000000211 
0.00000000099999999983 0.00000005833481731961 0.00000000099999999983 0.00000000099999999983 0.99999993866518277486 
0.00000000099999999974 0.00671849694538214064 0.00000000099999999974 0.00000000099999999974 0.99328150005461790517 
0.00000000099999999980 0.00000000099999999980 0.00000000099999999980 0.00000000099999999980 0.99999999599999989108 
0.00000000099999999993 0.00000000099999999993 0.00000000099999999993 0.00000000099999999993 0.99999999600000000211 
0.00000000099999999972 0.00000000099999999972 0.00000000099999999972 0.00000000099999999972 0.99999999599999989108 
0.00000000099999999980 0.00000000099999999980 0.00000000099999999980 0.00000000099999999980 0.99999999599999989108 
0.00000000099999999970 0.00000000099999999970 0.00000000099999999970 0.00000000099999999970 0.99999999600000000211 
0.00000000099999999969 0.00000000099999999969 0.00000000099999999969 0.00000000099999999969 0.99999999600000000211 
0.00000000099999999975 0.00000000099999999975 0.00000000099999999975 0.00000000099999999975 0.99999999600000000211 
0.00108097914843446343 0.03174083915683147822 0.00000000099999999998 0.00193817766375181688 0.96524000303098222986 
0.00045488502390547393 0.00873559504262344695 0.00000000099999999995 0.00138827691953083920 0.98942124201394032745 
0.00000000099999999999 0.01220302072597483599 0.00086921211036797362 0.00071747665223078098 0.98621028951142641894 
0.00000000099999999985 0.01874186882396451995 0.00000000099999999985 0.00000000099999999985 0.98125812817603552674 
0.00000000099999999951 0.01072487632682302995 0.00000000099999999951 0.00000000099999999951 0.98927512067317691091 
0.00000000099999999954 0.02003335547170443862 0.00000000099999999954 0.00000000099999999954 0.97996664152829571215 
0.00000000099999999973 0.02549223257245227317 0.00000000099999999973 0.00000000099999999973 0.97450776442754771800 
0.00000000099999999963 0.00000000099999999963 0.00000000099999999963 0.00000000099999999963 0.99999999600000000211 
0.00000000099999999958 0.00829134143178419589 0.00000000099999999958 0.00000000099999999958 0.99170865556821596876 
0.00000000099999999959 0.03536010817518407678 0.00000000099999999959 0.00000000099999999959 0.96463988882481588316 
0.00000000099999999967 0.00000000099999999967 0.00000000099999999967 0.00000000099999999967 0.99999999599999989108 
0.00000000099999999951 0.00000000099999999951 0.00000000099999999951 0.00000000099999999951 0.99999999600000000211 
0.00000000099999999976 0.00000000099999999976 0.00000000099999999976 0.00000000099999999976 0.99999999599999989108 
0.00000000099999999963 0.01755902678147101825 0.00000000099999999963 0.00000000099999999963 0.98244097021852905272 
0.00000000099999999958 0.00000000099999999958 0.00000000099999999958 0.00000000099999999958 0.99999999600000000211 
0.00000000099999999981 0.00046810333056140473 0.00000000099999999981 0.00000000099999999981 0.99953189366943850924 
0.00000000099999999977 0.00000000099999999977 0.00000000099999999977 0.00000000099999999977 0.99999999599999989108 
0.00000000099999999978 0.02166399755189300780 0.00000000099999999978 0.00000000099999999978 0.97833599944810689664 
0.00000000099999999974 0.00002336416128977844 0.00000000099999999974 0.00000000099999999974 0.99997663283871018880 
0.00000000099999999969 0.00000000099999999969 0.00000000099999999969 0.00000000099999999969 0.99999999599999989108 
