0.00000000099999999889 0.00000000099999999889 0.99999999499999980834 0.00000000099999999889 0.00000000099999999889 0.00000000099999999889 
0.00000000099999999895 0.00000000099999999895 0.99999999499999991937 0.00000000099999999895 0.00000000099999999895 0.00000000099999999895 
0.00000000099999999892 0.00000000099999999892 0.99999999499999980834 0.00000000099999999892 0.00000000099999999892 0.00000000099999999892 
0.00000000099999999894 0.00000000099999999894 0.99999999499999980834 0.00000000099999999894 0.00000000099999999894 0.00000000099999999894 
0.00000000099999999898 0.00000000099999999898 0.99999999499999991937 0.00000000099999999898 0.00000000099999999898 0.00000000099999999898 
0.00000000099999999898 0.00000000099999999898 0.99999999499999980834 0.00000000099999999898 0.00000000099999999898 0.00000000099999999898 
0.00000000099999999891 0.00000000099999999891 0.99999999499999980834 0.00000000099999999891 0.00000000099999999891 0.00000000099999999891 
0.00000000099999999901 0.00000000099999999901 0.99999999500000003039 0.00000000099999999901 0.00000000099999999901 0.00000000099999999901 
0.00000000099999999894 0.00000000099999999894 0.99999999499999991937 0.00000000099999999894 0.00000000099999999894 0.00000000099999999894 
0.00000000099999999900 0.00000000099999999900 0.99999999500000003039 0.00000000099999999900 0.00000000099999999900 0.00000000099999999900 
0.00000000099999999897 0.00000000099999999897 0.99999999499999980834 0.00000000099999999897 0.00000000099999999897 0.00000000099999999897 
0.00000000099999999915 0.00000000099999999915 0.99999999500000003039 0.00000000099999999915 0.00000000099999999915 0.00000000099999999915 
0.00000000099999999896 0.00000000099999999896 0.99999999499999991937 0.00000000099999999896 0.00000000099999999896 0.00000000099999999896 
0.00000000099999999893 0.00000000099999999893 0.99999999499999980834 0.00000000099999999893 0.00000000099999999893 0.00000000099999999893 
0.00000000099999999896 0.00000000099999999896 0.99999999499999980834 0.00000000099999999896 0.00000000099999999896 0.00000000099999999896 
0.00000000099999999895 0.00000000099999999895 0.99999999499999991937 0.00000000099999999895 0.00000000099999999895 0.00000000099999999895 
0.00000000099999999895 0.00000000099999999895 0.99999999499999991937 0.00000000099999999895 0.00000000099999999895 0.00000000099999999895 
0.00000000099999999902 0.00000000099999999902 0.99999999500000003039 0.00000000099999999902 0.00000000099999999902 0.00000000099999999902 
0.00000000099999999904 0.00000000099999999904 0.99999999499999991937 0.00000000099999999904 0.00000000099999999904 0.00000000099999999904 
0.00000000099999999903 0.00000000099999999903 0.99999999500000003039 0.00000000099999999903 0.00000000099999999903 0.00000000099999999903 
0.00000000099999999898 0.00000000099999999898 0.99999999499999980834 0.00000000099999999898 0.00000000099999999898 0.00000000099999999898 
0.00000000099999999900 0.00000000099999999900 0.99999999500000003039 0.00000000099999999900 0.00000000099999999900 0.00000000099999999900 
0.00000000099999999898 0.00000000099999999898 0.99999999499999980834 0.00000000099999999898 0.00000000099999999898 0.00000000099999999898 
0.00000000099999999899 0.00000000099999999899 0.99999999499999991937 0.00000000099999999899 0.00000000099999999899 0.00000000099999999899 
0.00000000099999999928 0.00000000099999999928 0.99999999499999991937 0.00000000099999999928 0.00000000099999999928 0.00000000099999999928 
0.00000000099999999897 0.00000000099999999897 0.99999999499999991937 0.00000000099999999897 0.00000000099999999897 0.00000000099999999897 
0.00000000099999999901 0.00000000099999999901 0.99999999500000003039 0.00000000099999999901 0.00000000099999999901 0.00000000099999999901 
0.00000000099999999903 0.00000000099999999903 0.99999999499999991937 0.00000000099999999903 0.00000000099999999903 0.00000000099999999903 
0.00000000099999999904 0.00000000099999999904 0.99999999500000003039 0.00000000099999999904 0.00000000099999999904 0.00000000099999999904 
0.00000000099999999901 0.00000000099999999901 0.99999999499999991937 0.00000000099999999901 0.00000000099999999901 0.00000000099999999901 
0.00000000099999999916 0.00000000099999999916 0.99999999499999991937 0.00000000099999999916 0.00000000099999999916 0.00000000099999999916 
0.00000000099999999930 0.00000000099999999930 0.99999999500000003039 0.00000000099999999930 0.00000000099999999930 0.00000000099999999930 
0.00000000099999999912 0.00000000099999999912 0.99999999499999991937 0.00000000099999999912 0.00000000099999999912 0.00000000099999999912 
0.00000000099999999923 0.00000000099999999923 0.99999999499999991937 0.00000000099999999923 0.00000000099999999923 0.00000000099999999923 
0.00000000099999999910 0.00000000099999999910 0.99999999500000003039 0.00000000099999999910 0.00000000099999999910 0.00000000099999999910 
0.00000000099999999919 0.00000000099999999919 0.99999999500000003039 0.00000000099999999919 0.00000000099999999919 0.00000000099999999919 
0.00000000099999999913 0.00000000099999999913 0.99999999499999991937 0.00000000099999999913 0.00000000099999999913 0.00000000099999999913 
0.00000000099999999914 0.00000000099999999914 0.99999999500000003039 0.00000000099999999914 0.00000000099999999914 0.00000000099999999914 
0.00000000099999999917 0.00000000099999999917 0.99999999499999991937 0.00000000099999999917 0.00000000099999999917 0.00000000099999999917 
0.00000000099999999934 0.00000000099999999934 0.99999999500000003039 0.00000000099999999934 0.00000000099999999934 0.00000000099999999934 
0.00000000099999999912 0.00000000099999999912 0.99999999500000003039 0.00000000099999999912 0.00000000099999999912 0.00000000099999999912 
0.00000000099999999923 0.00000000099999999923 0.99999999500000003039 0.00000000099999999923 0.00000000099999999923 0.00000000099999999923 
0.00000000099999999916 0.00000000099999999916 0.99999999500000003039 0.00000000099999999916 0.00000000099999999916 0.00000000099999999916 
0.00000000099999999914 0.00000000099999999914 0.99999999500000003039 0.00000000099999999914 0.00000000099999999914 0.00000000099999999914 
0.00000000099999999922 0.00000000099999999922 0.99999999500000003039 0.00000000099999999922 0.00000000099999999922 0.00000000099999999922 
0.00000000099999999915 0.00000000099999999915 0.99999999499999991937 0.00000000099999999915 0.00000000099999999915 0.00000000099999999915 
0.00000000099999999920 0.00000000099999999920 0.99999999499999991937 0.00000000099999999920 0.00000000099999999920 0.00000000099999999920 
0.00000000099999999936 0.00000000099999999936 0.99999999499999991937 0.00000000099999999936 0.00000000099999999936 0.00000000099999999936 
0.00000000099999999939 0.00000000099999999939 0.99999999500000003039 0.00000000099999999939 0.00000000099999999939 0.00000000099999999939 
0.00000000099999999947 0.00000000099999999947 0.99999999500000003039 0.00000000099999999947 0.00000000099999999947 0.00000000099999999947 
0.00000000099999999970 0.00000000099999999970 0.99999999499999991937 0.00000000099999999970 0.00000000099999999970 0.00000000099999999970 
0.00000000099999999977 0.00000000099999999977 0.00000000099999999977 0.00027045093501972851 0.59863056274964898673 0.40109898331533128113 
0.00000000099999999951 0.00000000099999999951 0.00000000099999999951 0.00000000099999999951 0.55654520339681323726 0.44345479260318676484 
0.00000000099999999980 0.00000000099999999980 0.00000000099999999980 0.00000000099999999980 0.51218263717786560729 0.48781735882213433930 
0.00000000099999999929 0.00000000099999999929 0.00000000099999999929 0.00000000099999999929 0.60752844815153794755 0.39247154784846199904 
0.00000000099999999940 0.00000000099999999940 0.00000000099999999940 0.00000000099999999940 0.60440789139053385792 0.39559210460946608867 
0.00000000099999999929 0.00000000099999999929 0.00000000099999999929 0.00000000099999999929 0.59751983134810815468 0.40248016465189179192 
0.00000000099999999960 0.00000000099999999960 0.00000000099999999960 0.00000000099999999960 0.60412435611792314472 0.39587563988207691290 
0.00000000099999999940 0.00000000099999999940 0.00000000099999999940 0.00000000099999999940 0.62603109636229004042 0.37396889963771001719 
0.00000000099999999953 0.00000000099999999953 0.00000000099999999953 0.00000000099999999953 0.59513474224220430653 0.40486525375779558455 
0.00462684545966807366 0.00000000099999999996 0.00000000099999999996 0.00000000099999999996 0.59697377684395080966 0.39839937469638114775 
0.00000000099999999943 0.00000000099999999943 0.00000000099999999943 0.00000000099999999943 0.57414359258038460965 0.42585640341961539246 
0.00000000099999999938 0.00000000099999999938 0.00000000099999999938 0.00000000099999999938 0.57832582801964305119 0.42167416798035689540 
0.00469359075617969881 0.00000000099999999992 0.00000000099999999992 0.00000000099999999992 0.56835922722648668515 0.42694717901733364451 
0.00000000099999999950 0.00000000099999999950 0.00000000099999999950 0.00000000099999999950 0.56984944427462258520 0.43015055172537736139 
0.00000000099999999984 0.00000000099999999984 0.00000000099999999984 0.00000000099999999984 0.61856734274528424322 0.38143265325471581439 
0.00000000099999999931 0.00000000099999999931 0.00000000099999999931 0.00000000099999999931 0.60661954532921524841 0.39338045067078469819 
0.00000000099999999960 0.00000000099999999960 0.00000000099999999960 0.00000000099999999960 0.51148072197156635443 0.48851927402843359216 
0.00000000099999999984 0.00000000099999999984 0.00000000099999999984 0.00000000099999999984 0.51704462405405937631 0.48295537194594062580 
0.00000000099999999944 0.00000000099999999944 0.00000000099999999944 0.00000000099999999944 0.56814880571271364484 0.43185119028728630175 
0.00000000099999999945 0.00000000099999999945 0.00000000099999999945 0.00000000099999999945 0.58037692808673457812 0.41962306791326553501 
0.00000000099999999951 0.00000000099999999951 0.00000000099999999951 0.00000000099999999951 0.58928014511598247882 0.41071985088401752328 
0.00000000099999999928 0.00000000099999999928 0.00000000099999999928 0.00000000099999999928 0.59196280312015514546 0.40803719287984474562 
0.00000000099999999954 0.00000000099999999954 0.00000000099999999954 0.00000000099999999954 0.55661085857578573854 0.44338913742421443009 
0.00000000099999999949 0.00000000099999999949 0.00000000099999999949 0.00000000099999999949 0.53541216514002298865 0.46458783085997695794 
0.00000000099999999971 0.00000000099999999971 0.00000000099999999971 0.00000000099999999971 0.50676485599079801325 0.49323514000920215539 
0.00000000099999999942 0.00000000099999999942 0.00000000099999999942 0.00000000099999999942 0.59481011640865411039 0.40518987959134583621 
0.00000000099999999951 0.00000000099999999951 0.00000000099999999951 0.00000000099999999951 0.53429979008485117831 0.46570020591514876829 
0.00464474534811121220 0.00000000099999999993 0.00051271038211940056 0.00000000099999999993 0.54139650768397140634 0.45344603458579790800 
0.00000000099999999995 0.00000000099999999995 0.00000000099999999995 0.00117175287684417417 0.59957691629158882396 0.39925132783156702665 
0.00000000099999999957 0.00000000099999999957 0.00000000099999999957 0.00000000099999999957 0.54976978517036534377 0.45023021082963465833 
0.00000000099999999942 0.00000000099999999942 0.00000000099999999942 0.00000000099999999942 0.61594374267948626134 0.38405625332051362975 
0.00000000099999999994 0.00267746108505080181 0.00123952783753643932 0.00000000099999999994 0.57031152254375583333 0.42577148653365687325 
0.00000000099999999973 0.00000000099999999973 0.00000000099999999973 0.00000000099999999973 0.46079089259331268424 0.53920910340668726235 
0.00000000099999999968 0.00000000099999999968 0.00000000099999999968 0.00000000099999999968 0.54081419519577200727 0.45918580080422805034 
0.00000000099999999958 0.00000000099999999958 0.00000000099999999958 0.00000000099999999958 0.52779699621831976941 0.47220299978168039923 
0.00000000099999999968 0.00000000099999999968 0.00000000099999999968 0.00000000099999999968 0.57859933802522611757 0.42140065797477394005 
0.00000000099999999957 0.00000000099999999957 0.00000000099999999957 0.00000000099999999957 0.51619682084679441303 0.48380317515320553357 
0.00000000099999999961 0.00000000099999999961 0.00000000099999999961 0.00000000099999999961 0.51930912703491749483 0.48069086896508256279 
0.00000000099999999959 0.00000000099999999959 0.00000000099999999959 0.00000000099999999959 0.48148545510661117097 0.51851454089338899767 
0.00000000099999999998 0.00093367004897732442 0.00000000099999999998 0.00077280557121078093 0.57556914255819890958 0.42272437982161303882 
0.00000000099999999975 0.00000000099999999975 0.00000000099999999975 0.00000000099999999975 0.57608971654729479450 0.42391027945270509658 
0.00000000099999999989 0.00000000099999999989 0.00000000099999999989 0.00000000099999999989 0.56422169727554971619 0.43577829872445039694 
0.00000000099999999965 0.00000000099999999965 0.00000000099999999965 0.00000000099999999965 0.58767473308827855583 0.41232526291172139077 
0.00000000099999999945 0.00000000099999999945 0.00000000099999999945 0.00000000099999999945 0.52485691836891101847 0.47514307763108915017 
0.00000000099999999943 0.00000000099999999943 0.00000000099999999943 0.00000000099999999943 0.54475440306501898835 0.45524559293498101376 
0.00000000099999999947 0.00000000099999999947 0.00000000099999999947 0.00000000099999999947 0.52858612477861921519 0.47141387122138084242 
0.00000000099999999949 0.00000000099999999949 0.00000000099999999949 0.00000000099999999949 0.54701713701980902993 0.45298285898019102769 
0.00000000099999999983 0.00000000099999999983 0.00000000099999999983 0.00000000099999999983 0.50325974547259388903 0.49674025052740622410 
0.00000000099999999945 0.00000000099999999945 0.00000000099999999945 0.00000000099999999945 0.55263066384624837113 0.44736933215375157546 
0.00000000099999999966 0.00000000099999999966 0.00000000099999999966 0.00000000099999999966 0.50077798658597105774 0.49922200941402899987 
0.00000000099999999947 0.00000000099999999947 0.00000000099999999947 0.00000000099999999947 0.56622133736238333679 0.43377865863761660981 
0.00000000099999999953 0.00000000099999999953 0.00000000099999999953 0.00000000099999999953 0.51207284372369199499 0.48792715227630795161 
0.00000000099999999966 0.00000000099999999966 0.00000000099999999966 0.00000000099999999966 0.53783557258973335724 0.46216442341026670038 
0.00000000099999999967 0.00000000099999999967 0.00000000099999999967 0.00000000099999999967 0.58096030041408530664 0.41903969558591475097 
0.00000000099999999954 0.00000000099999999954 0.00000000099999999954 0.00000000099999999954 0.55662528323321092127 0.44337471276678913634 
0.00000000099999999956 0.00000000099999999956 0.00000000099999999956 0.00000000099999999956 0.57423192681039914032 0.42576806918960080628 
0.00000000099999999971 0.00000000099999999971 0.00000000099999999971 0.00000000099999999971 0.56409264547026094494 0.43590735052973905717 
0.00000000099999999973 0.00000000099999999973 0.00041724777420134142 0.00000000099999999973 0.54406753283609055050 0.45551521638970815520 
0.00000000099999999949 0.00000000099999999949 0.00000000099999999949 0.00000000099999999949 0.55875693961992312087 0.44124305638007677022 
0.00000000099999999972 0.00000000099999999972 0.00000000099999999972 0.00000000099999999972 0.57321895255234756039 0.42678104344765249722 
0.00000000099999999944 0.00000000099999999944 0.00000000099999999944 0.00000000099999999944 0.53075081253753908506 0.46924918346246091705 
0.00000000099999999985 0.00000000099999999985 0.00000000099999999985 0.00000000099999999985 0.50747098070971119466 0.49252901529028869643 
0.00000000099999999976 0.00000000099999999976 0.00151327273749571876 0.00000000099999999976 0.53463598423268943183 0.46385074002981485641 
0.00000000099999999991 0.00000000099999999991 0.00011608525917848793 0.00000000099999999991 0.51762695266073743827 0.48225695908008414658 
0.00000000099999999969 0.00000000099999999969 0.00000000099999999969 0.00000000099999999969 0.56798253833629153142 0.43201745766370847068 
0.00000000099999999983 0.00000000099999999983 0.00000000099999999983 0.00000000099999999983 0.50064314805307941203 0.49935684794692053456 
0.00383810432204839767 0.00076482758054817663 0.00419718015846554625 0.00047810883517269807 0.60407374607818409284 0.38664803302558109488 
0.00302745206830717538 0.00122800024043454611 0.00119391404090020458 0.00000000099999999999 0.55584436247972279777 0.43870627017063534847 
0.00187435395474924802 0.00000000099999999997 0.00035361322850143123 0.00230000513089851071 0.54944386473840312046 0.44602816194744759892 
0.00000000099999999991 0.00233211524306019963 0.00000000099999999991 0.00000000099999999991 0.53643236481042932962 0.46123551694651054866 
0.00145207321836338219 0.00000000099999999997 0.00319105283278939061 0.00000000099999999997 0.52650353585991638283 0.46885333608893070556 
0.00203289059167034020 0.00000000099999999995 0.00260790381521707046 0.00000000099999999995 0.56620596093570807472 0.42915324265740445453 
0.00000000099999999957 0.00000000099999999957 0.00000000099999999957 0.00000000099999999957 0.99046743163906281193 0.00953256436093729079 
0.00000000099999999953 0.00000000099999999953 0.00000000099999999953 0.00000000099999999953 0.99999999500000003039 0.00000000099999999953 
0.00000000099999999973 0.00000000099999999973 0.00000000099999999973 0.00000000099999999973 0.99307674553665536976 0.00692325046334467398 
0.00000000099999999990 0.00000000099999999990 0.00000000099999999990 0.00000000099999999990 0.99999999500000003039 0.00000000099999999990 
0.00000000099999999949 0.00000000099999999949 0.00000000099999999949 0.00000000099999999949 0.99999999499999991937 0.00000000099999999949 
0.00000000099999999957 0.00000000099999999957 0.00000000099999999957 0.00000000099999999957 0.99999999499999991937 0.00000000099999999957 
0.00000000099999999967 0.00000000099999999967 0.00000000099999999967 0.00000000099999999967 0.99903786098468005950 0.00096213501531990412 
0.00000000099999999964 0.00000000099999999964 0.00000000099999999964 0.00000000099999999964 0.99406806322513219243 0.00593193277486781401 
0.00000000099999999955 0.00000000099999999955 0.00000000099999999955 0.00000000099999999955 0.99828298157089501164 0.00171701442910493995 
0.00000000099999999984 0.00000000099999999984 0.00067829695242720264 0.00000000099999999984 0.99932169904757284229 0.00000000099999999984 
0.00000000099999999956 0.00000000099999999956 0.00000000099999999956 0.00000000099999999956 0.99999999499999991937 0.00000000099999999956 
0.00000000099999999947 0.00000000099999999947 0.00000000099999999947 0.00000000099999999947 0.99626574887780017242 0.00373424712219977244 
0.00000000099999999954 0.00000000099999999954 0.00000000099999999954 0.00000000099999999954 0.99999999500000003039 0.00000000099999999954 
0.00000000099999999959 0.00000000099999999959 0.00000000099999999959 0.00000000099999999959 0.99999999499999991937 0.00000000099999999959 
0.00000000099999999973 0.00000000099999999973 0.00122883623168811712 0.00000000099999999973 0.99877115976831198907 0.00000000099999999973 
0.00000000099999999963 0.00000000099999999963 0.00000000099999999963 0.00000000099999999963 0.97012093105266139492 0.02987906494733866616 
0.00000000099999999970 0.00000000099999999970 0.00000000099999999970 0.00000000099999999970 0.99718304753817932351 0.00281694846182073454 
0.00000000099999999936 0.00000000099999999936 0.00000000099999999936 0.00000000099999999936 0.99999999500000003039 0.00000000099999999936 
0.00141112608900667352 0.00000000099999999996 0.00080740139311909871 0.00053357138508038104 0.98598257161409530447 0.01126532851869840521 
0.00078976220306186274 0.00000000099999999997 0.00000000099999999997 0.00120492727629665174 0.94727252008059925625 0.05073278844004232291 
0.00000000099999999983 0.00000000099999999983 0.00000000099999999983 0.00000000099999999983 0.99999999499999991937 0.00000000099999999983 
0.00000000099999999995 0.00748129997586323772 0.00000000099999999995 0.00000000099999999995 0.94157763890841261745 0.05094105811572410825 
0.00156720879624743350 0.00049990912739791501 0.00000000099999999992 0.00000000099999999992 0.92739391287697492405 0.07053896719937971516 
0.00273485039646526561 0.00064362774305584626 0.00000000099999999995 0.00000000099999999995 0.93342379536202846335 0.06319772449845031947 
0.00115411900024787279 0.00000000099999999992 0.00004156879862195071 0.00000000099999999992 0.98790825117968328328 0.01089605902144694625 
0.00000000099999999992 0.00393206285503935795 0.00000000099999999992 0.00000000099999999992 0.93618759911315263533 0.05988033503180796580 
0.00075342567193745875 0.00159440728244491028 0.00000000099999999996 0.00000000099999999996 0.95873442094507910216 0.03891774410053853994 
0.00000000099999999996 0.00137139000856001891 0.00000000099999999996 0.00000000099999999996 0.96903971442852254725 0.02958889256291739184 
0.00000000099999999996 0.00110050734207911083 0.00019727341918420805 0.00000129395773196761 0.97472374355578783600 0.02397718072521686297 
0.00000000099999999981 0.00000000099999999981 0.00000000099999999981 0.00000000099999999981 0.94121881792452766202 0.05878117807547227763 
0.00000000099999999989 0.00256297264426846340 0.00000000099999999989 0.00000000099999999989 0.95769067482125025403 0.03974634953448131364 
0.00076681276575675333 0.00315918382051485992 0.00138740794396745911 0.00000000099999999997 0.95484563638076458414 0.03984095808899627833 
0.00574625775574277419 0.00000000099999999998 0.00000000099999999998 0.00000000099999999998 0.93773605091695166891 0.05651768832730546394 
0.00000000099999999991 0.00000000099999999991 0.00000000099999999991 0.00000000099999999991 0.97991510210877130760 0.02008489389122872226 
0.00000000099999999977 0.00000000099999999977 0.00000000099999999977 0.00000000099999999977 0.94069437341641826134 0.05930562258358165056 
0.00000000099999999963 0.00000000099999999963 0.00000000099999999963 0.00000000099999999963 0.92277666504200317465 0.07722333095799698011 
0.00000000099999999994 0.00000000099999999994 0.00000000099999999994 0.00000000099999999994 0.95682252643385967694 0.04317746956614042925 
0.00000000099999999999 0.00000000099999999999 0.00315180200247428639 0.00994457899284301172 0.91248344912282985941 0.07442016788185275289 
0.00000000100000000000 0.00332368758440618629 0.00000000380922039246 0.00000000100000000000 0.87787045022379806003 0.11880585638257532000 
0.00000000100000000000 0.01583024414194510177 0.00339334544956580459 0.00000000100000000000 0.83440899575313842718 0.14636741265535069267 
0.00000000099999999970 0.00000000099999999970 0.00596510714136049350 0.00000000099999999970 0.93409871140098166276 0.05993617845765769614 
0.00000000099999999998 0.01794304142715498485 0.00000000099999999998 0.00000000099999999998 0.87705197562453429683 0.10500497994831073378 
0.00000000099999999999 0.00000000099999999999 0.00000000099999999999 0.00250563922611251330 0.76925027467126250169 0.22824408310262508937 
0.00000000099999999990 0.00000000099999999990 0.00065856715842372887 0.00000000099999999990 0.99335659840129253428 0.00598483144028383231 
0.00000000099999999999 0.00455917398860358845 0.00654975057051615604 0.00000000099999999999 0.98838060950847261843 0.00051046393240759282 
0.00000000099999999984 0.00000000099999999984 0.01572463063708151240 0.00000000099999999984 0.95036898538612213372 0.03390638097679635199 
0.00000000099999999992 0.00000000099999999992 0.00172694656669456631 0.00000000099999999992 0.97921911588002452653 0.01905393455328099547 
0.00000000099999999970 0.00000000099999999970 0.00825737438204554065 0.00000000099999999970 0.97475305946375445654 0.01698956315419995755 
0.00000000099999999994 0.00000000099999999994 0.00216148634329535244 0.00000000099999999994 0.97595216904260040369 0.02188634161410414267 
0.00000000099999999947 0.00000000099999999947 0.00000000099999999947 0.00000000099999999947 0.96129352396390965740 0.03870647203609031001 
0.00000000099999999966 0.00000000099999999966 0.00000000099999999966 0.00000000099999999966 0.99412356806060497849 0.00587642793939509300 
0.00033912764838578429 0.00114321555257117756 0.00000000099999999995 0.00000000099999999995 0.74859012582869177699 0.24992752897035139248 
0.00000000099999999985 0.00000000099999999985 0.00140244488252621300 0.00000000099999999985 0.77595541865804440462 0.22264213345942940325 
0.26005114301999254778 0.00000000099999999997 0.00000000099999999997 0.07595859882063688007 0.55971739809178744363 0.10427285806758310183 
0.00259088965996611981 0.00000000099999999998 0.00446919924820319767 0.00054837592956925613 0.71577082664037761095 0.27662070752188394618 
0.00260470495497206129 0.00000000099999999998 0.00215315904394245946 0.00093883197669591110 0.74365930477702202328 0.25064399824736749434 
0.28682726346404230355 0.00000000099999999998 0.00000000099999999998 0.06680154948399134873 0.54372840121231591493 0.10264278383965048935 
0.22390510957120177138 0.00000000099999999997 0.00000000099999999997 0.05413546511977576636 0.55031808690520189753 0.17164133640382070456 
0.23466604695156584315 0.00000000099999999998 0.00000000099999999998 0.03803067997761013647 0.60838924228038193665 0.11891402879044210561 
0.23831271115601984634 0.00000000099999999998 0.00217521590679727603 0.00000000099999999998 0.61182001743076663836 0.14769205350641617658 
0.22380256235237394602 0.00000000099999999999 0.00099090877272440874 0.01454051936543479182 0.59050595763376456659 0.17016005087570246213 
0.00000000099999999985 0.00000000099999999985 0.00000000099999999985 0.00000000099999999985 0.75726382355341825825 0.24273617244658166059 
0.28174764323160966795 0.00284131633283554643 0.00000000099999999998 0.00000000099999999998 0.59212943077337631959 0.12328160766217839683 
0.00500925722687185337 0.00000000099999999998 0.00666154010221829858 0.00126189180376444412 0.75300165436404931096 0.23406565550309610391 
0.28836906920469845828 0.00000000099999999998 0.00000000099999999998 0.04194986849332090623 0.52171765815065096472 0.14796340215132969265 
0.00000000099999999977 0.00000000099999999977 0.00266872580271744139 0.00000000099999999977 0.73822039238484393753 0.25911087881243854980 
0.00000000099999999973 0.00000000099999999973 0.00000000099999999973 0.00000000099999999973 0.72998916764003118907 0.27001082835996886855 
0.28630874813396312017 0.01857323705591725285 0.00641159241667245069 0.00000000099999999998 0.53669237662473368022 0.15201404476871355209 
0.00000000099999999985 0.00000000099999999985 0.00051915446331209298 0.00000000099999999985 0.77300098284663132375 0.22647985969005654527 
0.00193996909817917870 0.00000000099999999996 0.00000000099999999996 0.00067019504677570663 0.73914912074122707253 0.25824071311381796567 
0.00000000100000000000 0.00000979301051366194 0.00000000141843884686 0.00591325054824624625 0.87420188286142785916 0.11987507116137345597 
0.00000000099999999999 0.06748408760689547647 0.00000000099999999999 0.00000000099999999999 0.89889072513461676373 0.03362518425848765730 
0.00000000099999999996 0.00370743866649651853 0.00000000099999999996 0.00000000099999999996 0.92825635911501025443 0.06803619921849321517 
0.00000000099999999993 0.00238485334860565447 0.00000000099999999993 0.00000000099999999993 0.99337034784075484151 0.00424479581063959797 
0.02627632046268165919 0.00000000099999999997 0.00000000099999999997 0.00000000099999999997 0.91566008028881018532 0.05806359624850802176 
0.00000000099999999957 0.00000000099999999957 0.00000000099999999957 0.00000000099999999957 0.99999999500000003039 0.00000000099999999957 
0.00000000099999999967 0.00000000099999999967 0.00000000099999999967 0.00000000099999999967 0.99999999499999991937 0.00000000099999999967 
0.09114737773738772197 0.06959095569858725350 0.00088568757056704621 0.00000000099999999997 0.83837597699345789426 0.00000000099999999997 
0.00000000099999999985 0.00105650665955821384 0.00000000099999999985 0.00000000099999999985 0.99894348934044163713 0.00000000099999999985 
0.00000000099999999987 0.00049625675721329645 0.00000000099999999987 0.00000000099999999987 0.99950373924278657078 0.00000000099999999987 
0.00000000099999999915 0.00000000099999999915 0.00000000099999999915 0.00000000099999999915 0.99999999499999991937 0.00000000099999999915 
0.00000000099999999940 0.00000000099999999940 0.00000000099999999940 0.00000000099999999940 0.99957960240756960069 0.00042039359243046983 
0.00000000099999999944 0.00000000099999999944 0.00000000099999999944 0.00000000099999999944 0.99887252613304744475 0.00112746986695253350 
0.00000000099999999946 0.00000000099999999946 0.00000000099999999946 0.00000000099999999946 0.99999999499999991937 0.00000000099999999946 
0.00000000099999999928 0.00000000099999999928 0.00000000099999999928 0.00000000099999999928 0.99999999499999991937 0.00000000099999999928 
0.00000000099999999956 0.00000000099999999956 0.00000000099999999956 0.00000000099999999956 0.99193794773867682846 0.00806204826132320834 
0.00000000099999999979 0.00000000099999999979 0.00000000099999999979 0.00000000099999999979 0.99699953961884524301 0.00300045638115472180 
0.00000000099999999951 0.00000000099999999951 0.00000000099999999951 0.00000000099999999951 0.99999999500000003039 0.00000000099999999951 
0.00640178915786409741 0.00000000099999999996 0.00000000099999999996 0.00000000099999999996 0.99359820684213584485 0.00000000099999999996 
0.00000000099999999982 0.00000000099999999982 0.00032784102697681650 0.00000000099999999982 0.96697088940229514176 0.03270126657072802007 
0.00000000099999999965 0.00000000099999999965 0.00000000099999999965 0.00000000099999999965 0.99367402380209113311 0.00632597219790876318 
0.00000000099999999986 0.00000000099999999986 0.00000000099999999986 0.00121784371531638526 0.99245083225809838101 0.00633132102658526697 
0.00000000099999999941 0.00000000099999999941 0.00000000099999999941 0.00000000099999999941 0.99999999499999991937 0.00000000099999999941 
0.00000000099999999964 0.00000000099999999964 0.00000000099999999964 0.00000000099999999964 0.99999999500000003039 0.00000000099999999964 
0.00000000099999999983 0.00000000099999999983 0.00000000099999999983 0.00140051861881787445 0.99170355145435762356 0.00689592692682443418 
0.00456153137215948700 0.00000000099999999997 0.00000000099999999997 0.00000000099999999997 0.95605839487750998718 0.03938007075033056470 
0.00000000099999999968 0.00000000099999999968 0.00000000099999999968 0.00000000099999999968 0.99060960019038180047 0.00939039580961831440 
0.00000000099999999963 0.00000000099999999963 0.00000000099999999963 0.00000000099999999963 0.99364386721139552616 0.00635612878860455574 
0.00000000099999999931 0.00000000099999999931 0.00000000099999999931 0.00000000099999999931 0.99999999499999991937 0.00000000099999999931 
0.00000000099999999961 0.00000000099999999961 0.00000000099999999961 0.00000000099999999961 0.99555577915233051112 0.00444421684766952308 
0.00000000099999999963 0.00000000099999999963 0.00000000099999999963 0.00000000099999999963 0.97674593439611190338 0.02325406160388797383 
0.00000000099999999973 0.00000000099999999973 0.00000000099999999973 0.00000000099999999973 0.99292312685748751466 0.00707686914251257591 
0.00000000099999999994 0.00081760405079173571 0.00157469803327342311 0.00000000099999999994 0.92109838187784176533 0.07650931403809303755 
0.00000000099999999990 0.00177948772193998431 0.00000000099999999990 0.00000000099999999990 0.98642636369575520394 0.01179414558230484390 
0.00000000099999999982 0.00000000099999999982 0.00000000099999999982 0.00000000099999999982 0.99999999500000003039 0.00000000099999999982 
0.00000000099999999991 0.00081530209562900911 0.00000000099999999991 0.00000000099999999991 0.94761440765055227065 0.05157028725381861828 
0.00000000099999999977 0.00000000099999999977 0.00204729298795653476 0.00000000099999999977 0.99795270301204352936 0.00000000099999999977 
0.00323209653880914081 0.00000000099999999997 0.00323243647829695672 0.00000000099999999997 0.99353546398289382946 0.00000000099999999997 
0.00183134784505850309 0.00036774243537375750 0.00000000099999999998 0.00000000099999999998 0.99780090671956767068 0.00000000099999999998 
0.00000000099999999992 0.01233503864562038657 0.00177049052580035724 0.00000000099999999992 0.97766736571243340048 0.00822710311614599683 
0.00528877792001171323 0.00170658357860015608 0.00000000099999999994 0.00000000099999999994 0.99300446442269818537 0.00000017207869005580 
0.00000000099999999988 0.00365785348122563700 0.00000000099999999988 0.00000000099999999988 0.99634214251877428747 0.00000000099999999988 
0.00000000099999999978 0.00000000099999999978 0.00000000099999999978 0.00000000099999999978 0.98968775945159315199 0.01031223654840673562 
0.00000000099999999979 0.00000000099999999979 0.00000000099999999979 0.00000000099999999979 0.99546345024811466740 0.00453654575188525318 
0.00000000099999999971 0.00000000099999999971 0.00000000099999999971 0.00000000099999999971 0.96915507446499737920 0.03084492153500265066 
0.00000000099999999993 0.00244866627222483984 0.00291160619515542065 0.00000000099999999993 0.99461757879563661433 0.00002214673698300859 
0.00000000099999999960 0.00000000099999999960 0.00000000099999999960 0.00000000099999999960 0.99999999499999991937 0.00000000099999999960 
0.00000000099999999995 0.00157900021228002613 0.00187796550980094028 0.00197614621335474340 0.99253340489984820394 0.00203348216471620994 
0.00000000099999999995 0.00000000099999999995 0.00301268174140642726 0.00000000099999999995 0.86112217088395071052 0.13586514437464294880 
0.00000000099999999973 0.00000000099999999973 0.00000000099999999973 0.00000000099999999973 0.93000666393161934842 0.06999333206838062593 
0.00000000099999999996 0.00153156641627113111 0.00000000099999999996 0.00000000099999999996 0.99802346253950346977 0.00044496804422539701 
0.00000000099999999992 0.00000000099999999992 0.00000000099999999992 0.00000000099999999992 0.99999999499999991937 0.00000000099999999992 
0.00000000099999999995 0.00000000099999999995 0.00266610854349449717 0.00000000099999999995 0.99733388745650553009 0.00000000099999999995 
0.00206836864555765649 0.00000000099999999997 0.00429389377291161493 0.00000000099999999997 0.99363773458153070717 0.00000000099999999997 
0.00000000099999999981 0.00000000099999999981 0.00000000099999999981 0.00000000099999999981 0.98098981659670303479 0.01901017940329696038 
0.00000000099999999980 0.00000000099999999980 0.00000000099999999980 0.00000000099999999980 0.99994346989695870320 0.00005652610304134004 
0.00000000099999999976 0.00000000099999999976 0.00000000099999999976 0.00000000099999999976 0.95760475939414102520 0.04239523660585903242 
0.00000000099999999988 0.00000000099999999988 0.00217280138572359047 0.00000000099999999988 0.99782719461427638041 0.00000000099999999988 
0.00000000099999999971 0.00000000099999999971 0.00000000099999999971 0.00000000099999999971 0.99999999499999991937 0.00000000099999999971 
0.00000000099999999964 0.00000000099999999964 0.00000000099999999964 0.00000000099999999964 0.99999999500000003039 0.00000000099999999964 
0.00000000099999999996 0.01107842439673536149 0.00000000099999999996 0.00000000099999999996 0.98892157160326465970 0.00000000099999999996 
0.00000000099999999962 0.00000000099999999962 0.00000000099999999962 0.00000000099999999962 0.99999999500000003039 0.00000000099999999962 
0.00000000099999999996 0.00000000099999999996 0.00000000099999999996 0.00104510164520406758 0.98688231065424669719 0.01207258470054926869 
0.00000000099999999955 0.00000000099999999955 0.00000000099999999955 0.00000000099999999955 0.99999999500000003039 0.00000000099999999955 
0.00000000099999999989 0.00022686104007453781 0.00000000099999999989 0.00000000099999999989 0.99977313495992536918 0.00000000099999999989 
0.00100062603143898630 0.00000000099999999994 0.00000000099999999994 0.00000000099999999994 0.99397757878982706536 0.00502179217873385993 
0.00318454691312033749 0.00000000099999999997 0.00451752140678739981 0.00000000099999999997 0.97497823506775727065 0.01731969461233491547 
0.00151412276629928760 0.00000000099999999992 0.00000000099999999992 0.00000000099999999992 0.99848587323370074920 0.00000000099999999992 
0.00000000099999999988 0.00000000099999999988 0.00000000099999999988 0.00000000099999999988 0.99999999499999991937 0.00000000099999999988 
0.00104524891631308610 0.00000000099999999992 0.00000000099999999992 0.00000000099999999992 0.99288850891157465206 0.00606623917211229335 
0.00086854660713856749 0.00000000099999999995 0.00000000099999999995 0.00000000099999999995 0.98311825570429367538 0.01601319468856760020 
0.00000000099999999993 0.00000000099999999993 0.00000000099999999993 0.00000000099999999993 0.99124974465928283873 0.00875025134071721888 
0.00000000099999999992 0.00000000099999999992 0.00180285827232588305 0.00000000099999999992 0.99819713772767404425 0.00000000099999999992 
0.00869273266685526014 0.00000000099999999996 0.00000000099999999996 0.00000000099999999996 0.99070003750388180297 0.00060722682926283916 
0.00312616195578219788 0.00000000099999999997 0.00114396227590699484 0.00000000099999999997 0.99572987276831081971 0.00000000099999999997 
0.00000000099999999998 0.00000000099999999998 0.00457699422636994192 0.00072330646685935072 0.98956094285584816905 0.00513875445092239549 
0.01149986207601572281 0.00000000100000000000 0.00715767229711646111 0.00000000100000000000 0.89612447949093798627 0.08521798413592973631 
0.00000000099999999992 0.00454673127613677668 0.00000000099999999992 0.00000000099999999992 0.98601981319935039227 0.00943345252451292804 
0.00243844343402047558 0.00000000099999999998 0.00000000099999999998 0.00034022299595843952 0.96761628442707936504 0.02960504714294161233 
0.00000000099999999984 0.00000000099999999984 0.00000000099999999984 0.00000000099999999984 0.99999999499999991937 0.00000000099999999984 
0.00000000099999999963 0.00000000099999999963 0.00000000099999999963 0.00000000099999999963 0.99999999500000003039 0.00000000099999999963 
0.00000000099999999976 0.00000000099999999976 0.00094214744713367346 0.00000000099999999976 0.99905784855286627888 0.00000000099999999976 
0.00000000099999999996 0.00000000099999999996 0.00018777353367784805 0.00000000099999999996 0.99389840265360951399 0.00591382081271266645 
0.00000000099999999989 0.00000000099999999989 0.00000000099999999989 0.00000000099999999989 0.98990316658563060059 0.01009682941436938937 
0.00000000099999999985 0.00200954128879193708 0.00000000099999999985 0.00000000099999999985 0.99799045471120806372 0.00000000099999999985 
0.00000000099999999993 0.00692771232226612431 0.00000000099999999993 0.00000000099999999993 0.99307228367773381361 0.00000000099999999993 
0.00000000099999999995 0.00000000099999999995 0.00000000099999999995 0.00000000099999999995 0.99999999500000003039 0.00000000099999999995 
0.00346281792340116584 0.00124156782223100687 0.00119520105118499646 0.00213496918139320473 0.99196544302178957242 0.00000000100000000000 
0.00000000099999999996 0.00339977894003055297 0.00000000169382617721 0.00000000099999999996 0.99050364457461381740 0.00609657279152950142 
0.00562067530731374162 0.00000000099999999999 0.00242200092403495673 0.00000000099999999999 0.99195730350728261726 0.00000001826136858303 
0.00000000099999999999 0.00659927518824544521 0.00835435459652980258 0.00106876584888733863 0.98397760236633746711 0.00000000099999999999 
0.01247703240812078271 0.00000000099999999999 0.00000000099999999999 0.00000000099999999999 0.97513849070144487108 0.01238447389043448137 
0.00000000099999999987 0.00169323868966785658 0.00000000099999999987 0.00000000099999999987 0.99708251511774625975 0.00122424319258590043 
0.00000000099999999973 0.00000000099999999973 0.00000000099999999973 0.00000000099999999973 0.99999999499999991937 0.00000000099999999973 
