0.00000000099999999912 0.00000000099999999912 0.00000000099999999912 0.99999999499999991937 0.00000000099999999912 0.00000000099999999912 
0.00000000099999999917 0.00000000099999999917 0.00000000099999999917 0.99999999500000003039 0.00000000099999999917 0.00000000099999999917 
0.00000000099999999914 0.00000000099999999914 0.00000000099999999914 0.99999999499999991937 0.00000000099999999914 0.00000000099999999914 
0.00000000099999999917 0.00000000099999999917 0.00000000099999999917 0.99999999500000003039 0.00000000099999999917 0.00000000099999999917 
0.00000000099999999919 0.00000000099999999919 0.00000000099999999919 0.99999999499999991937 0.00000000099999999919 0.00000000099999999919 
0.00000000099999999917 0.00000000099999999917 0.00000000099999999917 0.99999999500000003039 0.00000000099999999917 0.00000000099999999917 
0.00000000099999999913 0.00000000099999999913 0.00000000099999999913 0.99999999499999991937 0.00000000099999999913 0.00000000099999999913 
0.00000000099999999922 0.00000000099999999922 0.00000000099999999922 0.99999999499999991937 0.00000000099999999922 0.00000000099999999922 
0.00000000099999999915 0.00000000099999999915 0.00000000099999999915 0.99999999499999991937 0.00000000099999999915 0.00000000099999999915 
0.00000000099999999921 0.00000000099999999921 0.00000000099999999921 0.99999999499999991937 0.00000000099999999921 0.00000000099999999921 
0.00000000099999999918 0.00000000099999999918 0.00000000099999999918 0.99999999500000003039 0.00000000099999999918 0.00000000099999999918 
0.00000000099999999932 0.00000000099999999932 0.00000000099999999932 0.99999999500000003039 0.00000000099999999932 0.00000000099999999932 
0.00000000099999999918 0.00000000099999999918 0.00000000099999999918 0.99999999500000003039 0.00000000099999999918 0.00000000099999999918 
0.00000000099999999914 0.00000000099999999914 0.00000000099999999914 0.99999999500000003039 0.00000000099999999914 0.00000000099999999914 
0.00000000099999999917 0.00000000099999999917 0.00000000099999999917 0.99999999500000003039 0.00000000099999999917 0.00000000099999999917 
0.00000000099999999917 0.00000000099999999917 0.00000000099999999917 0.99999999499999991937 0.00000000099999999917 0.00000000099999999917 
0.00000000099999999916 0.00000000099999999916 0.00000000099999999916 0.99999999499999991937 0.00000000099999999916 0.00000000099999999916 
0.00000000099999999923 0.00000000099999999923 0.00000000099999999923 0.99999999499999991937 0.00000000099999999923 0.00000000099999999923 
0.00000000099999999925 0.00000000099999999925 0.00000000099999999925 0.99999999499999991937 0.00000000099999999925 0.00000000099999999925 
0.00000000099999999922 0.00000000099999999922 0.00000000099999999922 0.99999999499999991937 0.00000000099999999922 0.00000000099999999922 
0.00000000099999999919 0.00000000099999999919 0.00000000099999999919 0.99999999500000003039 0.00000000099999999919 0.00000000099999999919 
0.00000000099999999920 0.00000000099999999920 0.00000000099999999920 0.99999999499999991937 0.00000000099999999920 0.00000000099999999920 
0.00000000099999999919 0.00000000099999999919 0.00000000099999999919 0.99999999499999991937 0.00000000099999999919 0.00000000099999999919 
0.00000000099999999919 0.00000000099999999919 0.00000000099999999919 0.99999999500000003039 0.00000000099999999919 0.00000000099999999919 
0.00000000099999999939 0.00000000099999999939 0.00000000099999999939 0.99999999500000003039 0.00000000099999999939 0.00000000099999999939 
0.00000000099999999917 0.00000000099999999917 0.00000000099999999917 0.99999999500000003039 0.00000000099999999917 0.00000000099999999917 
0.00000000099999999921 0.00000000099999999921 0.00000000099999999921 0.99999999500000003039 0.00000000099999999921 0.00000000099999999921 
0.00000000099999999921 0.00000000099999999921 0.00000000099999999921 0.99999999499999991937 0.00000000099999999921 0.00000000099999999921 
0.00000000099999999924 0.00000000099999999924 0.00000000099999999924 0.99999999499999991937 0.00000000099999999924 0.00000000099999999924 
0.00000000099999999921 0.00000000099999999921 0.00000000099999999921 0.99999999500000003039 0.00000000099999999921 0.00000000099999999921 
0.00000000099999999932 0.00000000099999999932 0.00000000099999999932 0.99999999499999991937 0.00000000099999999932 0.00000000099999999932 
0.00000000099999999944 0.00000000099999999944 0.00000000099999999944 0.99999999500000003039 0.00000000099999999944 0.00000000099999999944 
0.00000000099999999930 0.00000000099999999930 0.00000000099999999930 0.99999999499999991937 0.00000000099999999930 0.00000000099999999930 
0.00000000099999999941 0.00000000099999999941 0.00000000099999999941 0.99999999499999991937 0.00000000099999999941 0.00000000099999999941 
0.00000000099999999927 0.00000000099999999927 0.00000000099999999927 0.99999999499999991937 0.00000000099999999927 0.00000000099999999927 
0.00000000099999999937 0.00000000099999999937 0.00000000099999999937 0.99999999500000003039 0.00000000099999999937 0.00000000099999999937 
0.00000000099999999930 0.00000000099999999930 0.00000000099999999930 0.99999999499999991937 0.00000000099999999930 0.00000000099999999930 
0.00000000099999999933 0.00000000099999999933 0.00000000099999999933 0.99999999499999991937 0.00000000099999999933 0.00000000099999999933 
0.00000000099999999933 0.00000000099999999933 0.00000000099999999933 0.99999999499999991937 0.00000000099999999933 0.00000000099999999933 
0.00000000099999999953 0.00000000099999999953 0.00000000099999999953 0.99999999500000003039 0.00000000099999999953 0.00000000099999999953 
0.00000000099999999929 0.00000000099999999929 0.00000000099999999929 0.99999999500000003039 0.00000000099999999929 0.00000000099999999929 
0.00000000099999999941 0.00000000099999999941 0.00000000099999999941 0.99999999500000003039 0.00000000099999999941 0.00000000099999999941 
0.00000000099999999933 0.00000000099999999933 0.00000000099999999933 0.99999999500000003039 0.00000000099999999933 0.00000000099999999933 
0.00000000099999999932 0.00000000099999999932 0.00000000099999999932 0.99999999499999991937 0.00000000099999999932 0.00000000099999999932 
0.00000000099999999940 0.00000000099999999940 0.00000000099999999940 0.99999999500000003039 0.00000000099999999940 0.00000000099999999940 
0.00000000099999999933 0.00000000099999999933 0.00000000099999999933 0.99999999500000003039 0.00000000099999999933 0.00000000099999999933 
0.00000000099999999935 0.00000000099999999935 0.00000000099999999935 0.99999999500000003039 0.00000000099999999935 0.00000000099999999935 
0.00000000099999999949 0.00000000099999999949 0.00000000099999999949 0.99999999499999991937 0.00000000099999999949 0.00000000099999999949 
0.00000000099999999951 0.00000000099999999951 0.00000000099999999951 0.99999999500000003039 0.00000000099999999951 0.00000000099999999951 
0.00000000099999999958 0.00000000099999999958 0.00000000099999999958 0.99999999500000003039 0.00000000099999999958 0.00000000099999999958 
0.00000000099999999977 0.00000000099999999977 0.00000000099999999977 0.99999999500000003039 0.00000000099999999977 0.00000000099999999977 
0.00000000099999999976 0.88702534561882939723 0.11297465038117064651 0.00000000099999999976 0.00000000099999999976 0.00000000099999999976 
0.00000000099999999967 0.84098421747692830852 0.15901577852307177685 0.00000000099999999967 0.00000000099999999967 0.00000000099999999967 
0.00000000099999999983 0.83035563445598181698 0.16964436154401835166 0.00000000099999999983 0.00000000099999999983 0.00000000099999999983 
0.00000000099999999960 0.88144251094057257667 0.11855748505942753646 0.00000000099999999960 0.00000000099999999960 0.00000000099999999960 
0.00000000099999999964 0.92170634761556946568 0.07829364838443052255 0.00000000099999999964 0.00000000099999999964 0.00000000099999999964 
0.00000000099999999956 0.89406915638701744964 0.10593083961298252471 0.00000000099999999956 0.00000000099999999956 0.00000000099999999956 
0.00000000099999999971 0.89216350186237780573 0.10783649413762225189 0.00000000099999999971 0.00000000099999999971 0.00000000099999999971 
0.00000000099999999960 0.90183126966640836386 0.09816872633359166600 0.00000000099999999960 0.00000000099999999960 0.00000000099999999960 
0.00000000099999999969 0.88509739276910603945 0.11490260323089412919 0.00000000099999999969 0.00000000099999999969 0.00000000099999999969 
0.00369962278528717780 0.89158366718915627036 0.10471670702555663235 0.00000000099999999999 0.00000000099999999999 0.00000000099999999999 
0.00000000099999999964 0.88811198720887429836 0.11188800879112563436 0.00000000099999999964 0.00000000099999999964 0.00000000099999999964 
0.00000000099999999964 0.87122393119690488827 0.12877606480309503056 0.00000000099999999964 0.00000000099999999964 0.00000000099999999964 
0.00398106893279743124 0.87023117017850559751 0.12578775788869703267 0.00000000099999999996 0.00000000099999999996 0.00000000099999999996 
0.00000000099999999970 0.89352717835207040586 0.10646333883764126649 0.00000000099999999970 0.00000947981028840275 0.00000000099999999970 
0.00000000099999999984 0.90605660849008351487 0.09394338700494721250 0.00000000099999999984 0.00000000150496931238 0.00000000099999999984 
0.00000000099999999958 0.91423834473782350507 0.08576165126217658030 0.00000000099999999958 0.00000000099999999958 0.00000000099999999958 
0.00000000099999999978 0.77532456845483022079 0.21719575643847988111 0.00000000099999999978 0.00747967210668985024 0.00000000099999999978 
0.00000000099999999985 0.81580294795546792752 0.17761996013621494939 0.00000000099999999985 0.00000000099999999985 0.00657708890831708564 
0.00000000099999999967 0.88358678846089433456 0.11641320753910561203 0.00000000099999999967 0.00000000099999999967 0.00000000099999999967 
0.00000000099999999965 0.88329439111987595457 0.11670560488012410305 0.00000000099999999965 0.00000000099999999965 0.00000000099999999965 
0.00000000099999999969 0.85254314126808306007 0.13920567097434019543 0.00000000099999999969 0.00825078918394561538 0.00000039657363116093 
0.00000000099999999957 0.86448303719885910557 0.13551695880114095205 0.00000000099999999957 0.00000000099999999957 0.00000000099999999957 
0.00000000099999999968 0.88153402640164224557 0.11846596959835781204 0.00000000099999999968 0.00000000099999999968 0.00000000099999999968 
0.00000000099999999969 0.82751226188389204186 0.17248773411610801576 0.00000000099999999969 0.00000000099999999969 0.00000000099999999969 
0.00000000099999999981 0.82363067391989153165 0.17636932208010844270 0.00000000099999999981 0.00000000099999999981 0.00000000099999999981 
0.00000000099999999964 0.88948447386520934632 0.11051552213479073905 0.00000000099999999964 0.00000000099999999964 0.00000000099999999964 
0.00000000099999999971 0.83288462801628182497 0.16711536798371814938 0.00000000099999999971 0.00000000099999999971 0.00000000099999999971 
0.00431224757074650990 0.81306868429886403060 0.18261906513038950184 0.00000000099999999999 0.00000000099999999999 0.00000000099999999999 
0.00000000099999999983 0.88840852923749580317 0.11159146676250432384 0.00000000099999999983 0.00000000099999999983 0.00000000099999999983 
0.00000000099999999971 0.84537036654980912687 0.15462962945019101402 0.00000000099999999971 0.00000000099999999971 0.00000000099999999971 
0.00000000099999999962 0.90065221335084633125 0.09934778264915382351 0.00000000099999999962 0.00000000099999999962 0.00000000099999999962 
0.00000282146720142761 0.88450266775911978723 0.10371906194554365854 0.00313877626624565554 0.00000000100000000000 0.00863667156188960630 
0.00000000099999999985 0.75650098576812685458 0.24349901023187320304 0.00000000099999999985 0.00000000099999999985 0.00000000099999999985 
0.00000000099999999982 0.82230587052501757928 0.17769412547498256161 0.00000000099999999982 0.00000000099999999982 0.00000000099999999982 
0.00000000099999999977 0.80605974468369701036 0.19376706406076119049 0.00000000099999999977 0.00000013447665130655 0.00017305477889063625 
0.00000000099999999982 0.87223124152888431571 0.12776845872617029198 0.00000000099999999982 0.00000029674494542643 0.00000000099999999982 
0.00000000099999999978 0.80436998734565345881 0.19099616397897528630 0.00000000099999999978 0.00000000099999999978 0.00463384567537129290 
0.00000000099999999978 0.81023746349270953093 0.18976253250729049893 0.00000000099999999978 0.00000000099999999978 0.00000000099999999978 
0.00000000099999999980 0.74838445414062182426 0.24071286032643179897 0.00000000099999999980 0.00057009848591155015 0.01033258504703493501 
0.00000000099999999991 0.88759062205051464378 0.09103127532293339708 0.00000000099999999991 0.00001344673678226897 0.02136465388976975868 
0.00000000099999999980 0.89727430846453604119 0.10272568753546408582 0.00000000099999999980 0.00000000099999999980 0.00000000099999999980 
0.00000000099999999993 0.79525000617953933713 0.10980700719166464063 0.00000000099999999993 0.01704609588286582281 0.07789688874593028722 
0.00000000099999999974 0.87438856406731590987 0.12561143193268406448 0.00000000099999999974 0.00000000099999999974 0.00000000099999999974 
0.00000000099999999968 0.82021522466772889270 0.17894616331041213186 0.00000000099999999968 0.00083860902185886805 0.00000000099999999968 
0.00000000099999999970 0.78848104590442824602 0.21151895009557181160 0.00000000099999999970 0.00000000099999999970 0.00000000099999999970 
0.00000000099999999970 0.82099380964382395742 0.17900618635617607244 0.00000000099999999970 0.00000000099999999970 0.00000000099999999970 
0.00000000099999999970 0.84702484321088467034 0.15297515278911544279 0.00000000099999999970 0.00000000099999999970 0.00000000099999999970 
0.00000000099999999985 0.80982627402051754473 0.19017372197948251289 0.00000000099999999985 0.00000000099999999985 0.00000000099999999985 
0.00000000099999999972 0.85309206022008399195 0.14690793577991598240 0.00000000099999999972 0.00000000099999999972 0.00000000099999999972 
0.00000000099999999977 0.78744166548436178577 0.21255833051563835512 0.00000000099999999977 0.00000000099999999977 0.00000000099999999977 
0.00000000099999999971 0.82127278242019341459 0.15595306174794790199 0.00000000099999999971 0.02277415283185880990 0.00000000099999999971 
0.00000000099999999975 0.80135639779895406765 0.19864359820104596221 0.00000000099999999975 0.00000000099999999975 0.00000000099999999975 
0.00000000099999999981 0.89895993488147329931 0.10104006111852681382 0.00000000099999999981 0.00000000099999999981 0.00000000099999999981 
0.00000000099999999983 0.89290510336061246210 0.10709445206951666296 0.00000000099999999983 0.00000000657188019628 0.00000043599799076731 
0.00000000099999999973 0.85335906480739354141 0.14659583254266631003 0.00000000099999999973 0.00004509964994031907 0.00000000099999999973 
0.00000000099999999977 0.85980349957694324203 0.13870745914318363678 0.00000000099999999977 0.00000178107912106351 0.00148725820075215360 
0.00000000099999999982 0.84034587762702872560 0.15803686356300680749 0.00000000099999999982 0.00161725580996454417 0.00000000099999999982 
0.00000000099999999983 0.86458303741850961455 0.12560138014352162372 0.00000000099999999983 0.00981557943796888994 0.00000000099999999983 
0.00000000099999999970 0.90689865372099676133 0.08868056008582574090 0.00000000099999999970 0.00442078319317747593 0.00000000099999999970 
0.00000000099999999980 0.91881872384439755574 0.08118127215560252963 0.00000000099999999980 0.00000000099999999980 0.00000000099999999980 
0.00000000099999999970 0.85885684667394257552 0.14114314932605742658 0.00000000099999999970 0.00000000099999999970 0.00000000099999999970 
0.00000000099999999988 0.85578462906104069141 0.14421536693895925518 0.00000000099999999988 0.00000000099999999988 0.00000000099999999988 
0.00000000099999999984 0.88585354308854724614 0.11414645291145290862 0.00000000099999999984 0.00000000099999999984 0.00000000099999999984 
0.00000000099999999987 0.89243867063299620046 0.10756132536700378777 0.00000000099999999987 0.00000000099999999987 0.00000000099999999987 
0.00000000099999999978 0.87054633937383241182 0.12865617679002758211 0.00000000099999999978 0.00079748083613999572 0.00000000099999999978 
0.00000000099999999991 0.83787854969819852702 0.14886194022255716529 0.00000000099999999991 0.00000000099999999991 0.01325950707924430753 
0.00422024914753765714 0.83062785182315701515 0.09770314429023591041 0.00350585099419277414 0.02552187719463462276 0.03842102655024191848 
0.00358396527825422884 0.84119158507978364359 0.15389610810088741322 0.00132669411259834840 0.00000164642847634179 0.00000000100000000000 
0.00332865155003466166 0.83175411347763361647 0.15999782415738125763 0.00043270884719663882 0.00448658413837639894 0.00000011782937745037 
0.00000000099999999997 0.87170933182011567375 0.12829066417988432836 0.00000000099999999997 0.00000000099999999997 0.00000000099999999997 
0.00000000099999999999 0.79899780056961977603 0.18335647688106343489 0.00400699866755638030 0.00407343304777359194 0.00956528983398677660 
0.00155440473407739295 0.87374389969935517541 0.10239391765826881542 0.00204667846824203208 0.02026109844005652069 0.00000000100000000000 
0.00000000099999999971 0.00000000099999999971 0.01141111144972917907 0.00000000099999999971 0.98858888455027071895 0.00000000099999999971 
0.00000000099999999974 0.00000000099999999974 0.00000000099999999974 0.00000000099999999974 0.99999999499999991937 0.00000000099999999974 
0.00000000099999999980 0.01086665990996970796 0.00656017195323959322 0.00000000099999999980 0.98233348096308115149 0.00023968517370953925 
0.00000000099999999991 0.00000000099999999991 0.00000000099999999991 0.00000000099999999991 0.99999999499999991937 0.00000000099999999991 
0.00000000099999999973 0.00000000099999999973 0.00496110807904372956 0.00000000099999999973 0.98982706097368422515 0.00521182794727194539 
0.00000000099999999977 0.00000000099999999977 0.00018783581410726274 0.00000000099999999977 0.99981216018589280647 0.00000000099999999977 
0.00000000099999999984 0.00287174847840435381 0.01055193291318666342 0.00000000099999999984 0.98657631560840886031 0.00000000099999999984 
0.00000000099999999977 0.00000000099999999977 0.00693438703381848206 0.00000000099999999977 0.99306560896618145673 0.00000000099999999977 
0.00000000099999999974 0.00000000099999999974 0.00424207602665687723 0.00000000099999999974 0.99575791997334306416 0.00000000099999999974 
0.00000000099999999988 0.00000000099999999988 0.00000000099999999988 0.00000000099999999988 0.99999999500000003039 0.00000000099999999988 
0.00000000099999999975 0.00697632406057138027 0.00000000099999999975 0.00000000099999999975 0.99302367193942864265 0.00000000099999999975 
0.00000000099999999975 0.03516328663838852453 0.00181372014639252115 0.00000000099999999975 0.96302299021521886591 0.00000000099999999975 
0.00000000099999999974 0.00000000099999999974 0.00000000099999999974 0.00000000099999999974 0.99999999499999991937 0.00000000099999999974 
0.00000000099999999977 0.00000000099999999977 0.00000000099999999977 0.00000000099999999977 0.99749527342671406860 0.00250472257328588797 
0.00000000099999999982 0.00000000404374038494 0.00000000099999999982 0.00000000099999999982 0.99999999195625965953 0.00000000099999999982 
0.00000000099999999979 0.00000000099999999979 0.03776161522352341343 0.00000000099999999979 0.96223838077647660949 0.00000000099999999979 
0.00000000099999999985 0.01360382311301394469 0.00064322972596637690 0.00000000099999999985 0.98575292534773750752 0.00000001981328205022 
0.00000000099999999965 0.00000000099999999965 0.00000624676368729355 0.00000000099999999965 0.99999374923631279000 0.00000000099999999965 
0.00132556056117640736 0.01149645871110334221 0.02615713122355585105 0.00021649040312465400 0.92922234139584070078 0.03158201770519904888 
0.00108765747108654793 0.00000648216069701918 0.07778913302132205165 0.00000000099999999999 0.90433140332212413881 0.01678532302477015251 
0.00000000099999999988 0.01697269844678062078 0.00000000099999999988 0.00000000099999999988 0.94460040103871845130 0.03842689751450092950 
0.00404404026234073382 0.00000008836446776322 0.07325017074975809228 0.00220364330564594858 0.92050204872523633259 0.00000000859255116896 
0.00160485304624597520 0.05533173475649649786 0.06993086881252638665 0.00000000099999999996 0.87313254138473095356 0.00000000099999999996 
0.00301864659540830365 0.00000169084627191660 0.07865053051018025543 0.00000000099999999998 0.90074722079573221745 0.01758191025240720198 
0.00000000099999999998 0.00000000099999999998 0.02019612995998652794 0.00056375055833180550 0.97092759159140595848 0.00831252589027571542 
0.00228084539418798140 0.00000018160370063796 0.07800785786275678257 0.00003003939526605741 0.89993653507797477520 0.01974454066611380440 
0.00145892704367637073 0.00000000100000000000 0.05817301571707128582 0.00019369315026225247 0.90528552680248031148 0.03488883628650982227 
0.00000000099999999996 0.00000000099999999996 0.04981229330771845543 0.00000000099999999996 0.95018769018938975535 0.00000001350289177062 
0.00000000099999999994 0.00000000099999999994 0.04211247962847840948 0.00000000099999999994 0.95788751637152158569 0.00000000099999999994 
0.00000000099999999988 0.00000000706804653072 0.08826485592420676984 0.00000000099999999988 0.91146447079604775432 0.00027066421169906507 
0.00000000099999999997 0.00000000099999999997 0.06832272586528938263 0.00000000099999999997 0.92056697102446183312 0.01111030011024871124 
0.00271952193313522829 0.00000015663301585163 0.06018205532808486996 0.00072366781154991884 0.87928325914212801528 0.05709133915208622345 
0.00534799017440180848 0.00497952755942480084 0.07821659260097833799 0.00000440570289293870 0.89160088554260108484 0.01985059841970092387 
0.00000000099999999992 0.02547689178712461699 0.04132349115888026697 0.00000000099999999992 0.92213946204923258332 0.01106015300476259969 
0.00000000099999999986 0.00000060436018854676 0.10629898313961599898 0.00000000099999999986 0.88565904234972203657 0.00804136815047338735 
0.00000000099999999978 0.02871239778511818289 0.08443109804691886766 0.00000000099999999978 0.88114118657264162149 0.00571531559532119891 
0.00000000099999999991 0.04268028959921793541 0.06121838335734285097 0.00000000099999999991 0.89610132354276517130 0.00000000150067410625 
0.00268431131283230606 0.10173353288960779173 0.07809556236818350483 0.00372533205242537831 0.73286410350811115322 0.08089715786883980297 
0.00000000100000000000 0.08764984318175438049 0.15356545275124136585 0.00338079631978130271 0.44890210995775181591 0.30650179678947103712 
0.00979282967498480879 0.20065557216069807023 0.10701909583470048393 0.00855250655046973368 0.67308754200213916086 0.00089245377700782069 
0.00000000099999999985 0.00861944248305906470 0.06727728978842414942 0.00614675690701241804 0.90964461188333445296 0.00831189793816999173 
0.01072591530303039151 0.01797900526916373573 0.11400884594148348594 0.00000000100000000000 0.75468917274019353680 0.10259705974612885748 
0.00000000099999999999 0.00790449832887550781 0.23070682729336181027 0.00000000099999999999 0.34266717215917247286 0.41872150021859017022 
0.00000000099999999992 0.03176869352714988687 0.01515565047721971655 0.00000000099999999992 0.94787262613611167339 0.00520302785951883787 
0.00000000100000000000 0.58903675323625181992 0.00000588513016373588 0.01076344513420621381 0.39602294503039137119 0.00417097046898686711 
0.00000000099999999992 0.00000000099999999992 0.03989733511769447127 0.01591275224269572339 0.89465885201374484303 0.04953105862586497377 
0.00000000099999999997 0.02212443490982222288 0.01592054781518616180 0.00189401709292529442 0.95660773233875551202 0.00345326684331095706 
0.00000000099999999987 0.05968123523784713697 0.01678715367776011103 0.00810377742244113193 0.89316675880199591919 0.02226107385995576560 
0.00000000099999999996 0.07650255612873951838 0.02135752848243024221 0.00189936208549260402 0.88732485270613392636 0.01291569959720369719 
0.00000000099999999970 0.04524418887004896112 0.04894222955405496539 0.00000000099999999970 0.90153253117675669071 0.00428104839913934481 
0.00000000099999999982 0.01535769797695283462 0.01688902536842947291 0.00000000099999999982 0.92831878631907549515 0.03943448833554210470 
0.00000000099999999989 0.81534786320418861649 0.02919033079034620906 0.00000000099999999989 0.11156998699027276256 0.04389181701519249967 
0.00000000099999999983 0.76563898981318956327 0.02830183019730447141 0.00000000099999999983 0.16823522497096682349 0.03782395301853921921 
0.28621717632196980174 0.49759530107442040414 0.03040314900701897652 0.00000010817210440618 0.12718087184939991241 0.05860339357508638491 
0.00192353455370742970 0.78711670179449233498 0.05431921829273083507 0.00399989542809736122 0.11140879604132403191 0.04123185388964807629 
0.00187528871121501344 0.77002810177979685857 0.03311929350332438321 0.00136936768209949063 0.09837341461886620064 0.09523453370469812940 
0.30872302894666370232 0.51045849776978768908 0.01919659285894153092 0.00000000100000000000 0.09284526440594009777 0.06877661501866698390 
0.24196121140415516315 0.63437088274821717970 0.05141859643202374014 0.00000000099999999999 0.06133028988686956007 0.01091901852873439563 
0.24362589068357326516 0.55990440592366064188 0.01516499296629741228 0.00183896250311646665 0.12137007450000106279 0.05809567342335129891 
0.22890375452547109814 0.62608514765600598029 0.01531050653467561085 0.00441114003484184558 0.11825432267888200122 0.00703512857012347868 
0.22254152520245612523 0.59719342771706973583 0.04084072566588851927 0.00319035223397844646 0.08839128635532486622 0.04784268282528238159 
0.00000000099999999978 0.76654091892044740053 0.02763500055069475353 0.00000000099999999978 0.13378480855541452499 0.07203926997344343996 
0.27241728486562344358 0.62127686299917950219 0.00503723451202176160 0.00318444736422393354 0.04038432554820062942 0.05769984471075063209 
0.00457001623412315369 0.78105099965824764663 0.03550433113871852980 0.00553512218250049124 0.08219248600457708387 0.09114704478183306702 
0.29752772772085955832 0.53970944410507626365 0.03391651251959699326 0.00259163907323388225 0.07789066050921174267 0.04836401607202159975 
0.00000000099999999982 0.77298058750466269728 0.04887154984449895018 0.00000000099999999982 0.11428780569458303618 0.06386005495625521333 
0.00000000099999999982 0.74144696517688468695 0.06370302262095468848 0.00000000099999999982 0.11266039632641826340 0.08218961387574232058 
0.28799685334897789923 0.58633150018878033016 0.01698951053073979867 0.00939109852687323651 0.02485565734198220966 0.07443538006264649454 
0.00000000099999999976 0.81456993305608971223 0.02504152170294943192 0.00000000099999999976 0.13576210290842968820 0.02462644033253104034 
0.00145766010992587694 0.73115423453152816879 0.06009843854700613192 0.00000000099999999998 0.12643994307750547335 0.08084972273403437382 
0.00305061486844617402 0.10033207728634450928 0.08772061668125466505 0.00000000100000000000 0.80888594043180339632 0.00001074973215132210 
0.04763475130641771360 0.04607060765739474234 0.09458549735491020294 0.00000000100000000000 0.78386093247758126257 0.02784821020369621092 
0.00000000099999999999 0.00000010434002926118 0.06663955706821562963 0.00000000099999999999 0.89447829617176621841 0.03888204041998898075 
0.00000000099999999997 0.00000000141968489696 0.00703027971369621363 0.00000000099999999997 0.99296971586661897380 0.00000000099999999997 
0.02548207472975215840 0.00000000099999999999 0.06849379061533490687 0.00000000099999999999 0.90602413165491291203 0.00000000099999999999 
0.00000000099999999979 0.00000000099999999979 0.00822184783462935088 0.00000000099999999979 0.99177814816537068765 0.00000000099999999979 
0.00000000099999999971 0.00000000099999999971 0.00000000099999999971 0.00000000099999999971 0.99999999499999991937 0.00000000099999999971 
0.13260644087169670691 0.00000000099999999999 0.00004548114403609206 0.00740028910567658467 0.85994778687859063648 0.00000000099999999999 
0.00000000099999999985 0.00000000099999999985 0.01116230424011352938 0.00000000099999999985 0.98883769175988633915 0.00000000099999999985 
0.00000000099999999978 0.00000000099999999978 0.00000000099999999978 0.00000000099999999978 0.99941628863695086693 0.00058370736304920034 
0.00000000099999999953 0.00000000099999999953 0.00000000099999999953 0.00000000099999999953 0.99999999500000003039 0.00000000099999999953 
0.00000000099999999966 0.00000000099999999966 0.00309270827476589493 0.00000000099999999966 0.99690728772523395929 0.00000000099999999966 
0.00000000099999999966 0.00000000099999999966 0.00824304537388976209 0.00000000099999999966 0.99175695062611035624 0.00000000099999999966 
0.00000000099999999966 0.00000000099999999966 0.00000000099999999966 0.00000000099999999966 0.99999999499999991937 0.00000000099999999966 
0.00000000099999999960 0.00000000099999999960 0.00000000099999999960 0.00000000099999999960 0.99999999500000003039 0.00000000099999999960 
0.00000000099999999977 0.00000000099999999977 0.00861251574158250488 0.00000000099999999977 0.98806729927033254413 0.00332018198808505102 
0.00000000099999999988 0.00000000099999999988 0.00000000099999999988 0.00000000099999999988 0.99999999499999991937 0.00000000099999999988 
0.00000000099999999967 0.00682254655566464849 0.00000000099999999967 0.00000000099999999967 0.99317744944433528076 0.00000000099999999967 
0.00587975495759915888 0.00000000099999999999 0.00000000099999999999 0.00000000099999999999 0.99412024104240082067 0.00000000099999999999 
0.00000000099999999989 0.00000000099999999989 0.04962589936917033429 0.00000000099999999989 0.95037409663082972333 0.00000000099999999989 
0.00000000099999999979 0.00000000099999999979 0.00939852267298308015 0.00000000099999999979 0.99060147332701686818 0.00000000099999999979 
0.00000000099999999988 0.00000000099999999988 0.00810216493889662909 0.00000000099999999988 0.99189783106110329669 0.00000000099999999988 
0.00000000099999999965 0.00000000099999999965 0.00000000099999999965 0.00000000099999999965 0.99999999500000003039 0.00000000099999999965 
0.00000000099999999981 0.00000000099999999981 0.00000000099999999981 0.00000000099999999981 0.99999999500000003039 0.00000000099999999981 
0.00000000099999999989 0.00000000106765740025 0.01653961658868061124 0.00000000099999999989 0.93769036190338628245 0.04577001844027583921 
0.00442254654731742865 0.00006450770550496903 0.03596659986692143235 0.00000000099999999999 0.95954634388025628056 0.00000000099999999999 
0.00000000099999999981 0.00000000099999999981 0.01362157491901812116 0.00000000099999999981 0.98637842108098183758 0.00000000099999999981 
0.00000000099999999977 0.00000000099999999977 0.00519318422707874556 0.00000000099999999977 0.99480681177292118456 0.00000000099999999977 
0.00000000099999999961 0.00000000099999999961 0.00000000099999999961 0.00000000099999999961 0.99999999500000003039 0.00000000099999999961 
0.00000000099999999974 0.00372899917127146119 0.00716500974500516169 0.00000000099999999974 0.98910598808372340862 0.00000000099999999974 
0.00000000099999999980 0.00000002689306877271 0.03029137077273108547 0.00000000099999999980 0.96970859933420006094 0.00000000099999999980 
0.00000000099999999984 0.00000000099999999984 0.01009777133883571314 0.00000000099999999984 0.96839557700810730001 0.02150664865305699017 
0.00000000099999999993 0.00000000099999999993 0.09291341499858972452 0.00203498053525072095 0.90505160146615948324 0.00000000099999999993 
0.00000000099999999993 0.00000000099999999993 0.01607549837817211918 0.00105190679507694918 0.98287259182675101865 0.00000000099999999993 
0.00000000099999999988 0.00000000099999999988 0.00000000099999999988 0.00000000099999999988 0.99999999499999991937 0.00000000099999999988 
0.00000000099999999993 0.01440708766946462681 0.05424386091525069259 0.00000000099999999993 0.93134904841528465269 0.00000000099999999993 
0.00000000099999999983 0.00011356409398364411 0.00000000099999999983 0.00000000099999999983 0.99988643190601644850 0.00000000099999999983 
0.00275822354020479558 0.00000000099999999999 0.00000000099999999999 0.00307325581434817223 0.99416851764544700298 0.00000000099999999999 
0.00163284954356269552 0.00000000099999999997 0.00000000099999999997 0.00000000099999999997 0.99836714645643731547 0.00000000099999999997 
0.00498145696252236432 0.00000000100000000000 0.01295459639289672608 0.00694336115048923772 0.90591759780299851990 0.06920298669109317680 
0.00563360470931321012 0.00000000099999999999 0.00160332875414332873 0.00000000099999999999 0.99014047510173153199 0.00262258943481185215 
0.00184819975998950603 0.00000000099999999998 0.00979693111992595636 0.00000000099999999998 0.98669074834567060961 0.00166411877441391323 
0.00000000099999999988 0.00741735538357347641 0.02490904797716486652 0.00000000099999999988 0.96767359295318955414 0.00000000168607207054 
0.00000000099999999989 0.00191422277259942013 0.00495774571367681421 0.00000000099999999989 0.99312802851372383728 0.00000000099999999989 
0.00000000099999999981 0.01709499117461539194 0.03946339373350944701 0.00000000099999999981 0.94344161209187527017 0.00000000099999999981 
0.00000000099999999994 0.00000000099999999994 0.00000647350636905507 0.00227188382952407545 0.95448295306606234512 0.04323868759804454232 
0.00000000099999999973 0.01082886669570125304 0.00000000099999999973 0.00000000099999999973 0.98639053324267322864 0.00278059706162551989 
0.00000000099999999995 0.00000000099999999995 0.00330311388405391806 0.00000000099999999995 0.92412824287244987875 0.07256864024349615749 
0.00000000099999999997 0.00000000099999999997 0.17477335096246024437 0.00215606010199377888 0.81211675186705678531 0.01095383506848913481 
0.00000000099999999986 0.00253933516624687801 0.07821333745896454082 0.00000000099999999986 0.91924732437478851033 0.00000000099999999986 
0.00000000099999999995 0.00000000099999999995 0.03501033645120046195 0.00000000099999999995 0.95047708933911301266 0.01451257120968660851 
0.00000000099999999996 0.00024614676810013621 0.00001936465574517495 0.00000000099999999996 0.99973433125121058396 0.00000015532494415330 
0.00000000099999999997 0.00001660574559146679 0.00000052599557089824 0.00233452092172372477 0.96303020201697142610 0.03461814432014242993 
0.00005339853174631825 0.00000000100000000000 0.00000000100000000000 0.00529261949215920503 0.96429592744381475988 0.03035805253227970638 
0.00000000099999999989 0.00002804675738226217 0.03096427704059864089 0.00000000099999999989 0.96900767320201908195 0.00000000099999999989 
0.00000000099999999990 0.01685261157836726725 0.00000000099999999990 0.00000000099999999990 0.98314738442163263077 0.00000000099999999990 
0.00000000099999999984 0.00021403959691608054 0.03992008279826261136 0.00000000099999999984 0.95976546299085296887 0.00010041261396828705 
0.00000000099999999995 0.00000000099999999995 0.00000000099999999995 0.00241637073005735240 0.99758362526994259767 0.00000000099999999995 
0.00000000099999999981 0.00000000099999999981 0.00000000099999999981 0.00000000099999999981 0.99999999500000003039 0.00000000099999999981 
0.00000000099999999975 0.00000000099999999975 0.00000000099999999975 0.00000000099999999975 0.99999983415740045789 0.00000016184259949036 
0.00653166832919628657 0.00409630099658168240 0.00001219072154648798 0.00000000099999999999 0.86562661363321202757 0.12373322531946347180 
0.00000000099999999975 0.00000000099999999975 0.00000000099999999975 0.00000000099999999975 0.99999999499999991937 0.00000000099999999975 
0.00000000099999999995 0.00000000099999999995 0.02455187012557609808 0.00000000099999999995 0.97544812587442386587 0.00000000099999999995 
0.00000000099999999977 0.00000000099999999977 0.00000010418130067024 0.00000000099999999977 0.99412843621453517162 0.00587145660416412557 
0.00000000099999999987 0.00350226433362107016 0.00000000099999999987 0.00000000099999999987 0.99366670548954250108 0.00283102717683644247 
0.00000000099999999992 0.00000000099999999992 0.00575919014554786453 0.00000000099999999992 0.98520645518324712064 0.00903435167120499039 
0.00225476391874388513 0.00000000100000000000 0.02435477524995835821 0.00469114029026250490 0.95342715596391802713 0.01527216357711721692 
0.00000000099999999995 0.00000000099999999995 0.00000000099999999995 0.00000000099999999995 0.99748795417136337793 0.00251204182863674214 
0.00000000099999999993 0.00000000099999999993 0.00000000099999999993 0.00000000099999999993 0.99999999500000003039 0.00000000099999999993 
0.00000000099999999993 0.00000000099999999993 0.01954682259950387899 0.00000000099999999993 0.98045317340049609189 0.00000000099999999993 
0.00000000099999999995 0.00000000099999999995 0.02388068667073313042 0.00000000099999999995 0.96866137562249021720 0.00745793470677671034 
0.00000000099999999995 0.03140513819874398566 0.00000456827780840767 0.00000000099999999995 0.96859028999997009990 0.00000000152347751705 
0.00000000099999999996 0.00000000099999999996 0.00000002169657955972 0.00000000099999999996 0.97931969328185708434 0.02068028202156331485 
0.00835706287447619649 0.00000000099999999999 0.00436941872337545147 0.00000000099999999999 0.98727351540214836056 0.00000000099999999999 
0.00287958922330452775 0.00004260282786454431 0.00875174059364955924 0.00113099531038493161 0.98719507104479642390 0.00000000100000000000 
0.00000000099999999997 0.00673130689661449386 0.00000000099999999997 0.00408150988587009916 0.96847753424434124270 0.02070964697317409856 
0.01083155903602816238 0.02486537072208559740 0.08214462600395151803 0.00674556647812852433 0.81249957122893445849 0.06291330653087168212 
0.00261385315861004542 0.00575462418779260857 0.00878898878339662813 0.00040611440514254973 0.98243641846505813664 0.00000000100000000000 
0.00230478609992649814 0.00000000099999999999 0.02252654015570365598 0.00000000099999999999 0.97516867074436985874 0.00000000099999999999 
0.00000000099999999989 0.00000000099999999989 0.00001309463051468919 0.00000000099999999989 0.99998690136948531482 0.00000000099999999989 
0.00000000099999999974 0.00000000099999999974 0.00000000099999999974 0.00000000099999999974 0.99999999500000003039 0.00000000099999999974 
0.00000000099999999983 0.00000000099999999983 0.00000000099999999983 0.00000000099999999983 0.99999999499999991937 0.00000000099999999983 
0.00000000099999999991 0.01230997886566272299 0.01176037727265575802 0.00000000099999999991 0.97476905958581872014 0.00116058227586277236 
0.00000000099999999985 0.01810593068477413248 0.01459594176590502980 0.00000000099999999985 0.95485390094434741126 0.01244422460497348129 
0.00000000099999999992 0.00000000099999999992 0.00000000099999999992 0.00000000099999999992 0.99999999500000003039 0.00000000099999999992 
0.00429908656550610432 0.00000000099999999999 0.00000018692525754872 0.00000000099999999999 0.96844138163483373116 0.02725934287440264295 
0.00000000099999999991 0.00000000099999999991 0.00000000099999999991 0.00000000099999999991 0.99999999500000003039 0.00000000099999999991 
0.00522487430585991987 0.00001463741867628082 0.00000000100000000000 0.00089732959400814062 0.97851842333020777609 0.01534473435124782646 
0.00185009013646145822 0.00000000100000000000 0.00526492455433293701 0.00092712445661765101 0.99195785885258780379 0.00000000100000000000 
0.00553323728446874358 0.00000001891605821876 0.00000104642945772025 0.00200376077683702596 0.99246193559317830157 0.00000000100000000000 
0.00493102529220361754 0.00000000100000000000 0.01156976374526883303 0.00937335315264536430 0.94720093691062046126 0.02692491989926160123 
0.01147474336465820893 0.00000006063681455099 0.02048839165360622286 0.00062460099974050100 0.95908312981029353317 0.00832907353488697606 
0.00000000099999999991 0.00564801581750470991 0.00000000099999999991 0.00000000099999999991 0.98363562921146519002 0.01071635197103016149 
0.00000000099999999986 0.00113459222111233181 0.00000000099999999986 0.00000000099999999986 0.99886540377888766162 0.00000000099999999986 
