0.00000000099999999864 0.00000000099999999864 0.99999999399999983662 0.00000000099999999864 0.00000000099999999864 0.00000000099999999864 0.00000000099999999864 
0.00000000099999999871 0.00000000099999999871 0.99999999399999994765 0.00000000099999999871 0.00000000099999999871 0.00000000099999999871 0.00000000099999999871 
0.00000000099999999868 0.00000000099999999868 0.99999999399999983662 0.00000000099999999868 0.00000000099999999868 0.00000000099999999868 0.00000000099999999868 
0.00000000099999999871 0.00000000099999999871 0.99999999399999983662 0.00000000099999999871 0.00000000099999999871 0.00000000099999999871 0.00000000099999999871 
0.00000000099999999874 0.00000000099999999874 0.99999999399999983662 0.00000000099999999874 0.00000000099999999874 0.00000000099999999874 0.00000000099999999874 
0.00000000099999999875 0.00000000099999999875 0.99999999399999983662 0.00000000099999999875 0.00000000099999999875 0.00000000099999999875 0.00000000099999999875 
0.00000000099999999867 0.00000000099999999867 0.99999999399999994765 0.00000000099999999867 0.00000000099999999867 0.00000000099999999867 0.00000000099999999867 
0.00000000099999999879 0.00000000099999999879 0.99999999399999994765 0.00000000099999999879 0.00000000099999999879 0.00000000099999999879 0.00000000099999999879 
0.00000000099999999870 0.00000000099999999870 0.99999999399999983662 0.00000000099999999870 0.00000000099999999870 0.00000000099999999870 0.00000000099999999870 
0.00000000099999999878 0.00000000099999999878 0.99999999399999994765 0.00000000099999999878 0.00000000099999999878 0.00000000099999999878 0.00000000099999999878 
0.00000000099999999873 0.00000000099999999873 0.99999999399999983662 0.00000000099999999873 0.00000000099999999873 0.00000000099999999873 0.00000000099999999873 
0.00000000099999999897 0.00000000099999999897 0.99999999399999983662 0.00000000099999999897 0.00000000099999999897 0.00000000099999999897 0.00000000099999999897 
0.00000000099999999873 0.00000000099999999873 0.99999999399999983662 0.00000000099999999873 0.00000000099999999873 0.00000000099999999873 0.00000000099999999873 
0.00000000099999999870 0.00000000099999999870 0.99999999399999994765 0.00000000099999999870 0.00000000099999999870 0.00000000099999999870 0.00000000099999999870 
0.00000000099999999872 0.00000000099999999872 0.99999999399999994765 0.00000000099999999872 0.00000000099999999872 0.00000000099999999872 0.00000000099999999872 
0.00000000099999999872 0.00000000099999999872 0.99999999399999983662 0.00000000099999999872 0.00000000099999999872 0.00000000099999999872 0.00000000099999999872 
0.00000000099999999872 0.00000000099999999872 0.99999999399999994765 0.00000000099999999872 0.00000000099999999872 0.00000000099999999872 0.00000000099999999872 
0.00000000099999999880 0.00000000099999999880 0.99999999399999994765 0.00000000099999999880 0.00000000099999999880 0.00000000099999999880 0.00000000099999999880 
0.00000000099999999882 0.00000000099999999882 0.99999999399999983662 0.00000000099999999882 0.00000000099999999882 0.00000000099999999882 0.00000000099999999882 
0.00000000099999999880 0.00000000099999999880 0.99999999399999994765 0.00000000099999999880 0.00000000099999999880 0.00000000099999999880 0.00000000099999999880 
0.00000000099999999875 0.00000000099999999875 0.99999999399999983662 0.00000000099999999875 0.00000000099999999875 0.00000000099999999875 0.00000000099999999875 
0.00000000099999999877 0.00000000099999999877 0.99999999399999983662 0.00000000099999999877 0.00000000099999999877 0.00000000099999999877 0.00000000099999999877 
0.00000000099999999876 0.00000000099999999876 0.99999999399999994765 0.00000000099999999876 0.00000000099999999876 0.00000000099999999876 0.00000000099999999876 
0.00000000099999999878 0.00000000099999999878 0.99999999399999994765 0.00000000099999999878 0.00000000099999999878 0.00000000099999999878 0.00000000099999999878 
0.00000000099999999913 0.00000000099999999913 0.99999999400000005867 0.00000000099999999913 0.00000000099999999913 0.00000000099999999913 0.00000000099999999913 
0.00000000099999999875 0.00000000099999999875 0.99999999399999994765 0.00000000099999999875 0.00000000099999999875 0.00000000099999999875 0.00000000099999999875 
0.00000000099999999879 0.00000000099999999879 0.99999999399999994765 0.00000000099999999879 0.00000000099999999879 0.00000000099999999879 0.00000000099999999879 
0.00000000099999999881 0.00000000099999999881 0.99999999399999983662 0.00000000099999999881 0.00000000099999999881 0.00000000099999999881 0.00000000099999999881 
0.00000000099999999882 0.00000000099999999882 0.99999999399999994765 0.00000000099999999882 0.00000000099999999882 0.00000000099999999882 0.00000000099999999882 
0.00000000099999999879 0.00000000099999999879 0.99999999399999983662 0.00000000099999999879 0.00000000099999999879 0.00000000099999999879 0.00000000099999999879 
0.00000000099999999897 0.00000000099999999897 0.99999999399999983662 0.00000000099999999897 0.00000000099999999897 0.00000000099999999897 0.00000000099999999897 
0.00000000099999999917 0.00000000099999999917 0.99999999399999994765 0.00000000099999999917 0.00000000099999999917 0.00000000099999999917 0.00000000099999999917 
0.00000000099999999892 0.00000000099999999892 0.99999999399999983662 0.00000000099999999892 0.00000000099999999892 0.00000000099999999892 0.00000000099999999892 
0.00000000099999999905 0.00000000099999999905 0.99999999400000005867 0.00000000099999999905 0.00000000099999999905 0.00000000099999999905 0.00000000099999999905 
0.00000000099999999891 0.00000000099999999891 0.99999999399999983662 0.00000000099999999891 0.00000000099999999891 0.00000000099999999891 0.00000000099999999891 
0.00000000099999999901 0.00000000099999999901 0.99999999399999994765 0.00000000099999999901 0.00000000099999999901 0.00000000099999999901 0.00000000099999999901 
0.00000000099999999894 0.00000000099999999894 0.99999999399999994765 0.00000000099999999894 0.00000000099999999894 0.00000000099999999894 0.00000000099999999894 
0.00000000099999999895 0.00000000099999999895 0.99999999399999994765 0.00000000099999999895 0.00000000099999999895 0.00000000099999999895 0.00000000099999999895 
0.00000000099999999899 0.00000000099999999899 0.99999999399999994765 0.00000000099999999899 0.00000000099999999899 0.00000000099999999899 0.00000000099999999899 
0.00000000099999999918 0.00000000099999999918 0.99999999400000005867 0.00000000099999999918 0.00000000099999999918 0.00000000099999999918 0.00000000099999999918 
0.00000000099999999892 0.00000000099999999892 0.99999999399999994765 0.00000000099999999892 0.00000000099999999892 0.00000000099999999892 0.00000000099999999892 
0.00000000099999999905 0.00000000099999999905 0.99999999399999994765 0.00000000099999999905 0.00000000099999999905 0.00000000099999999905 0.00000000099999999905 
0.00000000099999999897 0.00000000099999999897 0.99999999399999983662 0.00000000099999999897 0.00000000099999999897 0.00000000099999999897 0.00000000099999999897 
0.00000000099999999894 0.00000000099999999894 0.99999999399999983662 0.00000000099999999894 0.00000000099999999894 0.00000000099999999894 0.00000000099999999894 
0.00000000099999999906 0.00000000099999999906 0.99999999400000005867 0.00000000099999999906 0.00000000099999999906 0.00000000099999999906 0.00000000099999999906 
0.00000000099999999896 0.00000000099999999896 0.99999999399999983662 0.00000000099999999896 0.00000000099999999896 0.00000000099999999896 0.00000000099999999896 
0.00000000099999999902 0.00000000099999999902 0.99999999399999994765 0.00000000099999999902 0.00000000099999999902 0.00000000099999999902 0.00000000099999999902 
0.00000000099999999922 0.00000000099999999922 0.99999999400000005867 0.00000000099999999922 0.00000000099999999922 0.00000000099999999922 0.00000000099999999922 
0.00000000099999999926 0.00000000099999999926 0.99999999400000005867 0.00000000099999999926 0.00000000099999999926 0.00000000099999999926 0.00000000099999999926 
0.00000000099999999936 0.00000000099999999936 0.99999999400000005867 0.00000000099999999936 0.00000000099999999936 0.00000000099999999936 0.00000000099999999936 
0.00000000099999999963 0.00000000099999999963 0.99999999399999994765 0.00000000099999999963 0.00000000099999999963 0.00000000099999999963 0.00000000099999999963 
0.00000000099999999971 0.59806126374737855755 0.00000000099999999971 0.40171948328833445574 0.00000000099999999971 0.00021924896428706742 0.00000000099999999971 
0.00000000099999999939 0.55641764539489413366 0.00000000099999999939 0.44358234960510589673 0.00000000099999999939 0.00000000099999999939 0.00000000099999999939 
0.00000000099999999979 0.51223189543866520790 0.00000000099999999979 0.48776809956133482249 0.00000000099999999979 0.00000000099999999979 0.00000000099999999979 
0.00000000099999999911 0.60776264211027064555 0.00000000099999999911 0.39223735288972955138 0.00000000099999999911 0.00000000099999999911 0.00000000099999999911 
0.00000000099999999928 0.60419721443480178813 0.00000000099999999928 0.39580278056519824226 0.00000000099999999928 0.00000000099999999928 0.00000000099999999928 
0.00000000099999999911 0.59752361561241595922 0.00000000099999999911 0.40247637938758407117 0.00000000099999999911 0.00000000099999999911 0.00000000099999999911 
0.00000000099999999952 0.60484444524446501212 0.00000000099999999952 0.39515554975553507377 0.00000000099999999952 0.00000000099999999952 0.00000000099999999952 
0.00000000099999999924 0.62635726154833282209 0.00000000099999999924 0.37364273345166720830 0.00000000099999999924 0.00000000099999999924 0.00000000099999999924 
0.00000000099999999944 0.59509056092527734538 0.00000000099999999944 0.40490943407472274052 0.00000000099999999944 0.00000000099999999944 0.00000000099999999944 
0.00000000099999999973 0.59664816525467800901 0.00000000099999999973 0.39529756532535170743 0.00805426541997036373 0.00000000099999999973 0.00000000099999999973 
0.00000000099999999928 0.57426542308308425877 0.00000000099999999928 0.42573457191691566059 0.00000000099999999928 0.00000000099999999928 0.00000000099999999928 
0.00000000099999999924 0.57774468535735068464 0.00000000099999999924 0.42225530964264951228 0.00000000099999999924 0.00000000099999999924 0.00000000099999999924 
0.00000000099999999960 0.56716618646531491432 0.00000000099999999960 0.42401895042557213866 0.00881485910911303586 0.00000000099999999960 0.00000000099999999960 
0.00000000099999999939 0.56934419884647557986 0.00000000099999999939 0.43065579615352445053 0.00000000099999999939 0.00000000099999999939 0.00000000099999999939 
0.00000000099999999982 0.61643809209969324669 0.00000000099999999982 0.38356190290030683920 0.00000000099999999982 0.00000000099999999982 0.00000000099999999982 
0.00000000099999999914 0.60737652476470727070 0.00000000099999999914 0.39262347023529275969 0.00000000099999999914 0.00000000099999999914 0.00000000099999999914 
0.00000000099999999950 0.51185382876091423121 0.00000000099999999950 0.48814616623908585469 0.00000000099999999950 0.00000000099999999950 0.00000000099999999950 
0.00000000099999999980 0.51691031380937679796 0.00000000099999999980 0.48250813137389886309 0.00000000099999999980 0.00058155081672439603 0.00000000099999999980 
0.00000000099999999931 0.56812454622561603390 0.00000000099999999931 0.43187544877438416302 0.00000000099999999931 0.00000000099999999931 0.00000000099999999931 
0.00000000099999999933 0.58040531603556633211 0.00000000099999999933 0.41959467896443380930 0.00000000099999999933 0.00000000099999999933 0.00000000099999999933 
0.00000000099999999940 0.58917409848530133409 0.00000000099999999940 0.41082589651469869629 0.00000000099999999940 0.00000000099999999940 0.00000000099999999940 
0.00000000099999999911 0.59186950497744561517 0.00000000099999999911 0.40813049002255435971 0.00000000099999999911 0.00000000099999999911 0.00000000099999999911 
0.00000000099999999943 0.55638527229196022006 0.00000000099999999943 0.44361472270803986584 0.00000000099999999943 0.00000000099999999943 0.00000000099999999943 
0.00000000099999999936 0.53522854043293199844 0.00000000099999999936 0.46477145456706797644 0.00000000099999999936 0.00000000099999999936 0.00000000099999999936 
0.00000000099999999965 0.50594787236905891525 0.00000000099999999965 0.49405212263094117064 0.00000000099999999965 0.00000000099999999965 0.00000000099999999965 
0.00000000099999999928 0.59464486344258393746 0.00000000099999999928 0.40535513155741625946 0.00000000099999999928 0.00000000099999999928 0.00000000099999999928 
0.00000000099999999942 0.53450088280987284595 0.00000000099999999942 0.46549911219012723995 0.00000000099999999942 0.00000000099999999942 0.00000000099999999942 
0.00467274052135559659 0.54147760483157081346 0.00048148777043620144 0.45336816387663742001 0.00000000099999999989 0.00000000099999999989 0.00000000099999999989 
0.00000000099999999990 0.60029956775577564265 0.00000000099999999990 0.39820838029726196572 0.00000000099999999990 0.00149204794696258130 0.00000000099999999990 
0.00000000099999999950 0.54996456982982089290 0.00000000099999999950 0.45003542517017908198 0.00000000099999999950 0.00000000099999999950 0.00000000099999999950 
0.00000000099999999930 0.61591246533041910105 0.00000000099999999930 0.38408752966958098485 0.00000000099999999930 0.00000000099999999930 0.00000000099999999930 
0.00000000099999999986 0.56984029008883585465 0.00011124644815879340 0.42642639998024667314 0.00000000099999999986 0.00000000099999999986 0.00362206048275860639 
0.00000000099999999965 0.46129793382149547609 0.00000000099999999965 0.53870206117850449878 0.00000000099999999965 0.00000000099999999965 0.00000000099999999965 
0.00000000099999999960 0.54096352739028730205 0.00000000099999999960 0.45903646760971272833 0.00000000099999999960 0.00000000099999999960 0.00000000099999999960 
0.00000000099999999949 0.52750979614748583213 0.00000000099999999949 0.47249019885251414275 0.00000000099999999949 0.00000000099999999949 0.00000000099999999949 
0.00000000099999999962 0.57821509269121973418 0.00000000099999999962 0.42178490230878046274 0.00000000099999999962 0.00000000099999999962 0.00000000099999999962 
0.00000000099999999947 0.51641446797510082156 0.00000000099999999947 0.48358552702489926434 0.00000000099999999947 0.00000000099999999947 0.00000000099999999947 
0.00000000099999999952 0.51993829233642596677 0.00000000099999999952 0.48006170266357395260 0.00000000099999999952 0.00000000099999999952 0.00000000099999999952 
0.00000000099999999950 0.48156065395723707256 0.00000000099999999950 0.51843934104276290231 0.00000000099999999950 0.00000000099999999950 0.00000000099999999950 
0.00000000099999999989 0.57885683595733938844 0.00000000099999999989 0.41896744376507161212 0.00217571627758910910 0.00000000099999999989 0.00000000099999999989 
0.00000000099999999971 0.57598569041139013880 0.00000000099999999971 0.42401430458860983608 0.00000000099999999971 0.00000000099999999971 0.00000000099999999971 
0.00000000099999999986 0.56500484544436435641 0.00029330572127210378 0.43470184483436358214 0.00000000099999999986 0.00000000099999999986 0.00000000099999999986 
0.00000000099999999959 0.58771020873817092500 0.00000000099999999959 0.41228978626182899436 0.00000000099999999959 0.00000000099999999959 0.00000000099999999959 
0.00000000099999999933 0.52447811209990768955 0.00000000099999999933 0.47552188290009239635 0.00000000099999999933 0.00000000099999999933 0.00000000099999999933 
0.00000000099999999928 0.54497163671539305962 0.00000000099999999928 0.45502835828460702627 0.00000000099999999928 0.00000000099999999928 0.00000000099999999928 
0.00000000099999999935 0.52859252686387847575 0.00000000099999999935 0.47140746813612155464 0.00000000099999999935 0.00000000099999999935 0.00000000099999999935 
0.00000000099999999937 0.54627705618933175558 0.00000000099999999937 0.45372293881066827481 0.00000000099999999937 0.00000000099999999937 0.00000000099999999937 
0.00000000099999999983 0.50402890876995565250 0.00000000099999999983 0.49597108623004448891 0.00000000099999999983 0.00000000099999999983 0.00000000099999999983 
0.00000000099999999929 0.55201711354583216096 0.00000000099999999929 0.44798288145416798045 0.00000000099999999929 0.00000000099999999929 0.00000000099999999929 
0.00000000099999999953 0.50008612892200821065 0.00000000099999999953 0.49991386607799187525 0.00000000099999999953 0.00000000099999999953 0.00000000099999999953 
0.00000000099999999935 0.56637215215373004629 0.00000000099999999935 0.43362784284627015063 0.00000000099999999935 0.00000000099999999935 0.00000000099999999935 
0.00000000099999999944 0.51214051570894481014 0.00000000099999999944 0.48785947929105522025 0.00000000099999999944 0.00000000099999999944 0.00000000099999999944 
0.00000000099999999955 0.53836834333154659493 0.00000000099999999955 0.46163165166845354648 0.00000000099999999955 0.00000000099999999955 0.00000000099999999955 
0.00000000099999999958 0.58095765198186466449 0.00000000099999999958 0.41904234301813547692 0.00000000099999999958 0.00000000099999999958 0.00000000099999999958 
0.00000000099999999942 0.55655609955497686858 0.00000000099999999942 0.44344389544502316181 0.00000000099999999942 0.00000000099999999942 0.00000000099999999942 
0.00000000099999999944 0.57426185205512070286 0.00000000099999999944 0.42573814294487932752 0.00000000099999999944 0.00000000099999999944 0.00000000099999999944 
0.00000000099999999962 0.56416513286157976559 0.00000000099999999962 0.43583486213842026480 0.00000000099999999962 0.00000000099999999962 0.00000000099999999962 
0.00000000099999999964 0.54479536516355842046 0.00110210011511429349 0.45410253072132739094 0.00000000099999999964 0.00000000099999999964 0.00000000099999999964 
0.00000000099999999936 0.55886927529386509761 0.00000000099999999936 0.44113071970613482176 0.00000000099999999936 0.00000000099999999936 0.00000000099999999936 
0.00000000099999999965 0.57328793627845509029 0.00000000099999999965 0.42671205872154510663 0.00000000099999999965 0.00000000099999999965 0.00000000099999999965 
0.00000000099999999931 0.53089198713026053422 0.00000000099999999931 0.46910800786973955168 0.00000000099999999931 0.00000000099999999931 0.00000000099999999931 
0.00000000099999999985 0.50808898079943887183 0.00000000099999999985 0.49191101420056121407 0.00000000099999999985 0.00000000099999999985 0.00000000099999999985 
0.00000000099999999968 0.53518608615538565410 0.00167944169327068223 0.46313446815134373669 0.00000000099999999968 0.00000000099999999968 0.00000000099999999968 
0.00000000099999999984 0.52108255901988753678 0.00000000099999999984 0.47786477132222787700 0.00000000099999999984 0.00105266565788465576 0.00000000099999999984 
0.00000000099999999963 0.56683889763694539354 0.00000000099999999963 0.43316109736305474787 0.00000000099999999963 0.00000000099999999963 0.00000000099999999963 
0.00000000099999999978 0.50030533211919936409 0.00000000099999999978 0.49969466288080066629 0.00000000099999999978 0.00000000099999999978 0.00000000099999999978 
0.00280548175078428139 0.60373082067392547234 0.00406676017977499870 0.38638340095209827707 0.00000000099999999998 0.00010993886239758301 0.00290359658101947953 
0.00243601670540420211 0.55443266194406604086 0.00126802614131805557 0.43960528047339786362 0.00000000099999999996 0.00000000099999999996 0.00225801273581382501 
0.00205173889685059249 0.54968605429093964077 0.00019247539475944830 0.44600673214827579738 0.00000000099999999996 0.00206299726917452903 0.00000000099999999996 
0.00000000099999999987 0.53628198468026400114 0.00000000099999999987 0.46126121571785205777 0.00245679560188399046 0.00000000099999999987 0.00000000099999999987 
0.00146181086953352008 0.52662923582534415523 0.00309729515009399313 0.46865224357804535771 0.00000000099999999997 0.00000000099999999997 0.00015941257698303955 
0.00180889092381060403 0.56671234482104215768 0.00243547271089767509 0.42849028394436172729 0.00000000099999999995 0.00000000099999999995 0.00055300559988790527 
0.00000000099999999947 0.99044862670374322899 0.00000000099999999947 0.00955136829625693150 0.00000000099999999947 0.00000000099999999947 0.00000000099999999947 
0.00000000099999999938 0.99999999400000016969 0.00000000099999999938 0.00000000099999999938 0.00000000099999999938 0.00000000099999999938 0.00000000099999999938 
0.00000000099999999968 0.99298117965887111591 0.00000000099999999968 0.00701881534112899861 0.00000000099999999968 0.00000000099999999968 0.00000000099999999968 
0.00000000099999999987 0.99999999400000005867 0.00000000099999999987 0.00000000099999999987 0.00000000099999999987 0.00000000099999999987 0.00000000099999999987 
0.00000000099999999939 0.99999999400000016969 0.00000000099999999939 0.00000000099999999939 0.00000000099999999939 0.00000000099999999939 0.00000000099999999939 
0.00000000099999999947 0.99999999400000016969 0.00000000099999999947 0.00000000099999999947 0.00000000099999999947 0.00000000099999999947 0.00000000099999999947 
0.00000000099999999960 0.99912322819014809383 0.00000000099999999960 0.00087676680985200519 0.00000000099999999960 0.00000000099999999960 0.00000000099999999960 
0.00000000099999999958 0.99405515374997521771 0.00000000099999999958 0.00594484125002489247 0.00000000099999999958 0.00000000099999999958 0.00000000099999999958 
0.00000000099999999945 0.99838224015116916465 0.00000000099999999945 0.00161775484883082128 0.00000000099999999945 0.00000000099999999945 0.00000000099999999945 
0.00000000099999999978 0.99917775435216593660 0.00082224064783406917 0.00000000099999999978 0.00000000099999999978 0.00000000099999999978 0.00000000099999999978 
0.00000000099999999948 0.99999999400000005867 0.00000000099999999948 0.00000000099999999948 0.00000000099999999948 0.00000000099999999948 0.00000000099999999948 
0.00000000099999999934 0.99624796077369492942 0.00000000099999999934 0.00375203422630510574 0.00000000099999999934 0.00000000099999999934 0.00000000099999999934 
0.00000000099999999943 0.99999999400000005867 0.00000000099999999943 0.00000000099999999943 0.00000000099999999943 0.00000000099999999943 0.00000000099999999943 
0.00000000099999999952 0.99996459214516708602 0.00000000099999999952 0.00003540285483292109 0.00000000099999999952 0.00000000099999999952 0.00000000099999999952 
0.00000000099999999968 0.99878023236144297670 0.00121976263855724625 0.00000000099999999968 0.00000000099999999968 0.00000000099999999968 0.00000000099999999968 
0.00000000099999999955 0.96986618613109853992 0.00000000099999999955 0.03013380886890146618 0.00000000099999999955 0.00000000099999999955 0.00000000099999999955 
0.00000000099999999959 0.99725986741938243973 0.00000000099999999959 0.00274012758061757200 0.00000000099999999959 0.00000000099999999959 0.00000000099999999959 
0.00000000099999999923 0.99999999400000005867 0.00000000099999999923 0.00000000099999999923 0.00000000099999999923 0.00000000099999999923 0.00000000099999999923 
0.00000000099999999981 0.98505450236346647763 0.00000000099999999981 0.01185733402494046525 0.00000000099999999981 0.00000000099999999981 0.00308815961159307874 
0.00000000099999999987 0.94719861216893941336 0.00000000099999999987 0.05044580206651067683 0.00217142112615541444 0.00018416163839444258 0.00000000099999999987 
0.00000000099999999982 0.99999999400000016969 0.00000000099999999982 0.00000000099999999982 0.00000000099999999982 0.00000000099999999982 0.00000000099999999982 
0.00000000099999999990 0.94336447327729555656 0.00000000099999999990 0.04756473281782074708 0.00907078990488362907 0.00000000099999999990 0.00000000099999999990 
0.00000000099999999979 0.92908153132335935531 0.00000000099999999979 0.06758079014956865083 0.00000000099999999979 0.00000000099999999979 0.00333767452707203370 
0.00267783400412790985 0.93321493929290222358 0.00000000099999999994 0.06331917569002851187 0.00000000099999999994 0.00000000099999999994 0.00078804801294155285 
0.00116362189486971641 0.98707791122830557118 0.00004838671451037148 0.01171007716231427416 0.00000000099999999988 0.00000000099999999988 0.00000000099999999988 
0.00000000099999999983 0.93643288515093459079 0.00000000099999999983 0.05920474847205425134 0.00436236237701110186 0.00000000099999999983 0.00000000099999999983 
0.00000000099999999985 0.95995842010626197816 0.00000000099999999985 0.03670683748855550071 0.00000000099999999985 0.00000000099999999985 0.00333473840518275005 
0.00000000099999999982 0.96773016946035772534 0.00000000099999999982 0.03018949712224115386 0.00000000099999999982 0.00000000099999999982 0.00208032941740124129 
0.00000000099999999983 0.97443991727631418254 0.00000000099999999983 0.02372109665216991237 0.00183898207151603535 0.00000000099999999983 0.00000000099999999983 
0.00000000099999999976 0.94116665993543846547 0.00000000099999999976 0.05883333506456173839 0.00000000099999999976 0.00000000099999999976 0.00000000099999999976 
0.00000000099999999973 0.95821080455535512233 0.00000000099999999973 0.03825562118825927976 0.00353357025638560912 0.00000000099999999973 0.00000000099999999973 
0.00000000099999999977 0.95715087974204815513 0.00000000099999999977 0.03685502022991550553 0.00599409602803652620 0.00000000099999999977 0.00000000099999999977 
0.00253129177243526914 0.93642947459782044373 0.00000000099999999994 0.05600682725314623522 0.00000000099999999994 0.00000000099999999994 0.00503240337659826079 
0.00000000099999999988 0.97997769709612625455 0.00000684236476139624 0.02001545653911233555 0.00000000099999999988 0.00000000099999999988 0.00000000099999999988 
0.00000000099999999971 0.94068087003686240433 0.00000000099999999971 0.05931912496313779259 0.00000000099999999971 0.00000000099999999971 0.00000000099999999971 
0.00000000099999999954 0.92262614416515564830 0.00000000099999999954 0.07737385083484453474 0.00000000099999999954 0.00000000099999999954 0.00000000099999999954 
0.00000000099999999988 0.95492787655777588984 0.00000000099999999988 0.04402573203654561174 0.00000000099999999988 0.00000000099999999988 0.00104638740567855712 
0.00000000099999999998 0.91274961163431311828 0.00000000099999999998 0.07736051259227888499 0.00000000099999999998 0.00003789824688054201 0.00985197452652756406 
0.00000000099999999999 0.87483505603359157377 0.00000000099999999999 0.12125992610633228030 0.00000000099999999999 0.00000000099999999999 0.00390501386007628031 
0.00000000099999999999 0.83646327777462159414 0.00107728442122820506 0.14319330549229566940 0.00000810391105294016 0.00000000099999999999 0.01925802640080173309 
0.00000000099999999960 0.93420994741638641035 0.00597698959772470333 0.05981305898588892833 0.00000000099999999960 0.00000000099999999960 0.00000000099999999960 
0.00000000099999999998 0.87636220479936977057 0.00000000099999999998 0.10550256836120255888 0.01813521664675874639 0.00000000099999999998 0.00000000719266908025 
0.00000000099999999998 0.77282212548864848145 0.00000000099999999998 0.22387700125040896348 0.00000000099999999998 0.00330086926094247651 0.00000000099999999998 
0.00000000099999999989 0.99306473932714112163 0.00066791826563537241 0.00626733840722368610 0.00000000099999999989 0.00000000099999999989 0.00000000099999999989 
0.00000000099999999999 0.97869149886811879213 0.00706879090454038718 0.01018675292505604249 0.00405295430228482401 0.00000000099999999999 0.00000000099999999999 
0.00000000099999999981 0.94983116467330608312 0.01576748291914323308 0.03440134840755060264 0.00000000099999999981 0.00000000099999999981 0.00000000099999999981 
0.00000000099999999989 0.97917376389700649941 0.00174140851842369878 0.01908482358456992448 0.00000000099999999989 0.00000000099999999989 0.00000000099999999989 
0.00000000099999999963 0.97431507368260883428 0.00828205177724657647 0.01740287054014464860 0.00000000099999999963 0.00000000099999999963 0.00000000099999999963 
0.00000000099999999990 0.97581198526095802581 0.00184100161033821214 0.02183643344477766493 0.00051057668392623628 0.00000000099999999990 0.00000000099999999990 
0.00000000099999999933 0.96115675604422301515 0.00000000099999999933 0.03884323895577715402 0.00000000099999999933 0.00000000099999999933 0.00000000099999999933 
0.00000000099999999957 0.99366693031686192938 0.00000000099999999957 0.00633306468313825106 0.00000000099999999957 0.00000000099999999957 0.00000000099999999957 
0.00083345543737944905 0.74880637316413489746 0.00000000099999999996 0.24972787762427181568 0.00000003944730294910 0.00000000099999999996 0.00063225232691096534 
0.00000000099999999983 0.77564968943684531322 0.00131365661799328769 0.22285434034273701731 0.00000000099999999983 0.00018231060242439250 0.00000000099999999983 
0.25820842914434743998 0.56122679408239128929 0.00000000099999999996 0.10040395136219255889 0.00000000099999999996 0.08016082241106876893 0.00000000099999999996 
0.00206540566592696177 0.71541639484829888662 0.00468277437136645127 0.27633637882219702631 0.00000000099999999992 0.00149904429221058813 0.00000000099999999992 
0.00237047106895855618 0.74441180674651707960 0.00206534558632138739 0.24967461488293168914 0.00000000099999999994 0.00147775971527124603 0.00000000099999999994 
0.28356713738974270722 0.54049628653954551183 0.00000000099999999997 0.10159602532082591397 0.00000000099999999997 0.07434054774988592407 0.00000000099999999997 
0.21619137147639097551 0.54630587344258518812 0.00000000099999999994 0.16716598619451061847 0.00000000099999999994 0.07033676588651321948 0.00000000099999999994 
0.22998771162501949195 0.60655461892285711389 0.00000000099999999996 0.11529951100365493089 0.00000000099999999996 0.04815815544846845098 0.00000000099999999996 
0.22163423134745743881 0.60319921402511789132 0.00120657313432910129 0.14796342538618781348 0.00000000099999999997 0.00000000099999999997 0.02599655410690767873 
0.22238984409642512108 0.58947692431998777174 0.00120421396120238438 0.16880942412991387092 0.00000000099999999998 0.01811959149247078377 0.00000000099999999998 
0.00000000099999999977 0.75700670005531911499 0.00000000099999999977 0.24299329494468083213 0.00000000099999999977 0.00000000099999999977 0.00000000099999999977 
0.28047634496675261095 0.59061493810266252336 0.00000000099999999998 0.12273310142695585678 0.00000000099999999998 0.00000000099999999998 0.00617561250362902697 
0.00474203942009526844 0.75262397484009502246 0.00684661455601098725 0.23393165749767211303 0.00000000099999999996 0.00185571168612675384 0.00000000099999999996 
0.28716277384140681539 0.52198496164739049963 0.00000000099999999998 0.14550079869132767629 0.00000000099999999998 0.04535146281987516292 0.00000000099999999998 
0.00000000099999999970 0.73831662451578672357 0.00277516145698146997 0.25890821002723174438 0.00000000099999999970 0.00000000099999999970 0.00000000099999999970 
0.00000000099999999967 0.72991005451651214120 0.00000000099999999967 0.27008994048348788919 0.00000000099999999967 0.00000000099999999967 0.00000000099999999967 
0.28066226181937564688 0.52861169084241721450 0.00633146836672802190 0.15439478520712152099 0.00000000099999999998 0.00000000099999999998 0.02999979176435763062 
0.00000000099999999982 0.77355659304245361074 0.00058878793691787207 0.22585461502062847972 0.00000000099999999982 0.00000000099999999982 0.00000000099999999982 
0.00182446082076508195 0.73889688025409949734 0.00000000099999999995 0.25820002349663984109 0.00000000099999999995 0.00107863242849550790 0.00000000099999999995 
0.00000000099999999996 0.87290278300314994020 0.00000000099999999996 0.12104940005753073162 0.00000000099999999996 0.00000000099999999996 0.00604781293931933982 
0.00000000099999999999 0.87112076475181965396 0.00000000099999999999 0.04227916260812502464 0.00000000099999999999 0.00000000099999999999 0.08660006864005545535 
0.00000000099999999994 0.92735811888378494316 0.00000000099999999994 0.06803863719706473856 0.00000000099999999994 0.00000000099999999994 0.00460323991915046350 
0.00000000099999999988 0.99360974613412811340 0.00000000099999999988 0.00315502261268439796 0.00000000099999999988 0.00000000099999999988 0.00323522725318765121 
0.02452880180431733087 0.91655986045193349465 0.00000000099999999997 0.05592199983956561843 0.00164845341993725232 0.00000000099999999997 0.00134088248424633926 
0.00000000099999999947 0.99999999400000016969 0.00000000099999999947 0.00000000099999999947 0.00000000099999999947 0.00000000099999999947 0.00000000099999999947 
0.00000000099999999967 0.99972011598169185920 0.00000000099999999967 0.00000000099999999967 0.00000000099999999967 0.00000000099999999967 0.00027987901830821917 
0.00000000099999999971 0.77814740563399209528 0.00000000099999999971 0.00000000099999999971 0.00000000099999999971 0.00000000099999999971 0.22185258936600810165 
0.00000000099999999969 0.99792270968101004502 0.00000000099999999969 0.00000000099999999969 0.00000000099999999969 0.00000000099999999969 0.00207728531899024340 
0.00000000099999999972 0.99845796593626512383 0.00000000099999999972 0.00000000099999999972 0.00000000099999999972 0.00000000099999999972 0.00154202906373504664 
0.00000000099999999896 0.99999999399999994765 0.00000000099999999896 0.00000000099999999896 0.00000000099999999896 0.00000000099999999896 0.00000000099999999896 
0.00000000099999999929 0.99961564935915658836 0.00000000099999999929 0.00038434564084347325 0.00000000099999999929 0.00000000099999999929 0.00000000099999999929 
0.00000000099999999928 0.99885444786925936533 0.00000000099999999928 0.00114554713074068695 0.00000000099999999928 0.00000000099999999928 0.00000000099999999928 
0.00000000099999999933 0.99999999400000016969 0.00000000099999999933 0.00000000099999999933 0.00000000099999999933 0.00000000099999999933 0.00000000099999999933 
0.00000000099999999913 0.99999999400000005867 0.00000000099999999913 0.00000000099999999913 0.00000000099999999913 0.00000000099999999913 0.00000000099999999913 
0.00000000099999999947 0.99188239569766500914 0.00000000099999999947 0.00811759930233501431 0.00000000099999999947 0.00000000099999999947 0.00000000099999999947 
0.00000000099999999974 0.99698816880931939721 0.00000000099999999974 0.00301182619068068782 0.00000000099999999974 0.00000000099999999974 0.00000000099999999974 
0.00000000099999999941 0.99999999400000005867 0.00000000099999999941 0.00000000099999999941 0.00000000099999999941 0.00000000099999999941 0.00000000099999999941 
0.00000000099999999984 0.98979949331996563977 0.00000000099999999984 0.00000000099999999984 0.00000000099999999984 0.00000000099999999984 0.01020050168003446868 
0.00000000099999999980 0.96697338728209347725 0.00036075975456913541 0.03266584896333745575 0.00000000099999999980 0.00000000099999999980 0.00000000099999999980 
0.00000000099999999959 0.99361351391150309897 0.00000000099999999959 0.00638648108849697218 0.00000000099999999959 0.00000000099999999959 0.00000000099999999959 
0.00000000099999999985 0.99254860438746317364 0.00000000099999999985 0.00631637061714346217 0.00000000099999999985 0.00113502099539344197 0.00000000099999999985 
0.00000000099999999928 0.99999999400000005867 0.00000000099999999928 0.00000000099999999928 0.00000000099999999928 0.00000000099999999928 0.00000000099999999928 
0.00000000099999999955 0.99999999400000005867 0.00000000099999999955 0.00000000099999999955 0.00000000099999999955 0.00000000099999999955 0.00000000099999999955 
0.00000000099999999982 0.99173594744922344280 0.00000000099999999982 0.00679617880521788710 0.00000000099999999982 0.00146786974555859133 0.00000000099999999982 
0.00000000099999999991 0.95444019465236085153 0.00000000099999999991 0.03846233915848069201 0.00000000099999999991 0.00000000099999999991 0.00709746218915842820 
0.00000000099999999960 0.99057780224554436987 0.00000000099999999960 0.00942219275445575592 0.00000000099999999960 0.00000000099999999960 0.00000000099999999960 
0.00000000099999999958 0.99350214185972718361 0.00000000099999999958 0.00649785314027295172 0.00000000099999999958 0.00000000099999999958 0.00000000099999999958 
0.00000000099999999915 0.99999999400000016969 0.00000000099999999915 0.00000000099999999915 0.00000000099999999915 0.00000000099999999915 0.00000000099999999915 
0.00000000099999999954 0.99555139456070895765 0.00000000099999999954 0.00444860043929115948 0.00000000099999999954 0.00000000099999999954 0.00000000099999999954 
0.00000000099999999953 0.97670121757394534612 0.00000000099999999953 0.02329877742605470856 0.00000000099999999953 0.00000000099999999953 0.00000000099999999953 
0.00000000099999999965 0.99289828164076643358 0.00000000099999999965 0.00710171335923376248 0.00000000099999999965 0.00000000099999999965 0.00000000099999999965 
0.00000000099999999990 0.92119471250392304107 0.00144376857099578321 0.07634413949863916304 0.00101737642644206174 0.00000000099999999990 0.00000000099999999990 
0.00000000099999999993 0.98613018769031779431 0.00063543752193533456 0.01166350841221231067 0.00049999605090062535 0.00000000099999999993 0.00107086832463385907 
0.00000000099999999980 0.99977912381803490938 0.00022087118196504934 0.00000000099999999980 0.00000000099999999980 0.00000000099999999980 0.00000000099999999980 
0.00000000099999999986 0.94743205528535845428 0.00000000099999999986 0.05164545453253491236 0.00000000099999999986 0.00000000099999999986 0.00092248618210677359 
0.00000000099999999961 0.99767669342995390913 0.00000000099999999961 0.00000000099999999961 0.00000000099999999961 0.00232330157004616636 0.00000000099999999961 
0.00000000099999999982 0.99203579695452814846 0.00000000099999999982 0.00000000099999999982 0.00000000099999999982 0.00000000099999999982 0.00796419804547203285 
0.00186404461832207912 0.99775253961194310115 0.00000000099999999996 0.00000000099999999996 0.00038341176973490256 0.00000000099999999996 0.00000000099999999996 
0.00151080803390193853 0.97451907101200541117 0.00375598020587115467 0.00927257018807305967 0.00546363249324312208 0.00547793706690532633 0.00000000099999999999 
0.00446849096201653792 0.99217923324654377915 0.00000000099999999991 0.00000000099999999991 0.00000000099999999991 0.00000000099999999991 0.00335227179143972234 
0.00000000099999999991 0.99500880574288508296 0.00000000099999999991 0.00000000099999999991 0.00120706602723622491 0.00378412422987874563 0.00000000099999999991 
0.00000000099999999974 0.98944595127480006180 0.00000000099999999974 0.01055404372520009001 0.00000000099999999974 0.00000000099999999974 0.00000000099999999974 
0.00000000099999999975 0.99544865502515855749 0.00000000099999999975 0.00455133997484157352 0.00000000099999999975 0.00000000099999999975 0.00000000099999999975 
0.00000000099999999966 0.96920692847608980180 0.00000000099999999966 0.03079306652391023205 0.00000000099999999966 0.00000000099999999966 0.00000000099999999966 
0.00000000099999999976 0.99002428326912084167 0.00024300079499586899 0.00457241509335575957 0.00000000099999999976 0.00516029784252750815 0.00000000099999999976 
0.00000000099999999959 0.99999999400000016969 0.00000000099999999959 0.00000000099999999959 0.00000000099999999959 0.00000000099999999959 0.00000000099999999959 
0.00000000099999999974 0.99362183436462925279 0.00000000099999999974 0.00000000099999999974 0.00000000099999999974 0.00637816063537088428 0.00000000099999999974 
0.00000000099999999996 0.86065327012833081621 0.00310239286295302397 0.13624433300871624519 0.00000000099999999996 0.00000000099999999996 0.00000000099999999996 
0.00000000099999999968 0.92959694993985353406 0.00000000099999999968 0.07040304506014660735 0.00000000099999999968 0.00000000099999999968 0.00000000099999999968 
0.00000000099999999993 0.99539546910072895791 0.00000000099999999993 0.00174244474518820054 0.00000000099999999993 0.00000000099999999993 0.00286208215408299957 
0.00000000099999999990 0.99999998551335911312 0.00000000099999999990 0.00000000948664087777 0.00000000099999999990 0.00000000099999999990 0.00000000099999999990 
0.00000000099999999993 0.99729094389428252221 0.00270905110571760272 0.00000000099999999993 0.00000000099999999993 0.00000000099999999993 0.00000000099999999993 
