0.00000000099999999833 0.00000000099999999833 0.00000000099999999833 0.00000000099999999833 0.00000000099999999833 0.00000000099999999833 0.00000000099999999833 0.00000000099999999833 0.99999999199999989319 
0.00000000099999999842 0.00000000099999999842 0.00000000099999999842 0.00000000099999999842 0.00000000099999999842 0.00000000099999999842 0.00000000099999999842 0.00000000099999999842 0.99999999199999989319 
0.00000000099999999838 0.00000000099999999838 0.00000000099999999838 0.00000000099999999838 0.00000000099999999838 0.00000000099999999838 0.00000000099999999838 0.00000000099999999838 0.99999999199999989319 
0.00000000099999999841 0.00000000099999999841 0.00000000099999999841 0.00000000099999999841 0.00000000099999999841 0.00000000099999999841 0.00000000099999999841 0.00000000099999999841 0.99999999199999989319 
0.00000000099999999847 0.00000000099999999847 0.00000000099999999847 0.00000000099999999847 0.00000000099999999847 0.00000000099999999847 0.00000000099999999847 0.00000000099999999847 0.99999999199999989319 
0.00000000099999999847 0.00000000099999999847 0.00000000099999999847 0.00000000099999999847 0.00000000099999999847 0.00000000099999999847 0.00000000099999999847 0.00000000099999999847 0.99999999199999989319 
0.00000000099999999837 0.00000000099999999837 0.00000000099999999837 0.00000000099999999837 0.00000000099999999837 0.00000000099999999837 0.00000000099999999837 0.00000000099999999837 0.99999999200000000421 
0.00000000099999999851 0.00000000099999999851 0.00000000099999999851 0.00000000099999999851 0.00000000099999999851 0.00000000099999999851 0.00000000099999999851 0.00000000099999999851 0.99999999199999989319 
0.00000000099999999840 0.00000000099999999840 0.00000000099999999840 0.00000000099999999840 0.00000000099999999840 0.00000000099999999840 0.00000000099999999840 0.00000000099999999840 0.99999999199999989319 
0.00000000099999999849 0.00000000099999999849 0.00000000099999999849 0.00000000099999999849 0.00000000099999999849 0.00000000099999999849 0.00000000099999999849 0.00000000099999999849 0.99999999200000000421 
0.00000000099999999844 0.00000000099999999844 0.00000000099999999844 0.00000000099999999844 0.00000000099999999844 0.00000000099999999844 0.00000000099999999844 0.00000000099999999844 0.99999999200000000421 
0.00000000099999999873 0.00000000099999999873 0.00000000099999999873 0.00000000099999999873 0.00000000099999999873 0.00000000099999999873 0.00000000099999999873 0.00000000099999999873 0.99999999199999989319 
0.00000000099999999844 0.00000000099999999844 0.00000000099999999844 0.00000000099999999844 0.00000000099999999844 0.00000000099999999844 0.00000000099999999844 0.00000000099999999844 0.99999999200000000421 
0.00000000099999999840 0.00000000099999999840 0.00000000099999999840 0.00000000099999999840 0.00000000099999999840 0.00000000099999999840 0.00000000099999999840 0.00000000099999999840 0.99999999199999989319 
0.00000000099999999843 0.00000000099999999843 0.00000000099999999843 0.00000000099999999843 0.00000000099999999843 0.00000000099999999843 0.00000000099999999843 0.00000000099999999843 0.99999999200000000421 
0.00000000099999999843 0.00000000099999999843 0.00000000099999999843 0.00000000099999999843 0.00000000099999999843 0.00000000099999999843 0.00000000099999999843 0.00000000099999999843 0.99999999200000000421 
0.00000000099999999842 0.00000000099999999842 0.00000000099999999842 0.00000000099999999842 0.00000000099999999842 0.00000000099999999842 0.00000000099999999842 0.00000000099999999842 0.99999999200000000421 
0.00000000099999999852 0.00000000099999999852 0.00000000099999999852 0.00000000099999999852 0.00000000099999999852 0.00000000099999999852 0.00000000099999999852 0.00000000099999999852 0.99999999200000000421 
0.00000000099999999856 0.00000000099999999856 0.00000000099999999856 0.00000000099999999856 0.00000000099999999856 0.00000000099999999856 0.00000000099999999856 0.00000000099999999856 0.99999999199999989319 
0.00000000099999999854 0.00000000099999999854 0.00000000099999999854 0.00000000099999999854 0.00000000099999999854 0.00000000099999999854 0.00000000099999999854 0.00000000099999999854 0.99999999200000000421 
0.00000000099999999847 0.00000000099999999847 0.00000000099999999847 0.00000000099999999847 0.00000000099999999847 0.00000000099999999847 0.00000000099999999847 0.00000000099999999847 0.99999999199999989319 
0.00000000099999999849 0.00000000099999999849 0.00000000099999999849 0.00000000099999999849 0.00000000099999999849 0.00000000099999999849 0.00000000099999999849 0.00000000099999999849 0.99999999199999989319 
0.00000000099999999848 0.00000000099999999848 0.00000000099999999848 0.00000000099999999848 0.00000000099999999848 0.00000000099999999848 0.00000000099999999848 0.00000000099999999848 0.99999999199999989319 
0.00000000099999999849 0.00000000099999999849 0.00000000099999999849 0.00000000099999999849 0.00000000099999999849 0.00000000099999999849 0.00000000099999999849 0.00000000099999999849 0.99999999200000000421 
0.00000000099999999892 0.00000000099999999892 0.00000000099999999892 0.00000000099999999892 0.00000000099999999892 0.00000000099999999892 0.00000000099999999892 0.00000000099999999892 0.99999999200000000421 
0.00000000099999999848 0.00000000099999999848 0.00000000099999999848 0.00000000099999999848 0.00000000099999999848 0.00000000099999999848 0.00000000099999999848 0.00000000099999999848 0.99999999199999989319 
0.00000000099999999852 0.00000000099999999852 0.00000000099999999852 0.00000000099999999852 0.00000000099999999852 0.00000000099999999852 0.00000000099999999852 0.00000000099999999852 0.99999999199999989319 
0.00000000099999999855 0.00000000099999999855 0.00000000099999999855 0.00000000099999999855 0.00000000099999999855 0.00000000099999999855 0.00000000099999999855 0.00000000099999999855 0.99999999200000000421 
0.00000000099999999856 0.00000000099999999856 0.00000000099999999856 0.00000000099999999856 0.00000000099999999856 0.00000000099999999856 0.00000000099999999856 0.00000000099999999856 0.99999999200000000421 
0.00000000099999999852 0.00000000099999999852 0.00000000099999999852 0.00000000099999999852 0.00000000099999999852 0.00000000099999999852 0.00000000099999999852 0.00000000099999999852 0.99999999200000000421 
0.00000000099999999873 0.00000000099999999873 0.00000000099999999873 0.00000000099999999873 0.00000000099999999873 0.00000000099999999873 0.00000000099999999873 0.00000000099999999873 0.99999999200000000421 
0.00000000099999999896 0.00000000099999999896 0.00000000099999999896 0.00000000099999999896 0.00000000099999999896 0.00000000099999999896 0.00000000099999999896 0.00000000099999999896 0.99999999199999989319 
0.00000000099999999867 0.00000000099999999867 0.00000000099999999867 0.00000000099999999867 0.00000000099999999867 0.00000000099999999867 0.00000000099999999867 0.00000000099999999867 0.99999999199999989319 
0.00000000099999999885 0.00000000099999999885 0.00000000099999999885 0.00000000099999999885 0.00000000099999999885 0.00000000099999999885 0.00000000099999999885 0.00000000099999999885 0.99999999199999989319 
0.00000000099999999866 0.00000000099999999866 0.00000000099999999866 0.00000000099999999866 0.00000000099999999866 0.00000000099999999866 0.00000000099999999866 0.00000000099999999866 0.99999999200000000421 
0.00000000099999999879 0.00000000099999999879 0.00000000099999999879 0.00000000099999999879 0.00000000099999999879 0.00000000099999999879 0.00000000099999999879 0.00000000099999999879 0.99999999199999989319 
0.00000000099999999872 0.00000000099999999872 0.00000000099999999872 0.00000000099999999872 0.00000000099999999872 0.00000000099999999872 0.00000000099999999872 0.00000000099999999872 0.99999999200000000421 
0.00000000099999999871 0.00000000099999999871 0.00000000099999999871 0.00000000099999999871 0.00000000099999999871 0.00000000099999999871 0.00000000099999999871 0.00000000099999999871 0.99999999200000000421 
0.00000000099999999878 0.00000000099999999878 0.00000000099999999878 0.00000000099999999878 0.00000000099999999878 0.00000000099999999878 0.00000000099999999878 0.00000000099999999878 0.99999999200000000421 
0.00000000099999999901 0.00000000099999999901 0.00000000099999999901 0.00000000099999999901 0.00000000099999999901 0.00000000099999999901 0.00000000099999999901 0.00000000099999999901 0.99999999200000000421 
0.00000000099999999868 0.00000000099999999868 0.00000000099999999868 0.00000000099999999868 0.00000000099999999868 0.00000000099999999868 0.00000000099999999868 0.00000000099999999868 0.99999999200000000421 
0.00000000099999999887 0.00000000099999999887 0.00000000099999999887 0.00000000099999999887 0.00000000099999999887 0.00000000099999999887 0.00000000099999999887 0.00000000099999999887 0.99999999200000000421 
0.00000000099999999874 0.00000000099999999874 0.00000000099999999874 0.00000000099999999874 0.00000000099999999874 0.00000000099999999874 0.00000000099999999874 0.00000000099999999874 0.99999999200000000421 
0.00000000099999999870 0.00000000099999999870 0.00000000099999999870 0.00000000099999999870 0.00000000099999999870 0.00000000099999999870 0.00000000099999999870 0.00000000099999999870 0.99999999199999989319 
0.00000000099999999885 0.00000000099999999885 0.00000000099999999885 0.00000000099999999885 0.00000000099999999885 0.00000000099999999885 0.00000000099999999885 0.00000000099999999885 0.99999999199999989319 
0.00000000099999999874 0.00000000099999999874 0.00000000099999999874 0.00000000099999999874 0.00000000099999999874 0.00000000099999999874 0.00000000099999999874 0.00000000099999999874 0.99999999199999989319 
0.00000000099999999878 0.00000000099999999878 0.00000000099999999878 0.00000000099999999878 0.00000000099999999878 0.00000000099999999878 0.00000000099999999878 0.00000000099999999878 0.99999999199999989319 
0.00000000099999999905 0.00000000099999999905 0.00000000099999999905 0.00000000099999999905 0.00000000099999999905 0.00000000099999999905 0.00000000099999999905 0.00000000099999999905 0.99999999200000000421 
0.00000000099999999908 0.00000000099999999908 0.00000000099999999908 0.00000000099999999908 0.00000000099999999908 0.00000000099999999908 0.00000000099999999908 0.00000000099999999908 0.99999999199999989319 
0.00000000099999999921 0.00000000099999999921 0.00000000099999999921 0.00000000099999999921 0.00000000099999999921 0.00000000099999999921 0.00000000099999999921 0.00000000099999999921 0.99999999199999989319 
0.00000000099999999954 0.00000000099999999954 0.00000000099999999954 0.00000000099999999954 0.00000000099999999954 0.00000000099999999954 0.00000000099999999954 0.00000000099999999954 0.99999999199999989319 
0.00000000099999999923 0.00000000099999999923 0.00000000099999999923 0.00000000099999999923 0.00000000099999999923 0.00000000099999999923 0.89211347198150570126 0.10788652101849427467 0.00000000099999999923 
0.00000000099999999906 0.00000000099999999906 0.00000000099999999906 0.00000000099999999906 0.00000000099999999906 0.00000000099999999906 0.83976366720623896178 0.16023632579376084761 0.00000000099999999906 
0.00000000099999999944 0.00000000099999999944 0.00000000099999999944 0.00000000099999999944 0.00000000099999999944 0.00000000099999999944 0.83676535769861304370 0.16323463530138684896 0.00000000099999999944 
0.00000000099999999885 0.00000000099999999885 0.00000000099999999885 0.00000000099999999885 0.00000000099999999885 0.01090945598567435310 0.86894072926416021652 0.12014980875016542661 0.00000000099999999885 
0.00000000099999999896 0.00000000099999999896 0.00000000099999999896 0.00000000099999999896 0.00000000099999999896 0.00806748124610625478 0.90599496129540435518 0.08593755145848920585 0.00000000099999999896 
0.00000000099999999877 0.00000000099999999877 0.00000000099999999877 0.00000000099999999877 0.00000000099999999877 0.00000000099999999877 0.87803645687589948476 0.12196353612410038014 0.00000000099999999877 
0.00000000099999999918 0.00000000099999999918 0.00000000099999999918 0.00000000099999999918 0.00000000099999999918 0.01824282922673730808 0.86278559726184234080 0.11897156751142037856 0.00000000099999999918 
0.00000000099999999886 0.00000000099999999886 0.00000000099999999886 0.00000000099999999886 0.00000000099999999886 0.00000000099999999886 0.89272490446458407920 0.10727508853541593836 0.00000000099999999886 
0.00000000099999999910 0.00000000099999999910 0.00000000099999999910 0.00000000099999999910 0.00000000099999999910 0.00802827761797027251 0.85748103454802848677 0.13449068183400125776 0.00000000099999999910 
0.00000000099999999958 0.00000000099999999958 0.00896705486219460772 0.00000000099999999958 0.00000000099999999958 0.00000000099999999958 0.88991178272014281880 0.10112115641766268592 0.00000000099999999958 
0.00000000099999999895 0.00000000099999999895 0.00000000099999999895 0.00000000099999999895 0.00000000099999999895 0.00000000099999999895 0.88430896507724132682 0.11569102792275846869 0.00000000099999999895 
0.00000000099999999894 0.00000000099999999894 0.00000000099999999894 0.00000000099999999894 0.00000000099999999894 0.00025165757749357148 0.86409005092458646136 0.13565828549791986157 0.00000000099999999894 
0.00000000099999999942 0.00000000099999999942 0.00995244805483234268 0.00000000099999999942 0.00000000099999999942 0.01262051279750616567 0.82451631053934737459 0.15291072360831395316 0.00000000099999999942 
0.00000000099999999914 0.00000000099999999914 0.00000000099999999914 0.00000000099999999914 0.00000000099999999914 0.02131550302697715268 0.86536903269649556592 0.11331545827652726721 0.00000000099999999914 
0.00000000099999999950 0.00000000099999999950 0.00000000099999999950 0.00000000099999999950 0.00000000099999999950 0.00000000099999999950 0.91810919632218745967 0.08189079667781240524 0.00000000099999999950 
0.00000000099999999876 0.00000000099999999876 0.00000000099999999876 0.00000000099999999876 0.00000000099999999876 0.00000000099999999876 0.89232958336978529523 0.10767040963021469457 0.00000000099999999876 
0.00000000099999999933 0.00000000099999999933 0.00000000099999999933 0.00000000099999999933 0.00000000099999999933 0.00976252880697042573 0.79121184110567255310 0.19902562408735705035 0.00000000099999999933 
0.00000000099999999939 0.00000000099999999939 0.00000000099999999939 0.00000000099999999939 0.00000000099999999939 0.00000000099999999939 0.83569132367666776329 0.16430866932333218489 0.00000000099999999939 
0.00000000099999999904 0.00000000099999999904 0.00000000099999999904 0.00000000099999999904 0.00000000099999999904 0.00000000099999999904 0.87886609459412090573 0.12113389840587902857 0.00000000099999999904 
0.00000000099999999905 0.00000000099999999905 0.00000000099999999905 0.00000000099999999905 0.00000000099999999905 0.00000000099999999905 0.87595041842205378924 0.12404957457794611730 0.00000000099999999905 
0.00000000099999999910 0.00000000099999999910 0.00000000099999999910 0.00000000099999999910 0.00000000099999999910 0.03490847930132016247 0.80176126519482415755 0.16333024950385569007 0.00000000099999999910 
0.00000000099999999882 0.00000000099999999882 0.00000000099999999882 0.00000000099999999882 0.00000000099999999882 0.00000035191611171671 0.84202966731802053602 0.15796997476586777109 0.00000000099999999882 
0.00000000099999999909 0.00000000099999999909 0.00000000099999999909 0.00000000099999999909 0.00000000099999999909 0.00000000099999999909 0.87410396833621462065 0.12589602466378535528 0.00000000099999999909 
0.00000000099999999912 0.00000000099999999912 0.00000000099999999912 0.00000000099999999912 0.00000000099999999912 0.00000000099999999912 0.81897519595727308328 0.18102479704272689265 0.00000000099999999912 
0.00000000099999999942 0.00000000099999999942 0.00000000099999999942 0.00000000099999999942 0.00000000099999999942 0.00000000099999999942 0.80490048398831814946 0.19509950901168185422 0.00000000099999999942 
0.00000000099999999893 0.00000000099999999893 0.00000000099999999893 0.00000000099999999893 0.00000000099999999893 0.00000000099999999893 0.87481662172202978578 0.12518337127797024566 0.00000000099999999893 
0.00000000099999999910 0.00000000099999999910 0.00000000099999999910 0.00000000099999999910 0.00000000099999999910 0.00000000099999999910 0.83080596511827764505 0.16919402788172235863 0.00000000099999999910 
0.00428972124809285076 0.00000000099999999986 0.00000000099999999986 0.00000000099999999986 0.00000000099999999986 0.00000000099999999986 0.80145882080503949574 0.19405116852883563805 0.00020028441803215930 
0.00000000099999999953 0.00000000099999999953 0.00000000099999999953 0.00000000099999999953 0.00000000099999999953 0.00000000099999999953 0.87464216998565047501 0.12535782301434941766 0.00000000099999999953 
0.00000000099999999917 0.00000000099999999917 0.00000000099999999917 0.00000000099999999917 0.00000000099999999917 0.00000000099999999917 0.82919604520876422082 0.17080394779123561633 0.00000000099999999917 
0.00000000099999999892 0.00000000099999999892 0.00000000099999999892 0.00000000099999999892 0.00000000099999999892 0.00000000099999999892 0.88523777000688175232 0.11476222299311808484 0.00000000099999999892 
0.00000000099999999963 0.00000000099999999963 0.00506943109133795294 0.00000000099999999963 0.00000000099999999963 0.00000000099999999963 0.90063970786442737460 0.09429085504423471986 0.00000000099999999963 
0.00000000099999999953 0.00000000099999999953 0.00000000099999999953 0.00000000099999999953 0.00000000099999999953 0.00681009225817795407 0.76637321998986640548 0.22681668175195554560 0.00000000099999999953 
0.00000000099999999945 0.00000000099999999945 0.00000000099999999945 0.00000000099999999945 0.00000000099999999945 0.00000005968588024748 0.84161569599407937137 0.15838423832004025482 0.00000000099999999945 
0.00000000099999999932 0.00000000099999999932 0.00000000099999999932 0.00000000099999999932 0.00000000099999999932 0.02875754075140185551 0.79205930850105232821 0.17918314474754581944 0.00000000099999999932 
0.00000000099999999947 0.00000000099999999947 0.00000000099999999947 0.00000000099999999947 0.00000000099999999947 0.02593431703160192781 0.85093897278722618882 0.12312670418117198368 0.00000000099999999947 
0.00000000099999999926 0.00000000099999999926 0.00000000099999999926 0.00000000099999999926 0.00000000099999999926 0.00000000099999999926 0.81473157929587602943 0.18526841370412391874 0.00000000099999999926 
0.00000000099999999933 0.00000000099999999933 0.00000000099999999933 0.00000000099999999933 0.00000000099999999933 0.00000000099999999933 0.81779798289709060288 0.18220201010290937305 0.00000000099999999933 
0.00000000099999999935 0.00000000099999999935 0.00000000099999999935 0.00000000099999999935 0.00000000099999999935 0.00343253255886234602 0.77729711849965354986 0.21927034294148409210 0.00000000099999999935 
0.00000000099999999969 0.00000000099999999969 0.00000000099999999969 0.00000000099999999969 0.00000000099999999969 0.00000000415032292068 0.92964879382978315991 0.07035119601989391069 0.00000000099999999969 
0.00000000099999999940 0.00000000099999999940 0.00000000099999999940 0.00000000099999999940 0.00000000099999999940 0.00000000099999999940 0.89623315812472570396 0.10376683487527427197 0.00000000099999999940 
0.00000000099999999972 0.00000000099999999972 0.00000000099999999972 0.00000000099999999972 0.00000000099999999972 0.02237794703339424443 0.89070164839435450599 0.08692039857225122845 0.00000000099999999972 
0.00000000099999999921 0.00000000099999999921 0.00000000099999999921 0.00000000099999999921 0.00000000099999999921 0.00000000099999999921 0.89538114985108219201 0.10461884314891777004 0.00000000099999999921 
0.00000000099999999909 0.00000000099999999909 0.00000000099999999909 0.00000000099999999909 0.00000000099999999909 0.00630050340886270915 0.83277283953118774740 0.16092665105994960473 0.00000000099999999909 
0.00000000099999999909 0.00000000099999999909 0.00000000099999999909 0.00000000099999999909 0.00000000099999999909 0.00000000099999999909 0.80588447913071104001 0.19411551386928893592 0.00000000099999999909 
0.00000000099999999911 0.00000000099999999911 0.00000000099999999911 0.00000000099999999911 0.00000000099999999911 0.00000000099999999911 0.84197320196156033578 0.15802679103843964015 0.00000000099999999911 
0.00000000099999999914 0.00000000099999999914 0.00000000099999999914 0.00000000099999999914 0.00000000099999999914 0.00178501020693769058 0.85946526192660188670 0.13874972186646047922 0.00000000099999999914 
0.00000000099999999940 0.00000000099999999940 0.00000000099999999940 0.00000000099999999940 0.00000000099999999940 0.00000000099999999940 0.82320834861834468743 0.17679164438165526074 0.00000000099999999940 
0.00000000099999999912 0.00000000099999999912 0.00000000099999999912 0.00000000099999999912 0.00000000099999999912 0.02668902388442293341 0.81321267763700899600 0.16009829247856810497 0.00000000099999999912 
0.00000000099999999928 0.00000000099999999928 0.00000000099999999928 0.00000000099999999928 0.00000000099999999928 0.00000000099999999928 0.80275443112997713069 0.19724556187002287300 0.00000000099999999928 
0.00000000099999999909 0.00000000099999999909 0.00000000099999999909 0.00000000099999999909 0.00000000099999999909 0.03513599053807812261 0.81043750717394213989 0.15442649628797980310 0.00000000099999999909 
0.00000000099999999922 0.00000000099999999922 0.00000000099999999922 0.00000000099999999922 0.00000000099999999922 0.00000000099999999922 0.81710734319277933402 0.18289264980722053089 0.00000000099999999922 
0.00000000099999999936 0.00000000099999999936 0.00000000099999999936 0.00000000099999999936 0.00000000099999999936 0.00000000099999999936 0.94931403064580865969 0.05068596235419128848 0.00000000099999999936 
0.00000000099999999939 0.00000000099999999939 0.00000000099999999939 0.00000000099999999939 0.00000000099999999939 0.01209451765572610617 0.90673272487544043230 0.08117275146883337622 0.00000000099999999939 
0.00000000099999999912 0.00000000099999999912 0.00000000099999999912 0.00000000099999999912 0.00000000099999999912 0.01288464644332093685 0.84563026348930514509 0.14148508406737389520 0.00000000099999999912 
0.00000000099999999924 0.00000000099999999924 0.00000000099999999924 0.00000000099999999924 0.00000000099999999924 0.00290169781524690727 0.88213485393302326631 0.11496344225172992759 0.00000000099999999924 
0.00000000099999999943 0.00000000099999999943 0.00000000099999999943 0.00000000099999999943 0.00000000099999999943 0.00000000099999999943 0.87736620361006878444 0.12263378938993116374 0.00000000099999999943 
0.00000000099999999945 0.00000000099999999945 0.00000000099999999945 0.00000000099999999945 0.00000000099999999945 0.00000000099999999945 0.89429585533613620285 0.10570413766386371757 0.00000000099999999945 
0.00000000099999999908 0.00000000099999999908 0.00000000099999999908 0.00000000099999999908 0.00000000099999999908 0.02945296065857177722 0.87722841276500573837 0.09331862057642248409 0.00000000099999999908 
0.00000000099999999934 0.00000000099999999934 0.00000000099999999934 0.00000000099999999934 0.00000000099999999934 0.00000000099999999934 0.92557736033748472249 0.07442263266251528120 0.00000000099999999934 
0.00000000099999999912 0.00000000099999999912 0.00000000099999999912 0.00000000099999999912 0.00000000099999999912 0.00000000099999999912 0.87819840581209274166 0.12180158718790720651 0.00000000099999999912 
0.00000000099999999953 0.00000000099999999953 0.00000000099999999953 0.00000000099999999953 0.00000000099999999953 0.00000000099999999953 0.87684756505327055010 0.12315242794672925930 0.00000000099999999953 
0.00000000099999999937 0.00000000099999999937 0.00000000099999999937 0.00000000099999999937 0.00000000099999999937 0.00000000099999999937 0.90941841189727179451 0.09058158110272812591 0.00000000099999999937 
0.00000000099999999950 0.00000000099999999950 0.00000000099999999950 0.00000000099999999950 0.00000000099999999950 0.00000000099999999950 0.89873796237751624183 0.10126203062248359532 0.00000000099999999950 
0.00000000099999999920 0.00000000099999999920 0.00000000099999999920 0.00000000099999999920 0.00000000099999999920 0.02382430158473805223 0.86450714847587417644 0.11166854393938784040 0.00000000099999999920 
0.00000000099999999969 0.00000000099999999969 0.00000000099999999969 0.00000000099999999969 0.00000000099999999969 0.00000000099999999969 0.88328878596932858258 0.11671120703067126845 0.00000000099999999969 
0.00000000099999999977 0.00000000099999999977 0.00993209471546651311 0.00000000099999999977 0.00000000099999999977 0.00000000099999999977 0.91861477085770748552 0.07145312747124590858 0.00000000195558014950 
0.00000000099999999991 0.00000000099999999991 0.00000000099999999991 0.00000000099999999991 0.00505245879183638304 0.01837021751367315381 0.84622455055156475812 0.13035276677299442727 0.00000000236993106072 
0.00000000099999999972 0.00000000099999999972 0.00816154123954820378 0.00000000099999999972 0.00000000099999999972 0.00000000099999999972 0.87469214302908793179 0.11714630973136391789 0.00000000099999999972 
0.00000000099999999989 0.00000000099999999989 0.00000000099999999989 0.00000254730033826835 0.00000000099999999989 0.00000000255128430508 0.88925262225064738431 0.11074482289773004973 0.00000000099999999989 
0.00000000099999999986 0.00000000099999999986 0.00183364973459613795 0.00000000099999999986 0.00000000099999999986 0.00528653457945560054 0.83263634780928874601 0.15772162512476600726 0.00252183875189347954 
0.00000000099999999974 0.00000000099999999974 0.00496303113737468077 0.00000000099999999974 0.00000000099999999974 0.00000111266906375718 0.91218571447810614661 0.08285013671545551905 0.00000000099999999974 
0.00000000099999999931 0.00000000099999999931 0.00000000099999999931 0.00000000099999999931 0.00000000099999999931 0.98912086913230978791 0.00000000099999999931 0.01087912386769016720 0.00000000099999999931 
0.00000000099999999924 0.00000000099999999924 0.00000000099999999924 0.00000000099999999924 0.00000000099999999924 0.99999999200000011523 0.00000000099999999924 0.00000000099999999924 0.00000000099999999924 
0.00000000099999999954 0.00000000099999999954 0.00000000099999999954 0.00000000099999999954 0.00000000099999999954 0.97986327828330077594 0.01352051960910599648 0.00661619610759331574 0.00000000099999999954 
0.00000000099999999981 0.00000000099999999981 0.00099459514485128421 0.00000000099999999981 0.00000000099999999981 0.99900539785514874680 0.00000000099999999981 0.00000000099999999981 0.00000000099999999981 
0.00000000099999999920 0.00000000099999999920 0.00000000099999999920 0.00000000099999999920 0.00000000099999999920 0.99352308027943814217 0.00003022988274036034 0.00644668383782134955 0.00000000099999999920 
0.00000000099999999937 0.00000000099999999937 0.00000000099999999937 0.00000000099999999937 0.00000000099999999937 0.99989075697262441711 0.00000000099999999937 0.00010923602737555118 0.00000000099999999937 
0.00000000099999999949 0.00000000099999999949 0.00000000099999999949 0.00000000099999999949 0.00000000099999999949 0.99406956892498166134 0.00000000099999999949 0.00593042407501833454 0.00000000099999999949 
0.00000000099999999938 0.00000000099999999938 0.00000000099999999938 0.00000000099999999938 0.00000000099999999938 0.99327161773078243012 0.00000000384185905089 0.00672837242735853554 0.00000000099999999938 
0.00000000099999999931 0.00000000099999999931 0.00000000099999999931 0.00000000099999999931 0.00000000099999999931 0.99522615825641413956 0.00000000099999999931 0.00477383474358584938 0.00000000099999999931 
0.00000000099999999969 0.00000000099999999969 0.00000000099999999969 0.00000000099999999969 0.00000000099999999969 0.99999999200000000421 0.00000000099999999969 0.00000000099999999969 0.00000000099999999969 
0.00000000099999999930 0.00000000099999999930 0.00000000099999999930 0.00000000099999999930 0.00000000099999999930 0.99999999200000000421 0.00000000099999999930 0.00000000099999999930 0.00000000099999999930 
0.00000000099999999921 0.00000000099999999921 0.00000000099999999921 0.00000000099999999921 0.00000000099999999921 0.97787053475593899154 0.02073283231254862552 0.00139662693151246611 0.00000000099999999921 
0.00000000099999999929 0.00000000099999999929 0.00000000099999999929 0.00000000099999999929 0.00000000099999999929 0.99999999200000000421 0.00000000099999999929 0.00000000099999999929 0.00000000099999999929 
0.00000000099999999936 0.00000000099999999936 0.00000000099999999936 0.00000000099999999936 0.00000000099999999936 0.98982377109271146853 0.01017622190728859934 0.00000000099999999936 0.00000000099999999936 
0.00000000099999999960 0.00000000099999999960 0.00000000099999999960 0.00000000099999999960 0.00000000099999999960 0.99893931168894267714 0.00000000099999999960 0.00000000099999999960 0.00106068131105737707 
0.00000000099999999939 0.00000000099999999939 0.00000000099999999939 0.00000000099999999939 0.00000000099999999939 0.96399565226975081345 0.00000000099999999939 0.03600434073024914861 0.00000000099999999939 
0.00000000099999999952 0.00000000099999999952 0.00000000099999999952 0.00000000099999999952 0.00000000099999999952 0.99530789565214672354 0.00237788141678303569 0.00231421693107023135 0.00000000099999999952 
0.00000000099999999903 0.00000000099999999903 0.00000000099999999903 0.00000000099999999903 0.00000000099999999903 0.99999999200000011523 0.00000000099999999903 0.00000000099999999903 0.00000000099999999903 
0.00000000099999999960 0.00000000099999999960 0.00435796947219066217 0.00000000099999999960 0.00000000099999999960 0.95803050678472689849 0.01377397744418920426 0.02383754129889330275 0.00000000099999999960 
0.00000000099999999968 0.00000000099999999968 0.00000000099999999968 0.00289561589845289914 0.00000000099999999968 0.90690304947924016421 0.01892377287443842288 0.07127755674786857842 0.00000000099999999968 
0.00000000099999999973 0.00000000099999999973 0.00000000099999999973 0.00000000099999999973 0.00000000099999999973 0.91974323078182562696 0.08025676221817447387 0.00000000099999999973 0.00000000099999999973 
0.00000000099999999986 0.00000000099999999986 0.00944020180915051618 0.00000000099999999986 0.00000000099999999986 0.92020046312743752903 0.00000000099999999986 0.07035932906341196835 0.00000000099999999986 
0.00000000099999999957 0.00000000099999999957 0.00520051853741498437 0.00000000099999999957 0.00000000099999999957 0.86465035553319080641 0.06918034236703508866 0.06096877856235919518 0.00000000099999999957 
0.00273388868605522334 0.00000000099999999992 0.00000000099999999992 0.00000000099999999992 0.00063227594644492673 0.89222980244714666931 0.02798932589364660356 0.07641470302670660963 0.00000000099999999992 
0.00124030795361464836 0.00000000099999999990 0.00000000099999999990 0.00000000099999999990 0.00000000099999999990 0.95589510410832534415 0.01818992945816493012 0.02466448482906514333 0.00001016965082981875 
0.00000000099999999974 0.00000000099999999974 0.00000000099999999974 0.00461574631344544885 0.00000000099999999974 0.89274813727006396835 0.03312512243615339802 0.06951098898033720996 0.00000000099999999974 
0.00000000109477828966 0.00000000099999999993 0.00000000099999999993 0.00000000099999999993 0.00244088744100254360 0.90282580384342481228 0.03623510247287715924 0.05849820114791725451 0.00000000099999999993 
0.00000000099999999990 0.00000000099999999990 0.00000000099999999990 0.00000000099999999990 0.00120303775667856497 0.94748648830279280642 0.00082466072826942931 0.05048580821225902987 0.00000000099999999990 
0.00000000099999999965 0.00000000099999999965 0.00237586886193037836 0.00000000099999999965 0.00000000099999999965 0.96072321947183114688 0.00000000099999999965 0.03690090566623852042 0.00000000099999999965 
0.00000000099999999969 0.00000000099999999969 0.00000000099999999969 0.00000000099999999969 0.00000000099999999969 0.90866992858890960338 0.00779404330815130185 0.08353602210293921415 0.00000000099999999969 
0.00000000099999999946 0.00000000099999999946 0.00522306287436306513 0.00000000099999999946 0.00000000099999999946 0.93073152296981964682 0.00000000099999999946 0.06404540815581717672 0.00000000099999999946 
0.00000000099999999971 0.00000000099999999971 0.00699468417701894739 0.00000000099999999971 0.00000000099999999971 0.84512684204742105631 0.10701617425332014821 0.04086229452223977959 0.00000000099999999971 
0.00000000099999999992 0.00000000099999999992 0.00159819013131937073 0.00000000099999999992 0.00629192626011176089 0.88928408608279885250 0.03610005166687907385 0.06672574185889082465 0.00000000099999999992 
0.00000000099999999982 0.00000000099999999982 0.00000000099999999982 0.00000000099999999982 0.00000000099999999982 0.89743622663954358831 0.07005822586221871484 0.03250554149823769307 0.00000000099999999982 
0.00000000099999999960 0.00000000099999999960 0.00000000099999999960 0.00000000099999999960 0.00000000099999999960 0.91221895524500229424 0.00000000099999999960 0.08778103775499762618 0.00000000099999999960 
0.00000000099999999942 0.00000000099999999942 0.00000000099999999942 0.00000000099999999942 0.00000000099999999942 0.84026426868747838839 0.08174038435290614801 0.07799534095961546676 0.00000000099999999942 
0.00000000099999999970 0.00000000099999999970 0.00168734364489358797 0.00000000099999999970 0.00000000099999999970 0.87740390449260552419 0.06955638780031186963 0.05135235906218902496 0.00000000099999999970 
0.00000000099999999996 0.00000000099999999996 0.01287089443854995754 0.00000000099999999996 0.00000000099999999996 0.82945316642082611569 0.09713713865315258544 0.06053879548747127803 0.00000000099999999996 
0.00000000099999999999 0.00000000099999999999 0.00434463208238834459 0.00000000099999999999 0.00000000099999999999 0.68521844148974819788 0.06428306883471010535 0.24615385259315325506 0.00000000099999999999 
0.00000000099999999998 0.00000000099999999998 0.03958573522613055562 0.00000000099999999998 0.00000000099999999998 0.57425242389584374436 0.28071043398148992631 0.10545140189653584573 0.00000000099999999998 
0.00000000099999999955 0.00000000099999999955 0.00000000099999999955 0.00000000099999999955 0.00000000099999999955 0.89598635449843666567 0.03157740513748991118 0.06627097356354019753 0.00616526180053320657 
0.00000000099999999997 0.00000000099999999997 0.02383496555625934030 0.00000000099999999997 0.00000000099999999997 0.75840988146769072742 0.11658126251384222372 0.10117388546220761059 0.00000000099999999997 
0.00000000099999999998 0.00319802201339939446 0.00000000099999999998 0.00000000099999999998 0.00000000099999999998 0.49414546872804615552 0.23370490809687885503 0.26895159616167563232 0.00000000099999999998 
0.00000000099999999978 0.00000000099999999978 0.00000000099999999978 0.00000000099999999978 0.00000000099999999978 0.94786653107813612085 0.03331300309748904537 0.01882045982437495490 0.00000000099999999978 
0.00000000099999999998 0.00000000099999999998 0.00000000099999999998 0.00000000099999999998 0.00000000099999999998 0.56165584332708373694 0.42743442487332272695 0.00000000099999999998 0.01090972579959352887 
0.00000000099999999981 0.00000000099999999981 0.00000000099999999981 0.00000000099999999981 0.00000000099999999981 0.85282031271814739970 0.09401568953103628390 0.03745074360514836359 0.01571324914566782707 
0.00000000099999999988 0.00000000099999999988 0.00000000099999999988 0.00000000099999999988 0.00000000099999999988 0.96003688293266820075 0.02138071365050125613 0.01691255448107474926 0.00166984393575570389 
0.00000000099999999955 0.00000000099999999955 0.00000000099999999955 0.00000000099999999955 0.00000000099999999955 0.86389862462692690315 0.11654478811377155800 0.01155299277264502412 0.00800358948665634388 
0.00000000099999999981 0.00000000099999999981 0.00000000099999999981 0.00000000099999999981 0.00000000099999999981 0.88572440557625697899 0.08924532277699397109 0.02304671540284888506 0.00198355124390021259 
0.00000000099999999913 0.00000000099999999913 0.00000000099999999913 0.00000000099999999913 0.00000000099999999913 0.92193752660555416956 0.03701047387080967643 0.04105199352363628207 0.00000000099999999913 
0.00000000099999999947 0.00000000099999999947 0.00000000099999999947 0.00000000099999999947 0.00000000099999999947 0.95706201537740920315 0.02644228563156511211 0.01649569299102570177 0.00000000099999999947 
0.00000000099999999967 0.00000000099999999967 0.00000000099999999967 0.00000000099999999967 0.00000000099999999967 0.20307419200968715445 0.76625585510419325086 0.03066994688611959785 0.00000000099999999967 
0.00000000099999999956 0.00000000099999999956 0.00000000099999999956 0.00000000099999999956 0.00000000099999999956 0.29721513431201318500 0.66803712400888204392 0.03474773567910476035 0.00000000099999999956 
0.25594753933038960625 0.08017613577807215786 0.00000000099999999993 0.00000000099999999993 0.00000000099999999993 0.25647474096066913418 0.37674687477988683115 0.03065470515098202633 0.00000000099999999993 
0.00000000099999999990 0.00000000099999999990 0.00000000099999999990 0.00000000099999999990 0.00275923493064668748 0.19695096174333828754 0.73944275514656221393 0.05730295740791003373 0.00354408677154275124 
0.00180647835328164703 0.00000000099999999994 0.00000000099999999994 0.00021043634570628545 0.00000000099999999994 0.18198255909449981282 0.77982977297811173489 0.03443531000640551176 0.00173544022199505709 
0.28455112076044830616 0.06781002549495618315 0.00000000099999999993 0.00000000099999999993 0.00000000099999999993 0.17262371014125615920 0.46572384180110854013 0.00929129780223070245 0.00000000099999999993 
0.21881114852227323553 0.06015889189277937033 0.00000000099999999993 0.00000000099999999993 0.00000000099999999993 0.19660976763459425687 0.47238956464651549183 0.05203062330383759204 0.00000000099999999993 
0.22870277922249915292 0.04635853378558785903 0.00000000099999999994 0.00000000099999999994 0.00000000099999999994 0.21307788514148615078 0.49875520398174449932 0.01310559386868210760 0.00000000099999999994 
0.23752537716619187558 0.00000000099999999996 0.00000000099999999996 0.00000000099999999996 0.00000000099999999996 0.22419711711526776887 0.51692770078389571609 0.02134979993464469067 0.00000000099999999996 
0.21229200261854330734 0.00472078322255404127 0.00000000099999999999 0.00000000099999999999 0.01912642820823815329 0.17424646726043807599 0.55095772410877208447 0.03865659158145440255 0.00000000099999999999 
0.00000000099999999937 0.00000000099999999937 0.00000000099999999937 0.00000000099999999937 0.00000000099999999937 0.22641190846044972895 0.74579546885450376248 0.02779261668504654642 0.00000000099999999937 
0.26456770636777876549 0.00000000099999999995 0.00000000099999999995 0.00000000099999999995 0.02217759607000691080 0.11803472390488892185 0.59514236780045381980 0.00007760185687154388 0.00000000099999999995 
0.00477091761400881553 0.00095944304141098915 0.00000000138919917862 0.00000000099999999996 0.00000000099999999996 0.22101458102788265614 0.72897975360839339931 0.03932778939023896803 0.00494751192886586609 
0.28343184281495870103 0.04921850759811015330 0.00000000099999999994 0.00000000099999999994 0.00000000099999999994 0.16157934818763011742 0.46509557085866154447 0.04067472654063943732 0.00000000099999999994 
0.00000000099999999942 0.00000000099999999942 0.00000000099999999942 0.00000000099999999942 0.00000000099999999942 0.18682138740851939041 0.76739013066194794455 0.04578847592953264045 0.00000000099999999942 
0.00000000099999999945 0.00000000099999999945 0.00000000099999999945 0.00000000099999999945 0.00000000099999999945 0.18470960096255270577 0.76112103003152020708 0.05416936300592704867 0.00000000099999999945 
0.29702545286163284377 0.00000000099999999997 0.00195631943952262336 0.00000000099999999997 0.00000000099999999997 0.03309725698319963133 0.64648835270620808036 0.01700259951807876063 0.00443001549135814410 
0.00000000099999999934 0.00000000099999999934 0.00000000099999999934 0.00000000099999999934 0.00000000099999999934 0.26925873635163544151 0.69876386266661627555 0.03197739498174808487 0.00000000099999999934 
