0.00000000099999999915 0.00000000099999999915 0.00000000099999999915 0.00000000099999999915 0.99999999599999989108 
0.00000000099999999919 0.00000000099999999919 0.00000000099999999919 0.00000000099999999919 0.99999999600000000211 
0.00000000099999999917 0.00000000099999999917 0.00000000099999999917 0.00000000099999999917 0.99999999600000000211 
0.00000000099999999919 0.00000000099999999919 0.00000000099999999919 0.00000000099999999919 0.99999999600000000211 
0.00000000099999999922 0.00000000099999999922 0.00000000099999999922 0.00000000099999999922 0.99999999599999989108 
0.00000000099999999922 0.00000000099999999922 0.00000000099999999922 0.00000000099999999922 0.99999999600000000211 
0.00000000099999999916 0.00000000099999999916 0.00000000099999999916 0.00000000099999999916 0.99999999599999989108 
0.00000000099999999923 0.00000000099999999923 0.00000000099999999923 0.00000000099999999923 0.99999999600000000211 
0.00000000099999999918 0.00000000099999999918 0.00000000099999999918 0.00000000099999999918 0.99999999599999989108 
0.00000000099999999924 0.00000000099999999924 0.00000000099999999924 0.00000000099999999924 0.99999999600000000211 
0.00000000099999999921 0.00000000099999999921 0.00000000099999999921 0.00000000099999999921 0.99999999600000000211 
0.00000000099999999935 0.00000000099999999935 0.00000000099999999935 0.00000000099999999935 0.99999999600000000211 
0.00000000099999999921 0.00000000099999999921 0.00000000099999999921 0.00000000099999999921 0.99999999599999989108 
0.00000000099999999918 0.00000000099999999918 0.00000000099999999918 0.00000000099999999918 0.99999999599999989108 
0.00000000099999999920 0.00000000099999999920 0.00000000099999999920 0.00000000099999999920 0.99999999600000000211 
0.00000000099999999920 0.00000000099999999920 0.00000000099999999920 0.00000000099999999920 0.99999999599999989108 
0.00000000099999999919 0.00000000099999999919 0.00000000099999999919 0.00000000099999999919 0.99999999599999989108 
0.00000000099999999926 0.00000000099999999926 0.00000000099999999926 0.00000000099999999926 0.99999999599999989108 
0.00000000099999999926 0.00000000099999999926 0.00000000099999999926 0.00000000099999999926 0.99999999599999989108 
0.00000000099999999925 0.00000000099999999925 0.00000000099999999925 0.00000000099999999925 0.99999999600000000211 
0.00000000099999999922 0.00000000099999999922 0.00000000099999999922 0.00000000099999999922 0.99999999599999989108 
0.00000000099999999924 0.00000000099999999924 0.00000000099999999924 0.00000000099999999924 0.99999999600000000211 
0.00000000099999999922 0.00000000099999999922 0.00000000099999999922 0.00000000099999999922 0.99999999599999989108 
0.00000000099999999923 0.00000000099999999923 0.00000000099999999923 0.00000000099999999923 0.99999999599999989108 
0.00000000099999999944 0.00000000099999999944 0.00000000099999999944 0.00000000099999999944 0.99999999599999989108 
0.00000000099999999921 0.00000000099999999921 0.00000000099999999921 0.00000000099999999921 0.99999999599999989108 
0.00000000099999999924 0.00000000099999999924 0.00000000099999999924 0.00000000099999999924 0.99999999600000000211 
0.00000000099999999925 0.00000000099999999925 0.00000000099999999925 0.00000000099999999925 0.99999999599999989108 
0.00000000099999999926 0.00000000099999999926 0.00000000099999999926 0.00000000099999999926 0.99999999599999989108 
0.00000000099999999924 0.00000000099999999924 0.00000000099999999924 0.00000000099999999924 0.99999999600000000211 
0.00000000099999999935 0.00000000099999999935 0.00000000099999999935 0.00000000099999999935 0.99999999600000000211 
0.00000000099999999947 0.00000000099999999947 0.00000000099999999947 0.00000000099999999947 0.99999999600000000211 
0.00000000099999999932 0.00000000099999999932 0.00000000099999999932 0.00000000099999999932 0.99999999600000000211 
0.00000000099999999942 0.00000000099999999942 0.00000000099999999942 0.00000000099999999942 0.99999999600000000211 
0.00000000099999999931 0.00000000099999999931 0.00000000099999999931 0.00000000099999999931 0.99999999600000000211 
0.00000000099999999938 0.00000000099999999938 0.00000000099999999938 0.00000000099999999938 0.99999999599999989108 
0.00000000099999999933 0.00000000099999999933 0.00000000099999999933 0.00000000099999999933 0.99999999600000000211 
0.00000000099999999934 0.00000000099999999934 0.00000000099999999934 0.00000000099999999934 0.99999999599999989108 
0.00000000099999999936 0.00000000099999999936 0.00000000099999999936 0.00000000099999999936 0.99999999600000000211 
0.00000000099999999951 0.00000000099999999951 0.00000000099999999951 0.00000000099999999951 0.99999999600000000211 
0.00000000099999999932 0.00000000099999999932 0.00000000099999999932 0.00000000099999999932 0.99999999600000000211 
0.00000000099999999941 0.00000000099999999941 0.00000000099999999941 0.00000000099999999941 0.99999999599999989108 
0.00000000099999999935 0.00000000099999999935 0.00000000099999999935 0.00000000099999999935 0.99999999599999989108 
0.00000000099999999933 0.00000000099999999933 0.00000000099999999933 0.00000000099999999933 0.99999999599999989108 
0.00000000099999999941 0.00000000099999999941 0.00000000099999999941 0.00000000099999999941 0.99999999599999989108 
0.00000000099999999935 0.00000000099999999935 0.00000000099999999935 0.00000000099999999935 0.99999999599999989108 
0.00000000099999999938 0.00000000099999999938 0.00000000099999999938 0.00000000099999999938 0.99999999600000000211 
0.00000000099999999951 0.00000000099999999951 0.00000000099999999951 0.00000000099999999951 0.99999999600000000211 
0.00000000099999999953 0.00000000099999999953 0.00000000099999999953 0.00000000099999999953 0.99999999599999989108 
0.00000000099999999960 0.00000000099999999960 0.00000000099999999960 0.00000000099999999960 0.99999999599999989108 
0.00000000099999999977 0.00000000099999999977 0.00000000099999999977 0.00000000099999999977 0.99999999600000000211 
0.40167483869092523996 0.00000000099999999984 0.00000000099999999984 0.59832515830907451182 0.00000000099999999984 
0.44331226705868548299 0.00000000099999999964 0.00000000099999999964 0.55668772994131454634 0.00000000099999999964 
0.48793773893763991989 0.00000000099999999985 0.00000000099999999985 0.51206225806235983189 0.00000000099999999985 
0.39254259469959912332 0.00000000099999999948 0.00000000099999999948 0.60745740230040079499 0.00000000099999999948 
0.39568138073800213084 0.00000000099999999955 0.00000000099999999955 0.60431861626199778748 0.00000000099999999955 
0.40207421405801024861 0.00000000099999999946 0.00000000099999999946 0.59792578294198950317 0.00000000099999999946 
0.39543270754121656596 0.00000000099999999971 0.00000000099999999971 0.60456728945878324133 0.00000000099999999971 
0.37388504885943890654 0.00000000099999999952 0.00000000099999999952 0.62611494814056090075 0.00000000099999999952 
0.40437557064274515239 0.00000000099999999963 0.00000000099999999963 0.59562442635725476592 0.00000000099999999963 
0.39859420126133532358 0.00000000099999999997 0.00450731664435816137 0.59689848009430634956 0.00000000099999999997 
0.42573519399895054516 0.00000000099999999959 0.00000000099999999959 0.57426480300104931764 0.00000000099999999959 
0.42134508990182945043 0.00000000099999999955 0.00000000099999999955 0.57865490709817046788 0.00000000099999999955 
0.42688511896660413791 0.00000000099999999994 0.00455606366183741555 0.56855881537155839034 0.00000000099999999994 
0.42993696574748979655 0.00000000099999999963 0.00000000099999999963 0.57006303125251001074 0.00000000099999999963 
0.37928065126669280316 0.00000000099999999982 0.00000000099999999982 0.62071934573330711515 0.00000000099999999982 
0.39223538989511225195 0.00000000099999999948 0.00000000099999999948 0.60776460710488766637 0.00000000099999999948 
0.48774923246190260429 0.00000000099999999972 0.00000000099999999972 0.51225076453809736954 0.00000000099999999972 
0.48087297712633175761 0.00000000099999999988 0.00000000099999999988 0.51912701987366804968 0.00000000099999999988 
0.43147288418335205673 0.00000000099999999958 0.00000000099999999958 0.56852711281664791709 0.00000000099999999958 
0.41949694226008854558 0.00000000099999999959 0.00000000099999999959 0.58050305473991137273 0.00000000099999999959 
0.41063528563226731061 0.00000000099999999964 0.00000000099999999964 0.58936471136773249668 0.00000000099999999964 
0.40780487204278481617 0.00000000099999999946 0.00000000099999999946 0.59219512495721515766 0.00000000099999999946 
0.44318766725442265697 0.00000000099999999965 0.00000000099999999965 0.55681232974557715032 0.00000000099999999965 
0.46461156546502513365 0.00000000099999999963 0.00000000099999999963 0.53538843153497472915 0.00000000099999999963 
0.49161985414513187376 0.00000000099999999978 0.00000000099999999978 0.50838014285486810007 0.00000000099999999978 
0.40520046070707754771 0.00000000099999999958 0.00000000099999999958 0.59479953629292225958 0.00000000099999999958 
0.46551310009986424099 0.00000000099999999964 0.00000000099999999964 0.53448689690013573284 0.00000000099999999964 
0.45345204263330812777 0.00000000099999999995 0.00457754542393381831 0.54149418625118506121 0.00047622469157299351 
0.39847119301810673964 0.00110887745441374977 0.00000000099999999996 0.60041992752747930240 0.00000000099999999996 
0.44957971995597817427 0.00000000099999999966 0.00000000099999999966 0.55042027704402174404 0.00000000099999999966 
0.38379166188075830579 0.00000000099999999958 0.00000000099999999958 0.61620833511924155701 0.00000000099999999958 
0.42737460744124067258 0.00026400592000194533 0.00099829133342530115 0.56882557203571293414 0.00253752326961909254 
0.53923801550856775844 0.00000000099999999981 0.00000000099999999981 0.46076198149143232641 0.00000000099999999981 
0.45990181858437423346 0.00000000099999999978 0.00000000099999999978 0.54009817841562568486 0.00000000099999999978 
0.47240484078146233182 0.00000000099999999970 0.00000000099999999970 0.52759515621853758649 0.00000000099999999970 
0.42138571540529451420 0.00000000099999999977 0.00000000099999999977 0.57861428159470540411 0.00000000099999999977 
0.48350951612044124062 0.00000000099999999968 0.00000000099999999968 0.51649048087955873321 0.00000000099999999968 
0.48245989970817915182 0.00000000099999999973 0.00000000099999999973 0.51754009729182082200 0.00000000099999999973 
0.51854046272548304231 0.00000000099999999971 0.00000000099999999971 0.48145953427451693152 0.00000000099999999971 
0.42082226106026837664 0.00017052659616931482 0.00095998840364627715 0.57804722293991606108 0.00000000099999999999 
0.42365077318335991885 0.00000000099999999982 0.00000000099999999982 0.57634922381664011048 0.00000000099999999982 
0.43517618686026549035 0.00000000099999999992 0.00000000099999999992 0.56482381013973448347 0.00000000099999999992 
0.41219260453186873372 0.00000000099999999974 0.00000000099999999974 0.58780739246813118459 0.00000000099999999974 
0.47526339235471398714 0.00000000099999999958 0.00000000099999999958 0.52473660464528593117 0.00000000099999999958 
0.45505617663054015454 0.00000000099999999957 0.00000000099999999957 0.54494382036945965275 0.00000000099999999957 
0.47126462487590659034 0.00000000099999999961 0.00000000099999999961 0.52873537212409327246 0.00000000099999999961 
0.45314450402642997284 0.00000000099999999962 0.00000000099999999962 0.54685549297356994547 0.00000000099999999962 
0.49551319118484599135 0.00000000099999999987 0.00000000099999999987 0.50448680581515392696 0.00000000099999999987 
0.44763805721067057020 0.00000000099999999958 0.00000000099999999958 0.55236193978932923709 0.00000000099999999958 
0.49884924245179257385 0.00000000099999999977 0.00000000099999999977 0.50115075454820723344 0.00000000099999999977 
0.43377748991336317896 0.00000000099999999961 0.00000000099999999961 0.56622250708663668384 0.00000000099999999961 
0.48859370176500577232 0.00000000099999999966 0.00000000099999999966 0.51140629523499403497 0.00000000099999999966 
0.46189391908979238188 0.00000000099999999973 0.00000000099999999973 0.53810607791020748092 0.00000000099999999973 
0.41898732732567900428 0.00000000099999999977 0.00000000099999999977 0.58101266967432085853 0.00000000099999999977 
0.44364098049372502341 0.00000000099999999966 0.00000000099999999966 0.55635901650627483939 0.00000000099999999966 
0.42576875877202280396 0.00000000099999999967 0.00000000099999999967 0.57423123822797705884 0.00000000099999999967 
0.43599461033854342018 0.00000000099999999979 0.00000000099999999979 0.56400538666145649813 0.00000000099999999979 
0.45555826403568000504 0.00000000099999999981 0.00000000099999999981 0.54413908215326378670 0.00030265181105615504 
0.44060429434943626514 0.00000000099999999961 0.00000000099999999961 0.55939570265056348664 0.00000000099999999961 
0.42731260420957178914 0.00000000099999999979 0.00000000099999999979 0.57268739279042801815 0.00000000099999999979 
0.46943526869566476467 0.00000000099999999958 0.00000000099999999958 0.53056472830433509813 0.00000000099999999958 
0.48978738465468363295 0.00000000099999999988 0.00000000099999999988 0.51021261234531611883 0.00000000099999999988 
0.46355254794873268498 0.00000000099999999983 0.00000000099999999983 0.53497087516365537940 0.00147657488761173392 
0.47925381202867506358 0.00000000099999999994 0.00000000099999999994 0.52061685607760344041 0.00012932989372147434 
0.43167167133672879054 0.00000000099999999978 0.00000000099999999978 0.56832832566327096124 0.00000000099999999978 
0.49960282605381428622 0.00000000099999999988 0.00000000099999999988 0.50039717094618563209 0.00000000099999999988 
0.38658209634748419425 0.00087582755700190524 0.00401060110471341148 0.60428575346434854065 0.00424572152645199662 
0.43903007474789634834 0.00020604384335649843 0.00350705832955736443 0.55556078427712374257 0.00169603880206608540 
0.44630961343722191925 0.00137654531619233324 0.00217885469036237060 0.54976150725299788302 0.00037347930322544450 
0.46247038922606603650 0.00000000099999999999 0.00104552501462244676 0.53598955530820413529 0.00049452945110720634 
0.47271409184101764733 0.00186440449287856029 0.00000000100000000000 0.52233484364581739268 0.00308665902028639047 
0.42926710791709465909 0.00000000099999999997 0.00184971309604495390 0.56620323106576830874 0.00267994692109196865 
0.00956937623105783355 0.00000000099999999968 0.00000000099999999968 0.99043062076894217149 0.00000000099999999968 
0.00000000099999999966 0.00000000099999999966 0.00000000099999999966 0.99999999599999989108 0.00000000099999999966 
0.00700528073078128966 0.00000000099999999981 0.00000000099999999981 0.99299471626921864686 0.00000000099999999981 
0.00000000099999999994 0.00000000099999999994 0.00000000099999999994 0.99999999599999989108 0.00000000099999999994 
0.00000000099999999962 0.00000000099999999962 0.00000000099999999962 0.99999999599999989108 0.00000000099999999962 
0.00000000099999999970 0.00000000099999999970 0.00000000099999999970 0.99999999599999989108 0.00000000099999999970 
0.00173988922530284485 0.00000000099999999974 0.00000000099999999974 0.99826010777469720292 0.00000000099999999974 
0.00595208445693342410 0.00000000099999999972 0.00000000099999999972 0.99404791254306656967 0.00000000099999999972 
0.00192564301618405724 0.00000000099999999967 0.00000000099999999967 0.99807435398381583180 0.00000000099999999967 
0.00000000099999999988 0.00000000099999999988 0.00000000099999999988 0.99941311143046840382 0.00058688556953151916 
0.00000000099999999966 0.00000000099999999966 0.00000000099999999966 0.99999999599999989108 0.00000000099999999966 
0.00375020892042880055 0.00000000099999999961 0.00000000099999999961 0.99624978807957109694 0.00000000099999999961 
0.00000000099999999965 0.00000000099999999965 0.00000000099999999965 0.99999999600000000211 0.00000000099999999965 
0.00000000099999999969 0.00000000099999999969 0.00000000099999999969 0.99999999600000000211 0.00000000099999999969 
0.00000000099999999980 0.00000000099999999980 0.00000000099999999980 0.99888880931108359196 0.00111118768891646925 
0.03020506245049197486 0.00000000099999999971 0.00000000099999999971 0.96979493454950804754 0.00000000099999999971 
0.00272809375022783299 0.00000000099999999978 0.00000000099999999978 0.99727190324977221803 0.00000000099999999978 
0.00000000099999999953 0.00000000099999999953 0.00000000099999999953 0.99999999600000000211 0.00000000099999999953 
0.01140542833545972294 0.00000000099999999999 0.00174839394254762697 0.98655323031221575647 0.00029294640977695188 
0.05091383755165599517 0.00198664735708848272 0.00000000099999999998 0.94709951309125539609 0.00000000099999999998 
0.00000000099999999987 0.00000000099999999987 0.00000000099999999987 0.99999999600000000211 0.00000000099999999987 
0.05124737166250657727 0.00000000099999999999 0.00420079086279126317 0.94211847159979489330 0.00243336487490718092 
0.07058824561568308176 0.00000000099999999993 0.00175078887726586073 0.92766096350705107287 0.00000000099999999993 
0.06328793490237674679 0.00000000099999999996 0.00309713566087706184 0.93361492743674612260 0.00000000099999999996 
0.00978642423030644248 0.00000000099999999994 0.00096971554866127820 0.98906779598512306606 0.00017606323590927777 
0.06093990060515454971 0.00000000099999999998 0.00244976562805281853 0.93661033176679264756 0.00000000099999999998 
0.03841853166083560034 0.00000000099999999997 0.00182086525721417885 0.95968447396354572554 0.00007612811840436548 
0.02950494934674100303 0.00083085898317530882 0.00026489477897566083 0.96939929589110795938 0.00000000100000000000 
0.02307112791031875818 0.00111705829968094215 0.00000000099999999998 0.97515265352773905505 0.00065915926226120373 
0.05923702235135626382 0.00000000099999999988 0.00000000099999999988 0.94076297464864377940 0.00000000099999999988 
0.03885725093640813449 0.00110287468505240152 0.00037248158186279701 0.95926426487142701927 0.00040312792524959930 
0.04020438934746310700 0.00000000099999999999 0.00295743926714743663 0.95603739251478647709 0.00080077787060299358 
0.05668529819747984699 0.00000000099999999999 0.00560392713743676149 0.93771077266508340298 0.00000000099999999999 
0.01998321507895949034 0.00000000099999999995 0.00000000099999999995 0.98001678192104046961 0.00000000099999999995 
0.05938337169174657398 0.00000000099999999982 0.00000000099999999982 0.94061662530825340678 0.00000000099999999982 
0.07804600108661695346 0.00000000099999999973 0.00000000099999999973 0.92195399591338311751 0.00000000099999999973 
0.04361993058048932448 0.00000000099999999996 0.00013070659902032495 0.95624936082049027952 0.00000000099999999996 
0.07685021099753097662 0.00812085834239409214 0.00000000099999999999 0.91148894357794485455 0.00353998608212995058 
0.11971419894674885376 0.00000000100000000000 0.00250150356963675614 0.87688335917277537845 0.00090093731083911160 
0.16547039812203520603 0.00000000100000000000 0.00981579243220306007 0.81570583753554148920 0.00900797091022026257 
0.05927259703712594446 0.00000000099999999978 0.00000000099999999978 0.93476791790803581694 0.00595948305483822837 
0.10925630581187965873 0.00000000100000000000 0.01127796134485299639 0.87946573084326740144 0.00000000100000000000 
0.23207594162725420084 0.00219946554155340656 0.00000000099999999999 0.76572459083119248646 0.00000000099999999999 
0.00557427369742343869 0.00000000099999999993 0.00000000099999999993 0.99377046358385179303 0.00065526071872472368 
0.00434674535958614380 0.00000000099999999999 0.00000000099999999999 0.98466382116687756199 0.01098943147353636726 
0.03374935757371252953 0.00000000099999999989 0.00000000099999999989 0.95052091790549642081 0.01572972252079114092 
0.01927516064733392903 0.00000000099999999994 0.00000000099999999994 0.97901393817794790664 0.00171089917471815628 
0.01696602009878105805 0.00000000099999999981 0.00000000099999999981 0.97488070367313206521 0.00815327422808689861 
0.02151820415110487078 0.00000000099999999994 0.00000000099999999994 0.97634022316009394515 0.00214157068880136119 
0.03860691230189430834 0.00000000099999999959 0.00000000099999999959 0.96139308469810558222 0.00000000099999999959 
0.00552762215086354241 0.00000000099999999974 0.00000000099999999974 0.99447237484913653116 0.00000000099999999974 
0.24832089127907494563 0.00004019027705267992 0.00110189268034007392 0.75053702476353234552 0.00000000099999999998 
0.22196889380630593913 0.00000000099999999988 0.00000000099999999988 0.77666602408767948518 0.00136508010601444013 
0.12087723380179191124 0.05407403146532276106 0.25893463957389478702 0.56611409415899038855 0.00000000100000000000 
0.27658456103568412887 0.00081759248204264421 0.00219710717668214961 0.71586115608396083676 0.00453958322163019491 
0.24971645756781055137 0.00000000099999999999 0.00271623446160887275 0.74514005222119372718 0.00242725474938687309 
0.11184287803882829448 0.04529275831092140908 0.28623706105434071345 0.55662730159590956269 0.00000000100000000000 
0.17635677712646335991 0.03901504617918340884 0.22236868261722214646 0.56225949307713107839 0.00000000099999999999 
0.12337045157896749104 0.01888781331565499849 0.23578773527624680151 0.62094594578991557654 0.00100805403921522892 
0.14769834295822228953 0.00000000099999999998 0.23095349773480008948 0.61579633350013129878 0.00555182480684633661 
0.17280539567511044030 0.00000000100000000000 0.22420116589582123057 0.59926995191613630087 0.00372348551293219011 
0.24183029949036799477 0.00000000099999999987 0.00000000099999999987 0.75816969750963203456 0.00000000099999999987 
0.13013143915525021699 0.00000000099999999998 0.27447097948202736628 0.58939578899476052776 0.00600179136796189470 
0.23432576863337051254 0.00000000100000000000 0.00536126073201213110 0.75344054294926132709 0.00687242668535619286 
0.15165056191204343006 0.02119332154354196252 0.28824998790144146232 0.53577016007706990131 0.00313596856590319609 
0.25767933006862325795 0.00000000099999999982 0.00000000099999999982 0.73972533447398269857 0.00259533345739393264 
0.26897732934113161019 0.00000000099999999980 0.00000000099999999980 0.73102266765886836364 0.00000000099999999980 
0.15436930001645551847 0.00000000099999999998 0.28956670447873222862 0.54461542770650084311 0.01144856679831139819 
0.22593983988977689448 0.00000000099999999988 0.00000000099999999988 0.77359877672591448317 0.00046138138430853456 
0.25922563103421469854 0.00000000099999999998 0.00215717535824172871 0.73861719160754357727 0.00000000099999999998 
0.11995027487902090724 0.00545045065934683486 0.00000000099999999999 0.87459927246163216008 0.00000000099999999999 
0.05035376766702964052 0.00000002388543546660 0.04785711051662917825 0.90178909693090569810 0.00000000100000000000 
0.06508765429387530776 0.00247152754724788487 0.00000000099999999998 0.93244081615887675074 0.00000000099999999998 
0.00482565247025177908 0.00212057679064892556 0.00000000099999999995 0.99305376873909922963 0.00000000099999999995 
0.05685125839923325236 0.00000000099999999999 0.02568794917254372742 0.91746079042822292759 0.00000000099999999999 
0.00000000099999999969 0.00000000099999999969 0.00000000099999999969 0.99999999599999989108 0.00000000099999999969 
0.00000000099999999970 0.00000000099999999970 0.00000000099999999970 0.99999999600000000211 0.00000000099999999970 
0.00000000100000000000 0.00000000100000000000 0.13346731848665199793 0.86049594508364546375 0.00603673442970259835 
0.00000000099999999994 0.00007618123274117945 0.00000000099999999994 0.99992381576725886116 0.00000000099999999994 
0.00000000099999999989 0.00000000099999999989 0.00000000099999999989 0.99999999600000000211 0.00000000099999999989 
0.00000000099999999935 0.00000000099999999935 0.00000000099999999935 0.99999999599999989108 0.00000000099999999935 
0.00085742276726780251 0.00000000099999999956 0.00000000099999999956 0.99914257423273222791 0.00000000099999999956 
0.00114335075587220360 0.00000000099999999957 0.00000000099999999957 0.99885664624412784374 0.00000000099999999957 
0.00000000099999999960 0.00000000099999999960 0.00000000099999999960 0.99999999600000000211 0.00000000099999999960 
0.00000000099999999947 0.00000000099999999947 0.00000000099999999947 0.99999999600000000211 0.00000000099999999947 
0.00811810540026625810 0.00000000099999999968 0.00000000099999999968 0.99188189159973372266 0.00000000099999999968 
0.00301529138659864526 0.00000000099999999985 0.00000000099999999985 0.99698470561340135632 0.00000000099999999985 
0.00000000099999999962 0.00000000099999999962 0.00000000099999999962 0.99999999599999989108 0.00000000099999999962 
0.00000000099999999998 0.00000000099999999998 0.00631161233974870776 0.99368838466025133371 0.00000000099999999998 
0.03302278692059076870 0.00000000099999999987 0.00000000099999999987 0.96665631290485243277 0.00032089817455685743 
0.00628373123565010346 0.00000000099999999975 0.00000000099999999975 0.99371626576434979317 0.00000000099999999975 
0.00645249964654469321 0.00090674675535173303 0.00000000099999999991 0.99264075159810361004 0.00000000099999999991 
0.00000000099999999955 0.00000000099999999955 0.00000000099999999955 0.99999999600000000211 0.00000000099999999955 
0.00000000099999999973 0.00000000099999999973 0.00000000099999999973 0.99999999599999989108 0.00000000099999999973 
0.00695254863915169795 0.00112659948211495673 0.00000000099999999991 0.99192084987873341273 0.00000000099999999991 
0.03947222344390986792 0.00000000099999999997 0.00455961148671480288 0.95596816306937515417 0.00000000099999999997 
0.00950502860539753636 0.00000000099999999976 0.00000000099999999976 0.99049496839460238196 0.00000000099999999976 
0.00644669699914406525 0.00000000099999999973 0.00000000099999999973 0.99355330000085584352 0.00000000099999999973 
0.00000000099999999949 0.00000000099999999949 0.00000000099999999949 0.99999999600000000211 0.00000000099999999949 
0.00448641652619384459 0.00000000099999999967 0.00000000099999999967 0.99551358047380600347 0.00000000099999999967 
0.02326854281778170316 0.00000000099999999972 0.00000000099999999972 0.97673145418221840597 0.00000000099999999972 
0.00719926955304929766 0.00000000099999999980 0.00000000099999999980 0.99280072744695069265 0.00000000099999999980 
0.07545588873285011267 0.00000000099999999995 0.00000000099999999995 0.92252260593000978695 0.00202150333713996700 
0.01152657540330471672 0.00000000099999999995 0.00000000099999999995 0.98686589440472316515 0.00160752819197213328 
0.00000000099999999985 0.00000000099999999985 0.00000000099999999985 0.99999999599999989108 0.00000000099999999985 
0.05245489191835425030 0.00000000099999999994 0.00056324399081676343 0.94698186209082901854 0.00000000099999999994 
0.00000000099999999978 0.00000000099999999978 0.00000000099999999978 0.99841971817359764785 0.00158027882640242746 
0.00000000099999999998 0.00000000099999999998 0.00319577889779599968 0.99367185857954887229 0.00313236052265527956 
0.00000000099999999998 0.00007056296893170324 0.00198447087121709359 0.99794496415985123328 0.00000000099999999998 
0.01141686608564980963 0.00112647105958202745 0.00547547179991334822 0.97409642344635583022 0.00788476760849906276 
0.00000556993668698087 0.00000000099999999996 0.00619325887567798248 0.99380116918763505840 0.00000000099999999996 
0.00000000099999999998 0.00000000099999999998 0.00190749146262617704 0.99809250553737371980 0.00000000099999999998 
0.00962721383966952567 0.00000000099999999984 0.00000000099999999984 0.99037278316033050540 0.00000000099999999984 
0.00461680573208997098 0.00000000099999999983 0.00000000099999999983 0.99538319126790997249 0.00000000099999999983 
0.03069634929539918206 0.00000000099999999978 0.00000000099999999978 0.96930364770460075707 0.00000000099999999978 
0.00000377341263171621 0.00081315864735451843 0.00000000099999999999 0.99520450990202236063 0.00397855703799142486 
0.00000000099999999971 0.00000000099999999971 0.00000000099999999971 0.99999999600000000211 0.00000000099999999971 
0.00000738226610761527 0.00245558153349527061 0.00000000099999999996 0.99490971986690790452 0.00262731533348915542 
0.13829418604872631415 0.00000000099999999996 0.00000000099999999996 0.85894218947093725625 0.00276362248033647272 
0.06994848839200629165 0.00000000099999999980 0.00000000099999999980 0.93005150860799368218 0.00000000099999999980 
0.00006737821464471418 0.00000000099999999999 0.00000557109399332418 0.99961224577020946214 0.00031480392115245168 
0.00000000099999999994 0.00000000099999999994 0.00000000099999999994 0.99999999599999989108 0.00000000099999999994 
0.00000000099999999995 0.00000000099999999995 0.00000000099999999995 0.99735943173194152589 0.00264056526805831956 
0.00000000099999999998 0.00000000099999999998 0.00166811557212534099 0.99396099540217752732 0.00437088702569699960 
0.01935710463492407857 0.00000000099999999986 0.00000000099999999986 0.98064289236507584668 0.00000000099999999986 
0.00005570396065026899 0.00000000099999999984 0.00000000099999999984 0.99994429303934972975 0.00000000099999999984 
0.04187724640539461363 0.00000000099999999981 0.00000000099999999981 0.95812275059460538795 0.00000000099999999981 
0.00000000099999999989 0.00000000099999999989 0.00000000099999999989 0.99796443930811917777 0.00203555769188092702 
0.00000000099999999978 0.00000000099999999978 0.00000000099999999978 0.99999999599999989108 0.00000000099999999978 
0.00000000099999999969 0.00000000099999999969 0.00000000099999999969 0.99999999599999989108 0.00000000099999999969 
0.00000000099999999999 0.00202277449733601023 0.00652871267211055113 0.99144851083055329788 0.00000000099999999999 
0.00000000099999999971 0.00000000099999999971 0.00000000099999999971 0.99999999600000000211 0.00000000099999999971 
0.01223849384782380555 0.00107898983932832758 0.00000000099999999996 0.98668251431284781372 0.00000000099999999996 
0.00000000099999999967 0.00000000099999999967 0.00000000099999999967 0.99999999599999989108 0.00000000099999999967 
0.00000000099999999989 0.00000000099999999989 0.00000000099999999989 0.99999999600000000211 0.00000000099999999989 
0.00501017451035095339 0.00000000099999999996 0.00074260880437760040 0.99424721468527132995 0.00000000099999999996 
0.01716645445733239878 0.00000000099999999998 0.00300867690753740423 0.97515761008978063540 0.00466725754534963368 
0.00000000099999999996 0.00000000099999999996 0.00135014693606209197 0.99864985006393780509 0.00000000099999999996 
0.00000000099999999993 0.00000000099999999993 0.00000000099999999993 0.99999999600000000211 0.00000000099999999993 
0.00603391705976984594 0.00000000099999999990 0.00092340539540874055 0.99304267554482128499 0.00000000099999999990 
0.01573023421618953768 0.00000000099999999994 0.00031875230472488270 0.98395101147908548000 0.00000000099999999994 
0.00882839186563192171 0.00000000099999999993 0.00000000099999999993 0.99117160513436808333 0.00000000099999999993 
0.00000000099999999994 0.00000000099999999994 0.00000000099999999994 0.99852374468568771970 0.00147625231431227299 
0.00074938791075882297 0.00000000099999999998 0.00850067814679799499 0.99074993194244320716 0.00000000099999999998 
0.00000000099999999997 0.00000000099999999997 0.00298142832020859309 0.99588804770902761287 0.00113052197076379183 
0.00515388880718390188 0.00044994864153501612 0.00000000100000000000 0.98985085077293977207 0.00454531077834122513 
0.08553773613683157695 0.00196517933320179390 0.01047889925394224903 0.89644745389962166016 0.00557073137640284096 
0.01020858558330942426 0.00080348171697324454 0.00248870340620961292 0.98649922441960846697 0.00000000487389923780 
0.02929053180223501959 0.00000000099999999999 0.00250077235910070019 0.96820869383866414726 0.00000000099999999999 
0.00000000099999999988 0.00000000099999999988 0.00000000099999999988 0.99999999600000000211 0.00000000099999999988 
0.00000000099999999971 0.00000000099999999971 0.00000000099999999971 0.99999999599999989108 0.00000000099999999971 
0.00000000099999999982 0.00000000099999999982 0.00000000099999999982 0.99909625253917799803 0.00090374446082192169 
0.00588296287594544838 0.00000000099999999994 0.00000000099999999994 0.99407215033386375769 0.00004488479019065522 
0.01017867502906813666 0.00000000099999999986 0.00000000099999999986 0.98982132197093186665 0.00000000099999999986 
0.00000000099999999998 0.00000000099999999998 0.00100629153919447366 0.99899370546080545896 0.00000000099999999998 
0.00000000099999999999 0.00311111895227319949 0.00287612321559934173 0.99401275583212755915 0.00000000099999999999 
0.00000000099999999995 0.00000000099999999995 0.00000000099999999995 0.99999999599999989108 0.00000000099999999995 
0.00000000100000000000 0.00093256905191219086 0.00483895170568752770 0.99299478022139386901 0.00123369802100632806 
0.00612339680601902726 0.00086819088474682780 0.00138426546637837882 0.99023517310432429550 0.00138897373853131005 
0.00000031641942422780 0.00000000100000000000 0.00565328174830477190 0.99228455740083132408 0.00206184343143974921 
0.00000000099999999999 0.00807813077615476827 0.00000000099999999999 0.98094692270517747090 0.01097494451866776882 
0.01196172978115858480 0.00000000099999999999 0.01223712801656368782 0.97580114020227759486 0.00000000099999999999 
0.00092925020814358880 0.00000000099999999997 0.00000198331419394511 0.99906876447766235216 0.00000000099999999997 
0.00000000099999999979 0.00000000099999999979 0.00000000099999999979 0.99999999599999989108 0.00000000099999999979 
0.00000000099999999987 0.00000000099999999987 0.00000000099999999987 0.99980076219365587864 0.00019923480634410920 
0.00088449704106033963 0.00000000099999999995 0.00000000099999999995 0.99528661931043782563 0.00382888164850182875 
0.00508276808439576261 0.00000000099999999990 0.00000000099999999990 0.99491722891560419040 0.00000000099999999990 
0.03230868206217535343 0.00000000099999999993 0.00000000099999999993 0.96569918699624812675 0.00199212894157660197 
0.01257101176668287169 0.00000000099999999988 0.00000000099999999988 0.98742898523331712468 0.00000000099999999988 
0.00000000099999999986 0.00000000099999999986 0.00000000099999999986 0.99999999599999989108 0.00000000099999999986 
0.00262581494286320480 0.00000000099999999955 0.00000000099999999955 0.99737418205713679331 0.00000000099999999955 
0.00000000099999999995 0.00000000099999999995 0.00000000099999999995 0.99999999600000000211 0.00000000099999999995 
0.00000067056462868038 0.00000000099999999995 0.00000000099999999995 0.99999932643537114973 0.00000000099999999995 
0.04299090237765616773 0.00000000099999999994 0.00000000099999999994 0.95700909462234384772 0.00000000099999999994 
0.02374327563548231032 0.00000000099999999992 0.00000000099999999992 0.97402316939573008181 0.00223355296878754604 
0.00585315240778001671 0.00000000099999999992 0.00000000099999999992 0.99414684459221991375 0.00000000099999999992 
0.02240054092882020828 0.00000000099999999998 0.00074529950954349588 0.97685415756163618273 0.00000000099999999998 
0.00000000099999999986 0.00000000099999999986 0.00000000099999999986 0.99999999600000000211 0.00000000099999999986 
0.01303928466914924117 0.00000000099999999998 0.00588837604265795341 0.97972662239892172042 0.00134571588927112520 
0.01360652121713751099 0.00000000099999999997 0.00732942633703716206 0.97906405044582534014 0.00000000099999999997 
0.00000000099999999999 0.00019406309873897375 0.00093643276708359766 0.99886950213417746713 0.00000000099999999999 
0.00000000099999999996 0.00000000099999999996 0.00203769336510141669 0.99796230363489857318 0.00000000099999999996 
0.00000000099999999965 0.00000000099999999965 0.00000000099999999965 0.99999999599999989108 0.00000000099999999965 
0.01671658070983479336 0.00000000099999999988 0.00000000099999999988 0.98328341629016524639 0.00000000099999999988 
0.00000000099999999978 0.00000000099999999978 0.00000000099999999978 0.99999999600000000211 0.00000000099999999978 
0.00841866791431989357 0.00000000099999999985 0.00000000099999999985 0.99158132908568008546 0.00000000099999999985 
0.00000252059531503895 0.00000000099999999979 0.00000000099999999979 0.99999747640468494847 0.00000000099999999979 
0.01963319955160503991 0.00000000099999999985 0.00000000099999999985 0.98036679744839494433 0.00000000099999999985 
0.00490993302443139441 0.00000000099999999972 0.00000000099999999972 0.99509006397556865053 0.00000000099999999972 
0.07503940415695485588 0.00000000100000000000 0.00153396299946441579 0.92296925251127570622 0.00045737933230508747 
0.00000000099999999980 0.00000000099999999980 0.00000000099999999980 0.99999999600000000211 0.00000000099999999980 
0.00000000099999999984 0.00000000099999999984 0.00000000099999999984 0.99999999599999989108 0.00000000099999999984 
0.01753606750496396888 0.00000000099999999987 0.00000000099999999987 0.98246392949503591474 0.00000000099999999987 
0.00244478343316273643 0.00000000099999999973 0.00000000099999999973 0.99755521356683718448 0.00000000099999999973 
0.00000000099999999977 0.00000000099999999977 0.00000000099999999977 0.99999999600000000211 0.00000000099999999977 
0.00000000099999999994 0.00076474289508025807 0.00000000099999999994 0.99923525410491975673 0.00000000099999999994 
0.00000000099999999973 0.00000000099999999973 0.00000000099999999973 0.99999999599999989108 0.00000000099999999973 
0.00499905208926923039 0.00000000099999999985 0.00000000099999999985 0.99500094491073076686 0.00000000099999999985 
0.00000000099999999971 0.00000000099999999971 0.00000000099999999971 0.99999999600000000211 0.00000000099999999971 
0.00303155488355393368 0.00000000099999999968 0.00000000099999999968 0.99696844211644597422 0.00000000099999999968 
0.00000000099999999975 0.00000000099999999975 0.00000000099999999975 0.99999999600000000211 0.00000000099999999975 
0.00000000099999999998 0.00000000099999999998 0.00205862542461062673 0.99698968980398039452 0.00095168277140891897 
0.00000000099999999994 0.00000000099999999994 0.00140627821492878284 0.99794470983736016656 0.00064900994771115552 
0.00172893899362960022 0.00003070736453751200 0.00120842623411406740 0.99703192640771876043 0.00000000099999999998 
0.00000000099999999986 0.00000000099999999986 0.00000000099999999986 0.99999999599999989108 0.00000000099999999986 
0.00000000099999999949 0.00000000099999999949 0.00000000099999999949 0.99999999600000000211 0.00000000099999999949 
0.00000000099999999952 0.00000000099999999952 0.00000000099999999952 0.99999999599999989108 0.00000000099999999952 
0.00255000271665239715 0.00000000099999999970 0.00000000099999999970 0.99744999428334746305 0.00000000099999999970 
0.00000000099999999964 0.00000000099999999964 0.00000000099999999964 0.99999999600000000211 0.00000000099999999964 
0.00227881779661686431 0.00000000099999999956 0.00000000099999999956 0.99772117920338321273 0.00000000099999999956 
0.00282792164414791400 0.00000000099999999956 0.00000000099999999956 0.99717207535585217215 0.00000000099999999956 
0.00000000099999999969 0.00000000099999999969 0.00000000099999999969 0.99999999600000000211 0.00000000099999999969 
0.00000000099999999948 0.00000000099999999948 0.00000000099999999948 0.99999999599999989108 0.00000000099999999948 
0.00416393482877815396 0.00000000099999999978 0.00000000099999999978 0.99583606217122189186 0.00000000099999999978 
0.00144260628499219296 0.00000000099999999962 0.00000000099999999962 0.99855739071500781989 0.00000000099999999962 
0.00000000099999999955 0.00000000099999999955 0.00000000099999999955 0.99999999599999989108 0.00000000099999999955 
0.01031598750321369162 0.00000000099999999983 0.00000000099999999983 0.98968400949678636547 0.00000000099999999983 
0.00000000099999999976 0.00000000099999999976 0.00000000099999999976 0.99999999600000000211 0.00000000099999999976 
0.00000000099999999979 0.00000000099999999979 0.00000000099999999979 0.99999999599999989108 0.00000000099999999979 
0.00000000099999999974 0.00000000099999999974 0.00000000099999999974 0.99999999600000000211 0.00000000099999999974 
0.00234921036768894051 0.00000000099999999970 0.00000000099999999970 0.99765078663231099299 0.00000000099999999970 
