0.00000000099999999941 0.00000000099999999941 0.99999999699999986280 0.00000000099999999941 
0.00000000099999999944 0.00000000099999999944 0.99999999699999997382 0.00000000099999999944 
0.00000000099999999942 0.00000000099999999942 0.99999999699999986280 0.00000000099999999942 
0.00000000099999999944 0.00000000099999999944 0.99999999699999986280 0.00000000099999999944 
0.00000000099999999945 0.00000000099999999945 0.99999999699999997382 0.00000000099999999945 
0.00000000099999999945 0.00000000099999999945 0.99999999699999986280 0.00000000099999999945 
0.00000000099999999942 0.00000000099999999942 0.99999999699999997382 0.00000000099999999942 
0.00000000099999999947 0.00000000099999999947 0.99999999699999986280 0.00000000099999999947 
0.00000000099999999943 0.00000000099999999943 0.99999999699999986280 0.00000000099999999943 
0.00000000099999999946 0.00000000099999999946 0.99999999699999986280 0.00000000099999999946 
0.00000000099999999945 0.00000000099999999945 0.99999999699999986280 0.00000000099999999945 
0.00000000099999999954 0.00000000099999999954 0.99999999699999986280 0.00000000099999999954 
0.00000000099999999944 0.00000000099999999944 0.99999999699999986280 0.00000000099999999944 
0.00000000099999999942 0.00000000099999999942 0.99999999699999997382 0.00000000099999999942 
0.00000000099999999944 0.00000000099999999944 0.99999999699999986280 0.00000000099999999944 
0.00000000099999999944 0.00000000099999999944 0.99999999699999986280 0.00000000099999999944 
0.00000000099999999944 0.00000000099999999944 0.99999999699999997382 0.00000000099999999944 
0.00000000099999999948 0.00000000099999999948 0.99999999699999997382 0.00000000099999999948 
0.00000000099999999949 0.00000000099999999949 0.99999999699999997382 0.00000000099999999949 
0.00000000099999999947 0.00000000099999999947 0.99999999699999986280 0.00000000099999999947 
0.00000000099999999945 0.00000000099999999945 0.99999999699999997382 0.00000000099999999945 
0.00000000099999999946 0.00000000099999999946 0.99999999699999997382 0.00000000099999999946 
0.00000000099999999945 0.00000000099999999945 0.99999999699999997382 0.00000000099999999945 
0.00000000099999999946 0.00000000099999999946 0.99999999699999997382 0.00000000099999999946 
0.00000000099999999960 0.00000000099999999960 0.99999999699999986280 0.00000000099999999960 
0.00000000099999999945 0.00000000099999999945 0.99999999699999997382 0.00000000099999999945 
0.00000000099999999947 0.00000000099999999947 0.99999999699999986280 0.00000000099999999947 
0.00000000099999999947 0.00000000099999999947 0.99999999699999986280 0.00000000099999999947 
0.00000000099999999949 0.00000000099999999949 0.99999999699999986280 0.00000000099999999949 
0.00000000099999999947 0.00000000099999999947 0.99999999699999997382 0.00000000099999999947 
0.00000000099999999954 0.00000000099999999954 0.99999999699999997382 0.00000000099999999954 
0.00000000099999999963 0.00000000099999999963 0.99999999699999986280 0.00000000099999999963 
0.00000000099999999953 0.00000000099999999953 0.99999999699999986280 0.00000000099999999953 
0.00000000099999999960 0.00000000099999999960 0.99999999699999986280 0.00000000099999999960 
0.00000000099999999951 0.00000000099999999951 0.99999999699999986280 0.00000000099999999951 
0.00000000099999999957 0.00000000099999999957 0.99999999699999997382 0.00000000099999999957 
0.00000000099999999953 0.00000000099999999953 0.99999999699999986280 0.00000000099999999953 
0.00000000099999999954 0.00000000099999999954 0.99999999699999986280 0.00000000099999999954 
0.00000000099999999955 0.00000000099999999955 0.99999999699999986280 0.00000000099999999955 
0.00000000099999999967 0.00000000099999999967 0.99999999699999997382 0.00000000099999999967 
0.00000000099999999952 0.00000000099999999952 0.99999999699999997382 0.00000000099999999952 
0.00000000099999999960 0.00000000099999999960 0.99999999699999986280 0.00000000099999999960 
0.00000000099999999955 0.00000000099999999955 0.99999999699999997382 0.00000000099999999955 
0.00000000099999999954 0.00000000099999999954 0.99999999699999997382 0.00000000099999999954 
0.00000000099999999959 0.00000000099999999959 0.99999999699999997382 0.00000000099999999959 
0.00000000099999999955 0.00000000099999999955 0.99999999699999997382 0.00000000099999999955 
0.00000000099999999956 0.00000000099999999956 0.99999999699999997382 0.00000000099999999956 
0.00000000099999999966 0.00000000099999999966 0.99999999699999997382 0.00000000099999999966 
0.00000000099999999968 0.00000000099999999968 0.99999999699999986280 0.00000000099999999968 
0.00000000099999999972 0.00000000099999999972 0.99999999699999997382 0.00000000099999999972 
0.00000000099999999984 0.00000000099999999984 0.99999999699999997382 0.00000000099999999984 
0.59862038977001741369 0.40137960822998258736 0.00000000099999999986 0.00000000099999999986 
0.55698814666479024016 0.44301185133520976089 0.00000000099999999972 0.00000000099999999972 
0.51185380610836339610 0.48814619189163666046 0.00000000099999999987 0.00000000099999999987 
0.60734780491190809570 0.39265219308809201637 0.00000000099999999963 0.00000000099999999963 
0.60414861476492098813 0.39585138323507917946 0.00000000099999999968 0.00000000099999999968 
0.59819605549819920842 0.40180394250180084814 0.00000000099999999963 0.00000000099999999963 
0.60370876304070530960 0.39629123495929474696 0.00000000099999999979 0.00000000099999999979 
0.62620550827903143087 0.37379448972096868120 0.00000000099999999968 0.00000000099999999968 
0.59549518161894476886 0.40450481638105528770 0.00000000099999999975 0.00000000099999999975 
0.59627091861712555598 0.39927341117649012281 0.00000000099999999999 0.00445566920638430525 
0.57472349928292887355 0.42527649871707118301 0.00000000099999999970 0.00000000099999999970 
0.57886859024587511424 0.42113140775412483130 0.00000000099999999971 0.00000000099999999971 
0.56823842117064293777 0.42726100864940197432 0.00000000099999999997 0.00450056917995515261 
0.57010023426640665800 0.42989976373359328754 0.00000000099999999974 0.00000000099999999974 
0.62113838610059501910 0.37886161189940498195 0.00000000099999999990 0.00000000099999999990 
0.60821798106175073428 0.39178201693824921126 0.00000000099999999964 0.00000000099999999964 
0.51137600198623534009 0.48862399601376471647 0.00000000099999999982 0.00000000099999999982 
0.51911563171910912740 0.48088436628089098468 0.00000000099999999990 0.00000000099999999990 
0.56815285589530684085 0.43184714210469304918 0.00000000099999999971 0.00000000099999999971 
0.58120862500548331475 0.41879137299451663079 0.00000000099999999969 0.00000000099999999969 
0.58904292549870207463 0.41095707250129792643 0.00000000099999999974 0.00000000099999999974 
0.59284181107648203923 0.40715818692351796182 0.00000000099999999962 0.00000000099999999962 
0.55670391953712994315 0.44329607846287005790 0.00000000099999999975 0.00000000099999999975 
0.53520964789272673645 0.46479035010727315358 0.00000000099999999974 0.00000000099999999974 
0.50772163552215054949 0.49227836247784945156 0.00000000099999999984 0.00000000099999999984 
0.59525609239062393652 0.40474390560937595351 0.00000000099999999969 0.00000000099999999969 
0.53378858987525701352 0.46621140812474293202 0.00000000099999999974 0.00000000099999999974 
0.54150670678120771395 0.45346406847236547799 0.00049633578833437031 0.00453288895809239849 
0.59773620272469729642 0.40218929609159603800 0.00000000100000000000 0.00007450018370675934 
0.54998095781244504821 0.45001904018755506387 0.00000000099999999978 0.00000000099999999978 
0.61658084825669168261 0.38341914974330837396 0.00000000099999999970 0.00000000099999999970 
0.56919294646622631273 0.42708728994256878186 0.00262496771360977172 0.00109479587759518117 
0.45982420118473693593 0.54017579681526295410 0.00000000099999999987 0.00000000099999999987 
0.53867085039508944000 0.46132914760491050554 0.00000000099999999985 0.00000000099999999985 
0.52724559742708798638 0.47275440057291190366 0.00000000099999999979 0.00000000099999999979 
0.57739495069741941791 0.42260504730258052764 0.00000000099999999985 0.00000000099999999985 
0.51550924923420127222 0.48449074876579883986 0.00000000099999999979 0.00000000099999999979 
0.51700563754726791554 0.48299436045273208551 0.00000000099999999981 0.00000000099999999981 
0.48011145808274757751 0.51988853991725236803 0.00000000099999999981 0.00000000099999999981 
0.57739969467330487518 0.42160334662777732007 0.00000000099999999998 0.00099695769891773632 
0.57591000423809268760 0.42408999376190747999 0.00000000099999999987 0.00000000099999999987 
0.56441805334223260626 0.43558194465776739479 0.00000000099999999994 0.00000000099999999994 
0.58808312302321641418 0.41191687497678358687 0.00000000099999999981 0.00000000099999999981 
0.52401675056556418220 0.47598324743443592988 0.00000000099999999971 0.00000000099999999971 
0.54421704516316282696 0.45578295283683722960 0.00000000099999999972 0.00000000099999999972 
0.52840546840639524007 0.47159452959360470548 0.00000000099999999972 0.00000000099999999972 
0.54693287114506117241 0.45306712685493888415 0.00000000099999999973 0.00000000099999999973 
0.50335833732280410580 0.49664166067719583975 0.00000000099999999992 0.00000000099999999992 
0.55147723958677918876 0.44852275841322075678 0.00000000099999999973 0.00000000099999999973 
0.50210049447372118170 0.49789950352627881935 0.00000000099999999982 0.00000000099999999982 
0.56553984594991124624 0.43446015205008869930 0.00000000099999999974 0.00000000099999999974 
0.51063124220249400675 0.48936875579750599430 0.00000000099999999977 0.00000000099999999977 
0.53764688108193436911 0.46235311691806568746 0.00000000099999999983 0.00000000099999999983 
0.58007573947417456761 0.41992425852582548895 0.00000000099999999986 0.00000000099999999986 
0.55619799555127857893 0.44380200244872147763 0.00000000099999999978 0.00000000099999999978 
0.57372226637500045587 0.42627773162499965620 0.00000000099999999979 0.00000000099999999979 
0.56332574639282262385 0.43667425160717754373 0.00000000099999999986 0.00000000099999999986 
0.54445617945961377604 0.45525258484468450471 0.00029123469570167733 0.00000000099999999988 
0.55883705292843310897 0.44116294507156689209 0.00000000099999999974 0.00000000099999999974 
0.57257541432069636311 0.42742458367930369345 0.00000000099999999985 0.00000000099999999985 
0.52959872404402197343 0.47040127395597808313 0.00000000099999999972 0.00000000099999999972 
0.50886757659880677007 0.49113242140119311996 0.00000000099999999994 0.00000000099999999994 
0.53432193780811620964 0.46418424536432772998 0.00149381582755612531 0.00000000099999999990 
0.52070589464276550995 0.47923492539822698522 0.00005917895900749869 0.00000000099999999997 
0.57020023822387888579 0.42979975977612105975 0.00000000099999999983 0.00000000099999999983 
0.50011473069346157327 0.49988526730653837227 0.00000000099999999992 0.00000000099999999992 
0.60426934456353542657 0.38699822656629384587 0.00432999351923380946 0.00440243535093701611 
0.55545340555624700407 0.43938130659429175395 0.00156367095771667254 0.00360161689174458548 
0.54952362285189759739 0.44715310907486688352 0.00054189051172371619 0.00278137756151195263 
0.53535769353259177183 0.46309216204167336084 0.00059955896246547183 0.00095058546326945643 
0.52501774188710814695 0.47045753595222711274 0.00325756569170263313 0.00126715646896195149 
0.56556147563641023801 0.42985837424700162890 0.00284091326649825058 0.00173923685008976932 
0.99040295880715956134 0.00959703919284039635 0.00000000099999999976 0.00000000099999999976 
0.99999999699999997382 0.00000000099999999979 0.00000000099999999979 0.00000000099999999979 
0.99313110391279202371 0.00686889408720806234 0.00000000099999999983 0.00000000099999999983 
0.99999999699999997382 0.00000000099999999995 0.00000000099999999995 0.00000000099999999995 
0.99999999699999997382 0.00000000099999999973 0.00000000099999999973 0.00000000099999999973 
0.99999999699999997382 0.00000000099999999979 0.00000000099999999979 0.00000000099999999979 
0.99838988077104184882 0.00161011722895821252 0.00000000099999999985 0.00000000099999999985 
0.99399677644605177740 0.00600322155394807794 0.00000000099999999980 0.00000000099999999980 
0.99836109928165439609 0.00163889871834565332 0.00000000099999999977 0.00000000099999999977 
0.99983926113483834186 0.00000000099999999993 0.00016073686516173677 0.00000000099999999993 
0.99999999700000008485 0.00000000099999999977 0.00000000099999999977 0.00000000099999999977 
0.99623432216492913138 0.00376567583507084278 0.00000000099999999975 0.00000000099999999975 
0.99999999699999997382 0.00000000099999999976 0.00000000099999999976 0.00000000099999999976 
0.99999999699999997382 0.00000000099999999978 0.00000000099999999978 0.00000000099999999978 
0.99960807754465241803 0.00000000099999999985 0.00039192045534766450 0.00000000099999999985 
0.96928178849065282918 0.03071820950934705044 0.00000000099999999981 0.00000000099999999981 
0.99780749517632827406 0.00219250282367166411 0.00000000099999999985 0.00000000099999999985 
0.99999999700000008485 0.00000000099999999967 0.00000000099999999967 0.00000000099999999967 
0.98632843157084681973 0.01167495121568701104 0.00025134918290572322 0.00174526803056042454 
0.94639253074477691641 0.05224172604750274007 0.00000000099999999998 0.00136574220772032627 
0.99999999699999997382 0.00000000099999999991 0.00000000099999999991 0.00000000099999999991 
0.94084483527373774514 0.05254466036859626460 0.00241864239835747714 0.00419186195930846325 
0.92728212123948861034 0.07100091877222378112 0.00000000099999999996 0.00171695898828761579 
0.93306145966986764329 0.06388290612863856133 0.00000000099999999998 0.00305563320149379114 
0.98790778989775684948 0.01092749452192680847 0.00018727064908405277 0.00097744493123225066 
0.93568198619281195416 0.06188191889759950270 0.00000000100000000000 0.00243609390958866336 
0.95917711347105805153 0.03892509343312331588 0.00018199588247965609 0.00171579721333888153 
0.96893994333890853810 0.03021964371130315963 0.00000000100000000000 0.00084041194978842629 
0.97570594852672321018 0.02327195331173059420 0.00070256993784960408 0.00031952822369671222 
0.94101035171902769338 0.05898964628097215501 0.00000000099999999991 0.00000000099999999991 
0.95949471367083483120 0.03903337315157814208 0.00045195512762700508 0.00101995804996009450 
0.95509611241335001797 0.04118836333371124481 0.00077587176324327015 0.00293965248969553375 
0.93680365482926075682 0.05763867852742451947 0.00000000100000000000 0.00555766564331467046 
0.98026339263614103992 0.01973660536385903747 0.00000000099999999997 0.00000000099999999997 
0.93984498121137693971 0.06015501678862320706 0.00000000099999999988 0.00000000099999999988 
0.92123224896347710722 0.07876774903652279669 0.00000000099999999981 0.00000000099999999981 
0.95904254626802998285 0.04091310215338053724 0.00000000099999999998 0.00004435057858950200 
0.90436305178855436182 0.08798672607857163652 0.00343666621873695618 0.00421355591413705675 
0.87480680791275211572 0.12178602363860246971 0.00093007029224580185 0.00247709815639963332 
0.81547758172920048469 0.16568078422101731317 0.00915594467812392426 0.00968568937165834379 
0.93497080288911516011 0.05909256217477752010 0.00593663393610730731 0.00000000099999999986 
0.87744707938860921903 0.11137417097264838695 0.00000000100000000000 0.01117874863874245700 
0.74008264608278617747 0.25991735191721393461 0.00000000099999999999 0.00000000099999999999 
0.99426081533906718324 0.00509150382792131120 0.00064767983301144689 0.00000000099999999995 
0.98586942267295352149 0.00313770859355209670 0.01099286773349442484 0.00000000100000000000 
0.95124996482498513917 0.03307875867797880481 0.01567127549703604267 0.00000000099999999993 
0.97870887415080343175 0.01958097549860866524 0.00171014935058783719 0.00000000099999999997 
0.97515423693909630831 0.01675321169426828571 0.00809255036663528333 0.00000000099999999988 
0.97596566854913557876 0.02189702480134761084 0.00213730564951696358 0.00000000099999999997 
0.96152368972003554592 0.03847630827996437186 0.00000000099999999971 0.00000000099999999971 
0.99485182286179951738 0.00514817513820053311 0.00000000099999999983 0.00000000099999999983 
0.75073725578652161783 0.24817052009283493974 0.00000000099999999998 0.00109222312064349738 
0.77777855729256606399 0.22086651762539988297 0.00135492408203409108 0.00000000099999999990 
0.58816418303704276482 0.12214741521991936968 0.00386710883727259085 0.28582129290576530067 
0.71618560103191997168 0.27675738590871318268 0.00451937244849432221 0.00253764061087244017 
0.74567602146531819507 0.24922504492564775957 0.00243514510327478987 0.00266378850575924551 
0.57671844222659063295 0.11316203510868816373 0.00000372306070948748 0.31011579960401169931 
0.58218826406843149357 0.17505546797481325028 0.00000000100000000000 0.24275626695675539546 
0.62941073471917796667 0.12160044532000183204 0.00522535003841782374 0.24376346992240233158 
0.61668160034414809534 0.14695730374249085792 0.00765531136678504736 0.22870578454657605749 
0.60100951070242214502 0.17161648031004625437 0.00441897802560244253 0.22295503096192922921 
0.75922025391766523317 0.24077974408233468462 0.00000000099999999989 0.00000000099999999989 
0.58671414107627950507 0.13200514192395113033 0.00910902948154549905 0.27217168751822390371 
0.75420874130208759301 0.23371183039876750054 0.00681251995025869417 0.00526690834888613596 
0.54697743544603072419 0.15029187983997588374 0.00514483113592401672 0.29758585357806932592 
0.74078105292965734652 0.25663089200003957879 0.00258805407030291389 0.00000000099999999987 
0.73086770102553677564 0.26913229697446322541 0.00000000099999999986 0.00000000099999999986 
0.54575626813592714726 0.15301973490446821313 0.01356901208854202449 0.28765498487106255787 
0.77448344327622553607 0.22504916331316926481 0.00046739241060511741 0.00000000099999999991 
0.73863282101042726513 0.25922103225194897957 0.00000000099999999999 0.00214614573762376493 
0.87466847110650780550 0.12213815205099196048 0.00000000100000000000 0.00319337584250035814 
0.90189821615325171944 0.05061609852040801355 0.00000000100000000000 0.04748568432634038550 
0.93460934933589390194 0.06436292368028075084 0.00000000099999999999 0.00102772598382529549 
0.99266732222835463162 0.00642125541175424426 0.00000000100000000000 0.00091142135989107998 
0.91861237741715218164 0.05577395013184717476 0.00000000100000000000 0.02561367145100060250 
0.99999999699999997382 0.00000000099999999978 0.00000000099999999978 0.00000000099999999978 
0.99999999700000008485 0.00000000099999999979 0.00000000099999999979 0.00000000099999999979 
0.86055266767983884524 0.00000000100000000000 0.00703426474401355577 0.13241306657614773656 
0.99999999700000008485 0.00000000099999999994 0.00000000099999999994 0.00000000099999999994 
0.99999999700000008485 0.00000000099999999989 0.00000000099999999989 0.00000000099999999989 
0.99999999700000008485 0.00000000099999999955 0.00000000099999999955 0.00000000099999999955 
0.99949438179096639079 0.00050561620903356527 0.00000000099999999970 0.00000000099999999970 
0.99881675280523518623 0.00118324519476496835 0.00000000099999999970 0.00000000099999999970 
0.99999999700000008485 0.00000000099999999970 0.00000000099999999970 0.00000000099999999970 
0.99999999699999997382 0.00000000099999999962 0.00000000099999999962 0.00000000099999999962 
0.99181442007471276590 0.00818557792528736873 0.00000000099999999979 0.00000000099999999979 
0.99697091419565841974 0.00302908380434152276 0.00000000099999999990 0.00000000099999999990 
0.99999999699999997382 0.00000000099999999968 0.00000000099999999968 0.00000000099999999968 
0.99371155452019299670 0.00000000099999999999 0.00000000099999999999 0.00628844347980717523 
0.96643681162144090546 0.03324367070411508862 0.00031951667444399994 0.00000000099999999992 
0.99396360938469119350 0.00603638861530880321 0.00000000099999999983 0.00000000099999999983 
0.99360637661062567449 0.00639362138937447401 0.00000000099999999991 0.00000000099999999991 
0.99999999700000008485 0.00000000099999999968 0.00000000099999999968 0.00000000099999999968 
0.99999999700000008485 0.00000000099999999982 0.00000000099999999982 0.00000000099999999982 
0.99293420539105448075 0.00688355749476405720 0.00018223611418155490 0.00000000099999999997 
0.95551804810161178327 0.03991350966410684570 0.00000000099999999999 0.00456844123428127961 
0.99029465429437535384 0.00970534370562459690 0.00000000099999999982 0.00000000099999999982 
0.99353401644757133315 0.00646598155242857162 0.00000000099999999979 0.00000000099999999979 
0.99999999700000008485 0.00000000099999999966 0.00000000099999999966 0.00000000099999999966 
0.99550361182500091140 0.00449638617499901420 0.00000000099999999977 0.00000000099999999977 
0.97626585453287717531 0.02373414346712273207 0.00000000099999999982 0.00000000099999999982 
0.99281395651202219987 0.00718604148797774393 0.00000000099999999986 0.00000000099999999986 
0.92157987820358544528 0.07639770354045523348 0.00202241725595918168 0.00000000099999999997 
0.98689812127932641239 0.01155684545833407344 0.00154503226233953920 0.00000000099999999998 
0.99999999699999997382 0.00000000099999999992 0.00000000099999999992 0.00000000099999999992 
0.94636717165929351570 0.05307661929538187023 0.00000000099999999997 0.00055620804532461395 
0.99832226912218324788 0.00000000099999999986 0.00167772887781681497 0.00000000099999999986 
0.99370893597930221031 0.00000000100000000000 0.00313997299170788030 0.00315109002898982232 
0.99801897550470741738 0.00000000099999999998 0.00000000099999999998 0.00198102249529278490 
0.97457463943958411168 0.01146161482072928332 0.00797696424761272158 0.00598678149207398057 
0.99386151510956277644 0.00001420638556610906 0.00000000099999999999 0.00612427750487119175 
0.99809534357529983151 0.00000000099999999998 0.00000000099999999998 0.00190465442470020489 
0.98946741176846497723 0.01053258623153506893 0.00000000099999999988 0.00000000099999999988 
0.99532709253640749836 0.00467290546359247494 0.00000000099999999989 0.00000000099999999989 
0.96934741660673473529 0.03065258139326521025 0.00000000099999999986 0.00000000099999999986 
0.99564080313855984894 0.00000000305988095814 0.00435919280155930115 0.00000000099999999997 
0.99999999699999997382 0.00000000099999999980 0.00000000099999999980 0.00000000099999999980 
0.99186596120061765181 0.00408558052098213689 0.00312363763757428315 0.00092482064082582212 
0.85937048301270468897 0.13765181398081785535 0.00297770200647735298 0.00000000099999999998 
0.92959527152060728028 0.07040472647939283179 0.00000000099999999987 0.00000000099999999987 
0.99982821370872310140 0.00002804665984639476 0.00010389260328060103 0.00003984702814992774 
0.99999999700000008485 0.00000000099999999996 0.00000000099999999996 0.00000000099999999996 
0.99738878752851989340 0.00000000099999999999 0.00261121047148004650 0.00000000099999999999 
0.99403705617631987757 0.00000000100000000000 0.00441164773052196008 0.00155129509315808851 
0.98084480699228404621 0.01915519100771604852 0.00000000099999999991 0.00000000099999999991 
0.99999422854555175544 0.00000576945444830276 0.00000000099999999990 0.00000000099999999990 
0.95739166099340544669 0.04260833700659447804 0.00000000099999999985 0.00000000099999999985 
0.99799624110406370825 0.00000000099999999995 0.00200375689593635569 0.00000000099999999995 
0.99999999699999997382 0.00000000099999999984 0.00000000099999999984 0.00000000099999999984 
0.99999999700000008485 0.00000000099999999978 0.00000000099999999978 0.00000000099999999978 
0.99245469287847087880 0.00000000099999999999 0.00000000099999999999 0.00754530512152917082 
0.99999999700000008485 0.00000000099999999978 0.00000000099999999978 0.00000000099999999978 
0.98796683620135561377 0.01203316179864429361 0.00000000099999999999 0.00000000099999999999 
0.99999999700000008485 0.00000000099999999980 0.00000000099999999980 0.00000000099999999980 
0.99999999699999997382 0.00000000099999999995 0.00000000099999999995 0.00000000099999999995 
0.99444205286644904440 0.00502346432007040513 0.00000000099999999997 0.00053448181348058439 
0.97460420146181847567 0.01773483134227791386 0.00474087398996679392 0.00292009320593669859 
0.99871907953464966745 0.00000000099999999997 0.00000000099999999997 0.00128091846535032514 
0.99999999699999997382 0.00000000099999999994 0.00000000099999999994 0.00000000099999999994 
0.99307713737424629930 0.00604598214076579668 0.00000000099999999996 0.00087687948498803368 
0.98378181729380276277 0.01593247813570737234 0.00000000099999999998 0.00028570357048984129 
0.99092191761344705636 0.00907808038655290826 0.00000000099999999996 0.00000000099999999996 
0.99858056725510324636 0.00000000099999999997 0.00141943074489680890 0.00000000099999999997 
0.99058292429576744187 0.00102418061226917760 0.00000000099999999999 0.00839289409196343830 
0.99591677836203362784 0.00000000100000000000 0.00116743152880739828 0.00291578910915887878 
0.98964994598753874833 0.00568813724476871160 0.00414153395988066213 0.00052038280781186472 
0.89690725884367161758 0.08592207109884006377 0.00575086801344960701 0.01141980204403863705 
0.98648925931128583766 0.01044971192212071701 0.00025540454380463049 0.00280562422278873283 
0.96748590699525194303 0.03008709437867298706 0.00000000100000000000 0.00242699762607503314 
0.99999999699999997382 0.00000000099999999992 0.00000000099999999992 0.00000000099999999992 
0.99999999699999997382 0.00000000099999999979 0.00000000099999999979 0.00000000099999999979 
0.99909215763715120140 0.00000000099999999990 0.00090784036284878133 0.00000000099999999990 
0.99404972320350515336 0.00595027479649483469 0.00000000099999999997 0.00000000099999999997 
0.98981312304900426202 0.01018687495099576505 0.00000000099999999993 0.00000000099999999993 
0.99906893808437935434 0.00000000099999999999 0.00000000099999999999 0.00093105991562064628 
0.99535388241918432151 0.00000000099999999999 0.00000000099999999999 0.00464611558081576281 
0.99999999700000008485 0.00000000099999999998 0.00000000099999999998 0.00000000099999999998 
0.99347383894428120676 0.00000000100000000000 0.00117498273868072703 0.00535117731703815824 
0.99058987203879789174 0.00620384586161820597 0.00130817415615148329 0.00189810794343230321 
0.99229162376870971851 0.00000019642670569134 0.00208379735147693488 0.00562438245310767707 
0.98557783655597563932 0.00000000100000000000 0.00895179694346250922 0.00547036550056171928 
0.97612636118307705146 0.01166574077242380977 0.00000000100000000000 0.01220789704449904908 
0.99906414271106258607 0.00093585528893735102 0.00000000099999999998 0.00000000099999999998 
0.99999999700000008485 0.00000000099999999987 0.00000000099999999987 0.00000000099999999987 
0.99989039827253367587 0.00000000099999999992 0.00010959972746624958 0.00000000099999999992 
0.99501074766231700774 0.00118300433698545092 0.00380624700069756398 0.00000000099999999996 
0.99509957502793622286 0.00490042297206374957 0.00000000099999999992 0.00000000099999999992 
0.96543218153314547259 0.03259847266827210766 0.00196934479858228411 0.00000000099999999995 
0.98737978568260598156 0.01262021231739406633 0.00000000099999999993 0.00000000099999999993 
0.99999999699999997382 0.00000000099999999990 0.00000000099999999990 0.00000000099999999990 
0.99740490985282048708 0.00259508814717947320 0.00000000099999999966 0.00000000099999999966 
0.99999999699999997382 0.00000000099999999996 0.00000000099999999996 0.00000000099999999996 
0.99999975131180263155 0.00000024668819740696 0.00000000099999999998 0.00000000099999999998 
0.95923883805252152523 0.04076115994747845500 0.00000000099999999996 0.00000000099999999996 
0.97391390306884628725 0.02388877864685803529 0.00219731728429573133 0.00000000099999999995 
0.99404451056745568582 0.00595548743254429181 0.00000000099999999995 0.00000000099999999995 
0.97676735089277699764 0.02262714742955271308 0.00000000099999999999 0.00060550067767026889 
0.99999999700000008485 0.00000000099999999992 0.00000000099999999992 0.00000000099999999992 
0.97959961254193861357 0.01339651529003682041 0.00106625847453647657 0.00593761369348809291 
0.97908981361815050626 0.01362922128152165881 0.00000000099999999999 0.00728096410032777301 
0.99903493683643196377 0.00000000099999999999 0.00000000099999999999 0.00096506116356803696 
0.99798947560148532077 0.00000000099999999999 0.00000000099999999999 0.00201052239851473059 
0.99999999699999997382 0.00000000099999999976 0.00000000099999999976 0.00000000099999999976 
0.98348730928297023457 0.01651268871702975607 0.00000000099999999992 0.00000000099999999992 
0.99999999699999997382 0.00000000099999999986 0.00000000099999999986 0.00000000099999999986 
0.99156091561481318752 0.00843908238518686557 0.00000000099999999990 0.00000000099999999990 
0.99999833591698750190 0.00000166208301259749 0.00000000099999999986 0.00000000099999999986 
0.98018868174089823775 0.01981131625910161412 0.00000000099999999990 0.00000000099999999990 
0.99511678305564188474 0.00488321494435820912 0.00000000099999999981 0.00000000099999999981 
0.92375602084834418370 0.07435588680284924146 0.00052780134723818227 0.00136029100156838064 
0.99999999699999997382 0.00000000099999999986 0.00000000099999999986 0.00000000099999999986 
0.99999999699999997382 0.00000000099999999988 0.00000000099999999988 0.00000000099999999988 
0.98206752199184899066 0.01793247600815104509 0.00000000099999999991 0.00000000099999999991 
0.99871794724333373683 0.00128205075666625143 0.00000000099999999982 0.00000000099999999982 
0.99999999700000008485 0.00000000099999999984 0.00000000099999999984 0.00000000099999999984 
0.99999999699999997382 0.00000000099999999995 0.00000000099999999995 0.00000000099999999995 
0.99999999699999997382 0.00000000099999999985 0.00000000099999999985 0.00000000099999999985 
0.99511525091201591398 0.00488474708798406626 0.00000000099999999986 0.00000000099999999986 
0.99999999700000008485 0.00000000099999999980 0.00000000099999999980 0.00000000099999999980 
0.99695797132966701426 0.00304202667033301758 0.00000000099999999978 0.00000000099999999978 
0.99999999699999997382 0.00000000099999999983 0.00000000099999999983 0.00000000099999999983 
0.99706765118989126861 0.00000000100000000000 0.00090205704491350960 0.00203029076519524497 
0.99787857937880575232 0.00000000100000000000 0.00079189994980337244 0.00132951967139077146 
0.99707311073250159961 0.00181258455729477836 0.00000000099999999999 0.00111430371020380926 
0.99999999700000008485 0.00000000099999999992 0.00000000099999999992 0.00000000099999999992 
0.99999999700000008485 0.00000000099999999963 0.00000000099999999963 0.00000000099999999963 
0.99999999700000008485 0.00000000099999999966 0.00000000099999999966 0.00000000099999999966 
0.99745584847640822446 0.00254414952359166601 0.00000000099999999979 0.00000000099999999979 
0.99999999700000008485 0.00000000099999999975 0.00000000099999999975 0.00000000099999999975 
0.99771033223077965069 0.00228966576922031350 0.00000000099999999969 0.00000000099999999969 
0.99818956297556937773 0.00181043502443057561 0.00000000099999999967 0.00000000099999999967 
0.99999999699999997382 0.00000000099999999978 0.00000000099999999978 0.00000000099999999978 
0.99999999699999997382 0.00000000099999999963 0.00000000099999999963 0.00000000099999999963 
0.99579890020674033391 0.00420109779325957867 0.00000000099999999984 0.00000000099999999984 
0.99862455975432851130 0.00137543824567163027 0.00000000099999999972 0.00000000099999999972 
0.99999999700000008485 0.00000000099999999969 0.00000000099999999969 0.00000000099999999969 
0.98978657235173839180 0.01021342564826157977 0.00000000099999999990 0.00000000099999999990 
0.99999999700000008485 0.00000000099999999983 0.00000000099999999983 0.00000000099999999983 
0.99999999700000008485 0.00000000099999999985 0.00000000099999999985 0.00000000099999999985 
0.99999999699999997382 0.00000000099999999981 0.00000000099999999981 0.00000000099999999981 
0.99760285008275884078 0.00239714791724131900 0.00000000099999999977 0.00000000099999999977 
0.99999999700000008485 0.00000000099999999972 0.00000000099999999972 0.00000000099999999972 
0.99718045500774887824 0.00281954299225113669 0.00000000099999999971 0.00000000099999999971 
0.99999999699999997382 0.00000000099999999981 0.00000000099999999981 0.00000000099999999981 
0.99246972112300879676 0.00753027687699117394 0.00000000099999999985 0.00000000099999999985 
0.99245376676445851150 0.00754623123554155895 0.00000000099999999975 0.00000000099999999975 
0.98747839721696473170 0.00861607653716004070 0.00000000099999999999 0.00390552524587534956 
0.97416440083533439864 0.01950528859156726996 0.00000000099999999999 0.00633030957309818100 
0.99999999700000008485 0.00000000099999999992 0.00000000099999999992 0.00000000099999999992 
0.97806099956694458886 0.01920953825505831297 0.00000000099999999999 0.00272946117799713209 
0.99057462309542942958 0.00439278117699890350 0.00082105413040528270 0.00421154159716632254 
0.99494978758545848940 0.00000000099999999999 0.00000000099999999999 0.00505021041454157670 
0.99864295516398915442 0.00000000099999999998 0.00000000099999999998 0.00135704283601086788 
0.99999999700000008485 0.00000000099999999997 0.00000000099999999997 0.00000000099999999997 
0.99707281002587100360 0.00000000099999999998 0.00000000099999999998 0.00292718797412902824 
0.99307963648979935556 0.00433511961905485785 0.00000000099999999999 0.00258524289114580056 
0.99983832584971277235 0.00016167215028726372 0.00000000099999999987 0.00000000099999999987 
0.97713140802833164944 0.01623144672445345910 0.00056951668985878885 0.00606762855735613633 
0.99211922985911427109 0.00473892581442965626 0.00035958107811003763 0.00278226324834599361 
0.33269329286799131928 0.66730670513200862626 0.00000000100000000000 0.00000000100000000000 
0.38060989364637487498 0.61071320128341510802 0.00867690407020983191 0.00000000100000000000 
0.61730642596800244792 0.37409125561277822847 0.00513458297536201810 0.00346773544385726171 
0.98925974338402300479 0.01074025461597705698 0.00000000099999999985 0.00000000099999999985 
0.99785661060454211579 0.00214338739545794858 0.00000000099999999986 0.00000000099999999986 
0.99999999699999997382 0.00000000099999999976 0.00000000099999999976 0.00000000099999999976 
0.99999999699999997382 0.00000000099999999976 0.00000000099999999976 0.00000000099999999976 
0.98956150310818380422 0.00187501771303659600 0.00000000100000000000 0.00856347817877962068 
0.99916768448464499119 0.00000000099999999992 0.00083231351535487357 0.00000000099999999992 
0.98538831689059735996 0.01365983646483448673 0.00000000099999999998 0.00095184564456812131 
0.99999999700000008485 0.00000000099999999978 0.00000000099999999978 0.00000000099999999978 
0.99999999699999997382 0.00000000099999999984 0.00000000099999999984 0.00000000099999999984 
0.99999999699999997382 0.00000000099999999987 0.00000000099999999987 0.00000000099999999987 
0.99999999699999997382 0.00000000099999999983 0.00000000099999999983 0.00000000099999999983 
0.99122117466758641324 0.00000000099999999995 0.00877882333241354097 0.00000000099999999995 
0.99765658325453598909 0.00000000099999999979 0.00234341474546391742 0.00000000099999999979 
0.99247258215508682433 0.00000000099999999990 0.00752741584491319234 0.00000000099999999990 
0.99999999699999997382 0.00000000099999999974 0.00000000099999999974 0.00000000099999999974 
0.99999999700000008485 0.00000000099999999968 0.00000000099999999968 0.00000000099999999968 
0.98845253228816665203 0.00000000099999999982 0.01154746571183324841 0.00000000099999999982 
0.99999999699999997382 0.00000000099999999977 0.00000000099999999977 0.00000000099999999977 
0.99999999700000008485 0.00000000099999999970 0.00000000099999999970 0.00000000099999999970 
0.99938949012953359752 0.00000000099999999981 0.00061050787046635182 0.00000000099999999981 
0.99805416427485438291 0.00194583372514565631 0.00000000099999999973 0.00000000099999999973 
0.99999999699999997382 0.00000000099999999981 0.00000000099999999981 0.00000000099999999981 
0.99723700940409853999 0.00000000100000000000 0.00010814609502650007 0.00265484350087501252 
0.99434725114720601269 0.00565274685279400398 0.00000000099999999976 0.00000000099999999976 
0.99999999699999997382 0.00000000099999999983 0.00000000099999999983 0.00000000099999999983 
0.99310241001383048332 0.00689758798616954896 0.00000000099999999969 0.00000000099999999969 
0.99448924415266182208 0.00292814288235852122 0.00000000099999999999 0.00258261196497974093 
0.99999999700000008485 0.00000000099999999969 0.00000000099999999969 0.00000000099999999969 
0.99717808179995426343 0.00282191620004573459 0.00000000099999999968 0.00000000099999999968 
0.98865793580192407042 0.01134206219807581094 0.00000000099999999978 0.00000000099999999978 
0.99999999699999997382 0.00000000099999999959 0.00000000099999999959 0.00000000099999999959 
0.99671769294771028758 0.00328230505228983447 0.00000000099999999965 0.00000000099999999965 
0.99999999700000008485 0.00000000099999999983 0.00000000099999999983 0.00000000099999999983 
0.98874066430875173772 0.01125933369124816966 0.00000000099999999975 0.00000000099999999975 
0.99999999700000008485 0.00000000099999999973 0.00000000099999999973 0.00000000099999999973 
0.95973221040635336987 0.04026778759364670057 0.00000000099999999988 0.00000000099999999988 
0.99001666035361057805 0.00998333764638930504 0.00000000099999999982 0.00000000099999999982 
0.99917792628215551520 0.00000000099999999994 0.00082207171784456435 0.00000000099999999994 
0.99728115429262775837 0.00271884370737214510 0.00000000099999999979 0.00000000099999999979 
0.98415852300435191502 0.01517630536926619332 0.00066517062638193957 0.00000000099999999993 
0.98802675654767324609 0.01197324145232674455 0.00000000099999999985 0.00000000099999999985 
0.99652232044205546480 0.00347767755794442827 0.00000000099999999974 0.00000000099999999974 
0.99999999700000008485 0.00000000099999999972 0.00000000099999999972 0.00000000099999999972 
0.99326130586268124301 0.00673869213731875024 0.00000000099999999977 0.00000000099999999977 
0.95998167039817627888 0.04001832760182384707 0.00000000099999999991 0.00000000099999999991 
0.99999999700000008485 0.00000000099999999964 0.00000000099999999964 0.00000000099999999964 
0.99836128856928074704 0.00163870943071920197 0.00000000099999999986 0.00000000099999999986 
0.99457817469726761406 0.00151590527705907155 0.00000000099999999999 0.00390591902567337607 
0.99999999700000008485 0.00000000099999999975 0.00000000099999999975 0.00000000099999999975 
0.99999999700000008485 0.00000000099999999979 0.00000000099999999979 0.00000000099999999979 
0.99999999700000008485 0.00000000099999999956 0.00000000099999999956 0.00000000099999999956 
0.99625015761707169659 0.00110580969969302240 0.00148593142643024486 0.00115810125680504308 
0.99885554877212567870 0.00000000099999999996 0.00000000099999999996 0.00114444922787434664 
0.99999999700000008485 0.00000000099999999973 0.00000000099999999973 0.00000000099999999973 
0.99999999700000008485 0.00000000099999999968 0.00000000099999999968 0.00000000099999999968 
0.99999999699999997382 0.00000000099999999988 0.00000000099999999988 0.00000000099999999988 
0.99999999700000008485 0.00000000099999999959 0.00000000099999999959 0.00000000099999999959 
0.99999999699999997382 0.00000000099999999996 0.00000000099999999996 0.00000000099999999996 
0.99999999700000008485 0.00000000099999999993 0.00000000099999999993 0.00000000099999999993 
0.99999999699999997382 0.00000000099999999983 0.00000000099999999983 0.00000000099999999983 
0.99999999699999997382 0.00000000099999999990 0.00000000099999999990 0.00000000099999999990 
0.99885867678756601329 0.00021825301266415853 0.00000000099999999997 0.00092306919976986080 
0.99999999699999997382 0.00000000099999999992 0.00000000099999999992 0.00000000099999999992 
0.99652967964565519754 0.00000000100000000000 0.00025040871513147279 0.00321991063921337178 
0.99124270890788535038 0.00655365932177658875 0.00000000099999999998 0.00220363077033817632 
