0.59118823637926998238 0.00000000099999999976 0.40881176162073001867 0.00000000099999999976 
0.58323915348591071073 0.00000000099999999977 0.41676084451408929032 0.00000000099999999977 
0.58776857511955871161 0.00000000099999999977 0.41223142288044128945 0.00000000099999999977 
0.58353867913725054883 0.00000000099999999977 0.41646131886274945222 0.00000000099999999977 
0.58457984487997405321 0.00000000099999999978 0.41542015312002589233 0.00000000099999999978 
0.59029244640117872756 0.00000000099999999979 0.40970755159882127350 0.00000000099999999979 
0.59234674039832013737 0.00000000099999999976 0.40765325760167969715 0.00000000099999999976 
0.58382557275370727812 0.00000000099999999978 0.41617442524629283396 0.00000000099999999978 
0.58956056219976749055 0.00000000099999999977 0.41043943580023245499 0.00000000099999999977 
0.58607203197810042727 0.00000000099999999978 0.41392796602189951827 0.00000000099999999978 
0.58876881631575306297 0.00000000099999999978 0.41123118168424693808 0.00000000099999999978 
0.58678852765261169111 0.00000000099999999981 0.41321147034738830994 0.00000000099999999981 
0.58851663730263648056 0.00000000099999999977 0.41148336069736335396 0.00000000099999999977 
0.59209948965933645315 0.00000000099999999977 0.40790050834066354790 0.00000000099999999977 
0.59077729745135609818 0.00000000099999999977 0.40922270054864384736 0.00000000099999999977 
0.58924357430033458272 0.00000000099999999977 0.41075642369966541834 0.00000000099999999977 
0.58927173805532306883 0.00000000099999999977 0.41072825994467693222 0.00000000099999999977 
0.58163317925827229260 0.00000000099999999979 0.41836681874172765294 0.00000000099999999979 
0.58279766805102128924 0.00000000099999999978 0.41720232994897860079 0.00000000099999999978 
0.57576840230430681444 0.00000000099999999978 0.42423159569569307559 0.00000000099999999978 
0.58557788186790182827 0.00000000099999999978 0.41442211613209822829 0.00000000099999999978 
0.59202557293946833639 0.00000000099999999978 0.40797442506053155364 0.00000000099999999978 
0.58940669060647921107 0.00000000099999999978 0.41059330739352073447 0.00000000099999999978 
0.58990294921888986046 0.00000000099999999979 0.41009704878111008508 0.00000000099999999979 
0.58817496126582846649 0.00000000099999999984 0.41182503673417159007 0.00000000099999999984 
0.59270543018193178053 0.00000000099999999978 0.40729456781806822052 0.00000000099999999978 
0.58960352311025210348 0.00000000099999999978 0.41039647488974800860 0.00000000099999999978 
0.58872785907891367341 0.00000000099999999978 0.41127213892108638316 0.00000000099999999978 
0.59096200805626009078 0.00000000099999999979 0.40903798994373985476 0.00000000099999999979 
0.59225926408869322692 0.00000000099999999979 0.40774073391130666311 0.00000000099999999979 
0.58415918489633522626 0.00000000099999999981 0.41584081310366471929 0.00000000099999999981 
0.58653494992068144764 0.00000000099999999984 0.41346504807931860892 0.00000000099999999984 
0.58589490494400420229 0.00000000099999999981 0.41410509305599579877 0.00000000099999999981 
0.58310555676201214492 0.00000000099999999982 0.41689444123798791164 0.00000000099999999982 
0.59571714760641558684 0.00000000099999999980 0.40428285039358441422 0.00000000099999999980 
0.57455115469918349724 0.00000000099999999982 0.42544884330081650381 0.00000000099999999982 
0.59024747490279538820 0.00000000099999999981 0.40975252309720450183 0.00000000099999999981 
0.58466776766250017072 0.00000000099999999981 0.41533223033749966380 0.00000000099999999981 
0.58649631509352395664 0.00000000099999999982 0.41350368290647604441 0.00000000099999999982 
0.57470885187832843055 0.00000000099999999984 0.42529114612167157050 0.00000000099999999984 
0.59229517509384432827 0.00000000099999999981 0.40770482290615561727 0.00000000099999999981 
0.58185474095452760501 0.00000000099999999983 0.41814525704547234053 0.00000000099999999983 
0.58411970993637474248 0.00000000099999999981 0.41588028806362531409 0.00000000099999999981 
0.58725968318328924944 0.00000000099999999982 0.41274031481671069610 0.00000000099999999982 
0.58716943918043940087 0.00000000099999999983 0.41283055881956060018 0.00000000099999999983 
0.57669041498721262951 0.00000000099999999982 0.42330958301278731604 0.00000000099999999982 
0.58624580692229943946 0.00000000099999999983 0.41375419107770039506 0.00000000099999999983 
0.58114337914211433578 0.00000000099999999986 0.41885661885788560976 0.00000000099999999986 
0.59321216995745074119 0.00000000099999999988 0.40678782804254925987 0.00000000099999999988 
0.57309519569876588019 0.00000000099999999989 0.42690480230123406535 0.00000000099999999989 
0.59325696079035672437 0.00000000099999999994 0.40674303720964322117 0.00000000099999999994 
0.00000000099999999983 0.00000000099999999983 0.40328481076180161535 0.59671518723819849672 
0.00000000099999999968 0.00000000099999999968 0.44222609063953877140 0.55777390736046117414 
0.00000000099999999990 0.00000000099999999990 0.49724516931981027623 0.50275482868018972482 
0.00000000099999999955 0.00000000099999999955 0.38884938644609579050 0.61115061155390437708 
0.00000000099999999963 0.00000000099999999963 0.39479811805692460736 0.60520187994307528268 
0.00000000099999999953 0.00000000099999999953 0.39671165210596348594 0.60328834589403645960 
0.00000000099999999973 0.00000000099999999973 0.39496850120675497386 0.60503149679324508270 
0.00000000099999999960 0.00000000099999999960 0.37195777139985092274 0.62804222660014918933 
0.00000000099999999972 0.00000000099999999972 0.40634099033373771714 0.59365900766626233942 
0.00000000099999999998 0.00445984570229370370 0.39873926024207217989 0.59680089305563410740 
0.00000000099999999965 0.00000000099999999965 0.42341324657857976055 0.57658675142142012948 
0.00000000099999999964 0.00000000099999999964 0.41884731366319061241 0.58115268433680933313 
0.00000000099999999997 0.00453742146655673056 0.42229418068895968608 0.57316839684448361858 
0.00000000099999999971 0.00000000099999999971 0.43524152801535692658 0.56475846998464307447 
0.00000000099999999990 0.00000000099999999990 0.39115727218616908045 0.60884272581383103162 
0.00000000099999999956 0.00000000099999999956 0.39302016889010504830 0.60697982910989489724 
0.00000000099999999975 0.00000000099999999975 0.49374074449131155617 0.50625925350868850039 
0.00000000099999999988 0.00000000099999999988 0.48943142442113224400 0.51056857357886786808 
0.00000000099999999965 0.00000000099999999965 0.43532725852634707175 0.56467273947365281828 
0.00000000099999999966 0.00000000099999999966 0.41104773208362993531 0.58895226591636995472 
0.00000000099999999966 0.00000000099999999966 0.41394625250809541361 0.58605374549190447642 
0.00000000099999999954 0.00000000099999999954 0.40348178270852819161 0.59651821529147186496 
0.00000000099999999968 0.00000000099999999968 0.44069686869561436326 0.55930312930438563779 
0.00000000099999999967 0.00000000099999999967 0.46393230973582305632 0.53606768826417683371 
0.00000000099999999983 0.00000000099999999983 0.49264927902658783854 0.50735071897341210700 
0.00000000099999999959 0.00000000099999999959 0.41343288237866360202 0.58656711562133634352 
0.00000000099999999971 0.00000000099999999971 0.47017597974451452725 0.52982401825548541829 
0.00000000099999999997 0.00465122691619527812 0.44820227556472530539 0.54714649651907953931 
0.00000000099999999997 0.00039884895253227396 0.39515917858344934421 0.60444197146401834608 
0.00000000099999999976 0.00000000099999999976 0.44832023609022025878 0.55167976190977963125 
0.00000000099999999964 0.00000000099999999964 0.38062271520955465176 0.61937728279044546031 
0.00082319743454116196 0.00139252691206786508 0.42547402378103638121 0.57231025187235462504 
0.00000000099999999982 0.00000000099999999982 0.55293162233592196841 0.44706837566407786611 
0.00000000099999999980 0.00000000099999999980 0.46009116911575070885 0.53990882888424929220 
0.00000000099999999973 0.00000000099999999973 0.48129987197838852708 0.51870012602161152948 
0.00000000099999999980 0.00000000099999999980 0.43057698152786477719 0.56942301647213522386 
0.00000000099999999972 0.00000000099999999972 0.49282714575193098394 0.50717285224806918364 
0.00000000099999999974 0.00000000099999999974 0.48876545277350724739 0.51123454522649280918 
0.00000000099999999975 0.00000000099999999975 0.52269730505187850245 0.47730269294812138758 
0.00000000099999999999 0.00124324217033726088 0.42027927483905758166 0.57847748199060522456 
0.00000000099999999984 0.00000000099999999984 0.44104180933409359300 0.55895818866590651908 
0.00000000099999999992 0.00000000099999999992 0.45537220008320650200 0.54462779791679338803 
0.00000000099999999977 0.00000000099999999977 0.40791014627109090096 0.59208985172890915560 
0.00000000099999999967 0.00000000099999999967 0.47765220565575655653 0.52234779234424355554 
0.00000000099999999965 0.00000000099999999965 0.46252090472739221250 0.53747909327260789958 
0.00000000099999999967 0.00000000099999999967 0.47937394840101993365 0.52062604959898006740 
0.00000000099999999967 0.00000000099999999967 0.46724597399656941921 0.53275402400343063736 
0.00000000099999999993 0.00000000099999999993 0.49845062107703830279 0.50154937692296175378 
0.00000000099999999966 0.00000000099999999966 0.45111157405776530771 0.54888842394223458232 
0.00000000099999999979 0.00000000099999999979 0.49898852594418963147 0.50101147205581031407 
0.00000000099999999967 0.00000000099999999967 0.44042246392772149699 0.55957753407227850406 
0.00000000099999999971 0.00000000099999999971 0.49381373785503879237 0.50618626014496126420 
0.00000000099999999978 0.00000000099999999978 0.47683193035624926726 0.52316806764375078931 
0.00000000099999999979 0.00000000099999999979 0.44032360126289515900 0.55967639673710489756 
0.00000000099999999969 0.00000000099999999969 0.45194722273671095181 0.54805277526328910476 
0.00000000099999999973 0.00000000099999999973 0.43240901920854313278 0.56759097879145681276 
0.00000000099999999980 0.00000000099999999980 0.45416223335879202239 0.54583776464120803418 
0.00000000099999999983 0.00000000099999999983 0.47651480542239527116 0.52348519257760472989 
0.00000000099999999969 0.00000000099999999969 0.44707505139323372445 0.55292494660676627660 
0.00000000099999999981 0.00000000099999999981 0.43420038994388449050 0.56579960805611562158 
0.00000000099999999966 0.00000000099999999966 0.48369497027635571795 0.51630502772364428310 
0.00000000099999999989 0.00000000099999999989 0.50939067959695083498 0.49060931840304894402 
0.00000000099999999986 0.00000000099999999986 0.48761658973776372816 0.51238340826223616187 
0.00000000099999999992 0.00000000099999999992 0.49636245472237033871 0.50363754327762966234 
0.00000000099999999979 0.00000000099999999979 0.44037676889208415831 0.55962322910791595376 
0.00000000099999999990 0.00000000099999999990 0.52704730515828690507 0.47295269284171309598 
0.00019308154272079786 0.00526742273193782015 0.41092565882163384350 0.58361383690370760569 
0.00187578749209264036 0.00292211921047982491 0.45498375836606042011 0.54021833493136717230 
0.00225037642126952762 0.00174399304290152120 0.45234824054095468249 0.54365738999487434047 
0.00000000099999999999 0.00118790534433134551 0.47252783548389870605 0.52628425817176982537 
0.00007162891219297538 0.00184116321350789652 0.49053911176067405142 0.50754809611362494692 
0.00000000100000000000 0.00245837897807216427 0.45315664847749381750 0.54438497154443410420 
0.00000000099999999973 0.00000000099999999973 0.00894628805869404804 0.99105370994130592699 
0.00000000099999999971 0.00000000099999999971 0.00000000099999999971 0.99999999699999997382 
0.00000000099999999977 0.00000000099999999977 0.00574719394585515315 0.99425280405414484530 
0.00000000099999999993 0.00000000099999999993 0.00000000099999999993 0.99999999700000008485 
0.00000000099999999967 0.00000000099999999967 0.00000000099999999967 0.99999999699999997382 
0.00000000099999999973 0.00000000099999999973 0.00000000099999999973 0.99999999700000008485 
0.00000000099999999980 0.00000000099999999980 0.00103777859425871455 0.99896221940574125853 
0.00000000099999999976 0.00000000099999999976 0.00686760336248085166 0.99313239463751923353 
0.00000000099999999971 0.00000000099999999971 0.00124185699015396419 0.99875814100984594557 
0.00000000099999999991 0.00000000099999999991 0.00000000099999999991 0.99999999699999997382 
0.00000000099999999972 0.00000000099999999972 0.00000000099999999972 0.99999999699999997382 
0.00000000099999999969 0.00000000099999999969 0.00460022190223009862 0.99539977609776997269 
0.00000000099999999972 0.00000000099999999972 0.00000000099999999972 0.99999999699999997382 
0.00000000099999999974 0.00000000099999999974 0.00000000099999999974 0.99999999700000008485 
0.00000000099999999982 0.00000000099999999982 0.00000000099999999982 0.99999999699999997382 
0.00000000099999999977 0.00000000099999999977 0.03256302561865615647 0.96743697238134396255 
0.00000000099999999980 0.00000000099999999980 0.00510488373751901477 0.99489511426248089521 
0.00000000099999999961 0.00000000099999999961 0.00000000099999999961 0.99999999699999997382 
0.00086019808473099734 0.00131795647909697358 0.01375457805977456892 0.98406726737639749203 
0.00000000099999999998 0.00135673053209874354 0.06203317651072468714 0.93661009195717659370 
0.00000000099999999989 0.00000000099999999989 0.00000000099999999989 0.99999999699999997382 
0.00178031405339251401 0.00379752316631129776 0.07102283449421707695 0.92339932828607906856 
0.00000000099999999996 0.00175643664477341749 0.06882037734504753423 0.92942318501017895382 
0.00000000099999999998 0.00305863144846421934 0.06448545832713921400 0.93245590922439647308 
0.00000000099999999997 0.00099256135538793662 0.01052522231015677254 0.98848221533445523868 
0.00025852792387845100 0.00231757465000134591 0.07105478384678948212 0.92636911357933060529 
0.00000000099999999999 0.00175800967694805343 0.04091796208605437413 0.95732402723699761005 
0.00000000099999999999 0.00084152849324471918 0.03660706969672070793 0.96255140081003465191 
0.00116053502911205790 0.00000000099999999996 0.03213359747635256836 0.96670586649453527084 
0.00000000099999999989 0.00000000099999999989 0.07147858401683880591 0.92852141398316123677 
0.00039851206914359537 0.00091891459274060915 0.04086607538535452777 0.95781649795276124770 
0.00060000103503955846 0.00282082702023875266 0.04541029184484828007 0.95116888009987343722 
0.00000000100000000000 0.00556406488601680731 0.06297178635784413114 0.93146414775613906034 
0.00000000099999999994 0.00000000099999999994 0.02540598746973794786 0.97459401053026195605 
0.00000000099999999987 0.00000000099999999987 0.07249342054739447982 0.92750657745260556286 
0.00000000099999999978 0.00000000099999999978 0.08715288261648372614 0.91284711538351637206 
0.00000000100000000000 0.00000000100000000000 0.04409690426797702872 0.95590309373202297927 
0.00859862102276632255 0.00000000100000000000 0.07770687270213107178 0.91369450527510265303 
0.00107598656020501857 0.00212456216194751527 0.16602868991681732358 0.83077076136103022996 
0.00000000100000000000 0.01174167184311218637 0.19010571308401513768 0.79815261407287274587 
0.00274243459334166896 0.00000000099999999991 0.06766981325368093270 0.92958775115297742619 
0.00000000100000000000 0.01108915528307603642 0.12193341496381057687 0.86697742875311345490 
0.00000000100000000000 0.00030481273387247099 0.22238829788314951053 0.77730688838297801180 
0.00000000099999999995 0.00000000099999999995 0.01585898866561300663 0.98414100933438697361 
0.00555513200941599051 0.00000000100000000000 0.00228227440721756733 0.99216259258336636506 
0.00818368616243564731 0.00000000099999999994 0.04091204027020522299 0.95090427256735909900 
0.00000000099999999998 0.00000000099999999998 0.01821944588431035142 0.98178055211568959759 
0.00329871086883668169 0.00000000099999999993 0.02008676660071643041 0.97661452153044681079 
0.00103021836638509312 0.00000000099999999998 0.02980375429811591217 0.96916602633549897572 
0.00000000099999999964 0.00000000099999999964 0.04219382255685971000 0.95780617544314017309 
0.00000000099999999979 0.00000000099999999979 0.01266077217021150184 0.98733922582978850269 
0.00000000099999999997 0.00111631466244381072 0.25667249291807592293 0.74221119141948033171 
0.00004131484893780435 0.00000000099999999992 0.22839775677345117155 0.77156092737761095002 
0.00000000099999999999 0.28710558164035909767 0.13344076853879185962 0.57945364882084882119 
0.00081779308551022101 0.00314228415056073962 0.28690031006925159618 0.70913961269467751247 
0.00058689878258930172 0.00289912203130306915 0.26377073968033210027 0.73274323950577557873 
0.00000000100000000000 0.31033892067254387204 0.12185212424532294861 0.56780895408213316600 
0.00000000099999999999 0.24294166567535629975 0.18182017032380110022 0.57523816300084262831 
0.00000000099999999999 0.24528134467183657086 0.13804168364754418330 0.61667697068061921861 
0.00000000100000000000 0.23095634941266099394 0.15461963139543907775 0.61442401819189984558 
0.00000000099999999999 0.22417588906836116713 0.18384685812524242943 0.59197725180639648723 
0.00000000099999999986 0.00000000099999999986 0.25035333490980898885 0.74964666309019101220 
0.00000000099999999999 0.27466812926021272334 0.14562478383769486556 0.57970708590209230060 
0.00084884226651172549 0.00629575997906631386 0.24272761416485458263 0.75012778358956733182 
0.00000000099999999999 0.29913607261367614054 0.15900832542540405123 0.54185560096091989202 
0.00000000099999999989 0.00000000099999999989 0.27535220722911918356 0.72464779077088070647 
0.00000000099999999982 0.00000000099999999982 0.27684548007650794377 0.72315451792349205729 
0.00000000099999999999 0.29145102214738310975 0.17758633466828796510 0.53096264218432887017 
0.00021687632591827334 0.00000000099999999992 0.23301438853812658780 0.76676873413595514339 
0.00000000099999999997 0.00208908616009754024 0.26717306540478413801 0.73073784743511838169 
0.00125865370196742384 0.00256497135273469137 0.13694022715510503763 0.85923614779019286125 
0.00000000100000000000 0.04756574925813338017 0.06088827300747429172 0.89154597673439228700 
0.00141237287287131414 0.00000000100000000000 0.06662221570165799411 0.93196541042547065281 
0.00145280230240213805 0.00000000099999999999 0.00656494849245734414 0.99198224820514047106 
0.00000000100000000000 0.02554613889849989550 0.06368025683878437981 0.91077360326271572522 
0.00000000099999999973 0.00000000099999999973 0.00000379214000772581 0.99999620585999227096 
0.00000000099999999975 0.00000000099999999975 0.00000000099999999975 0.99999999699999997382 
0.00000000100000000000 0.13445718513586552012 0.01160549970032493348 0.85393731416380957988 
0.00000000099999999995 0.00000000099999999995 0.00000000099999999995 0.99999999699999997382 
0.00000000099999999987 0.00000000099999999987 0.00000000099999999987 0.99999999700000008485 
0.00000000099999999947 0.00000000099999999947 0.00000000099999999947 0.99999999700000008485 
0.00000000099999999964 0.00000000099999999964 0.00023752285276463448 0.99976247514723537435 
0.00000000099999999964 0.00000000099999999964 0.00086511393893331167 0.99913488406106665263 
0.00000000099999999964 0.00000000099999999964 0.00000000099999999964 0.99999999699999997382 
0.00000000099999999954 0.00000000099999999954 0.00000000099999999954 0.99999999699999997382 
0.00000000099999999975 0.00000000099999999975 0.00927434456269694840 0.99072565343730301102 
0.00000000099999999986 0.00000000099999999986 0.00400352509112209855 0.99599647290887782791 
0.00000000099999999965 0.00000000099999999965 0.00000000099999999965 0.99999999700000008485 
0.00000000099999999999 0.00629983690526943630 0.00000000099999999999 0.99370016109473047194 
0.00000000099999999991 0.00000000099999999991 0.03602085439645689308 0.96397914360354319818 
0.00000000099999999980 0.00000000099999999980 0.00668026333515575350 0.99331973466484424495 
0.00000000099999999989 0.00000000099999999989 0.00670969045839179060 0.99329030754160829719 
0.00000000099999999963 0.00000000099999999963 0.00000000099999999963 0.99999999700000008485 
0.00000000099999999978 0.00000000099999999978 0.00000000099999999978 0.99999999700000008485 
0.00012169262120937248 0.00000000099999999997 0.00857050930537156183 0.99130779707341898366 
0.00000000099999999999 0.00458474956308112074 0.04258017043446487432 0.95283507900245412170 
0.00000000099999999980 0.00000000099999999980 0.01154525303372584862 0.98845474496627405703 
0.00000000099999999977 0.00000000099999999977 0.00841853613600495806 0.99158146186399509503 
0.00000000099999999959 0.00000000099999999959 0.00000000099999999959 0.99999999700000008485 
0.00000000099999999976 0.00000000099999999976 0.00471947545163809573 0.99528052254836196777 
0.00000000099999999977 0.00000000099999999977 0.02643419921752788657 0.97356579878247218041 
0.00000000099999999983 0.00000000099999999983 0.00804797353049442957 0.99195202446950558883 
0.00117525499998370666 0.00000000099999999998 0.09083676126326391265 0.90798798273675240811 
0.00044558167981377175 0.00000000100000000000 0.01667401761876343910 0.98288039970142282442 
0.00000000099999999989 0.00000000099999999989 0.00000000099999999989 0.99999999700000008485 
0.00000000099999999997 0.00056837551227719850 0.05306056294817377422 0.94637106053954900275 
0.00000000099999999984 0.00000000099999999984 0.00000000099999999984 0.99999999699999997382 
0.00247491411668058874 0.00270403830374632559 0.00000000100000000000 0.99482104657957315386 
0.00000000099999999998 0.00198223092345080820 0.00000000099999999998 0.99801776707654910048 
0.00279684095334698738 0.00662851685611421087 0.01222588687657632893 0.97834875531396237047 
0.00000000099999999998 0.00612922619077859322 0.00000000099999999998 0.99387077180922134279 
0.00000000099999999999 0.00189329175548773191 0.00000000099999999999 0.99810670624451236499 
0.00000000099999999986 0.00000000099999999986 0.01918945701032474110 0.98081054098967523913 
0.00000000099999999985 0.00000000099999999985 0.00614682620776363462 0.99385317179223642281 
0.00000000099999999983 0.00000000099999999983 0.02842691524797167843 0.97157308275202824976 
0.00218561775139623380 0.00000000099999999999 0.00672538466003265965 0.99108899658857108061 
0.00000000099999999972 0.00000000099999999972 0.00000000099999999972 0.99999999700000008485 
0.00229706567150504389 0.00034200874602768682 0.00429110644640378226 0.99306981913606351409 
0.00156369093305707297 0.00000000099999999998 0.15834303495982043897 0.84009327310712245129 
0.00000000099999999984 0.00000000099999999984 0.07534895428951136898 0.92465104371048867371 
0.00055143346468541357 0.00000000100000000000 0.00033731416072854318 0.99911125137458600687 
0.00000000099999999996 0.00000000099999999996 0.00000000099999999996 0.99999999700000008485 
0.00137953459588188525 0.00000000100000000000 0.00330547467290719576 0.99531498973121079743 
0.00250829920086612654 0.00147705385071253566 0.00000001530017449151 0.99601463164824688423 
0.00000000099999999989 0.00000000099999999989 0.02097607062109804049 0.97902392737890198138 
0.00000000099999999988 0.00000000099999999988 0.00412937132789385156 0.99587062667210612954 
0.00000000099999999985 0.00000000099999999985 0.04788472189834722115 0.95211527610165280766 
0.00129217968135549792 0.00000000099999999996 0.00000000099999999996 0.99870781831864441358 
0.00000000099999999982 0.00000000099999999982 0.00000000099999999982 0.99999999700000008485 
0.00000000099999999976 0.00000000099999999976 0.00000000099999999976 0.99999999699999997382 
0.00005050792650939742 0.00752739917073971723 0.00000000215307843005 0.99242209074967246973 
0.00000000099999999979 0.00000000099999999979 0.00000000099999999979 0.99999999700000008485 
0.00048604197489517608 0.00000000099999999999 0.01379495004739931217 0.98571900697770542532 
0.00000000099999999974 0.00000000099999999974 0.00000000099999999974 0.99999999700000008485 
0.00000000099999999993 0.00000000099999999993 0.00000042665434136799 0.99999957134565864436 
0.00000000100000000000 0.00088918806362517778 0.00468892116200687707 0.99442188977436785091 
0.00348717158068284714 0.00231222386585794824 0.02785859257174122527 0.96634201198171798541 
0.00000000099999999998 0.00129265631218860710 0.00000000099999999998 0.99870734168781138962 
0.00000000099999999993 0.00000000099999999993 0.00000000099999999993 0.99999999699999997382 
0.00000000099999999997 0.00091515836771608990 0.00672045071020403988 0.99236438992207987031 
0.00000000099999999999 0.00070456458485366438 0.01636757543873879062 0.98292785897640744253 
0.00000000099999999995 0.00000000099999999995 0.01788652711609040047 0.98211347088390965610 
0.00000000099999999997 0.00000000099999999997 0.00000000099999999997 0.99999999700000008485 
0.00000000099999999998 0.00835663660341726816 0.00267384976987672775 0.98896951262670607097 
0.00125598660484676225 0.00253761218955224094 0.00000000100000000000 0.99620640020560102812 
0.00132724229920139019 0.00090703807675568046 0.00716710178060492829 0.99059861784343805624 
0.00000000100000000000 0.01280655531054697253 0.09297524824940266164 0.89421819544005032299 
0.00048839149443884633 0.00262237902386583833 0.01074113948496303698 0.98614808999673220224 
0.00000000099999999999 0.00242480033220281426 0.03043833571852619380 0.96713686294927092568 
0.00000000099999999991 0.00000000099999999991 0.00000000099999999991 0.99999999700000008485 
0.00000000099999999973 0.00000000099999999973 0.00000000099999999973 0.99999999699999997382 
0.00000000099999999986 0.00000000099999999986 0.00004457771944131765 0.99995542028055861561 
0.00000000099999999997 0.00000000099999999997 0.00548986262152642741 0.99451013537847365864 
0.00000000099999999989 0.00000000099999999989 0.01059098725557962306 0.98940901074442033636 
0.00000000099999999998 0.00093720528111202264 0.00000000099999999998 0.99906279271888787097 
0.00063746419820785358 0.00423972170151768607 0.00000000100000000000 0.99512281310027439485 
0.00000000099999999998 0.00000000099999999998 0.00000000099999999998 0.99999999699999997382 
0.00004059106183534789 0.00564998113607096796 0.00000000100000000000 0.99430942680209366547 
0.00219303778776134628 0.00100867831111475727 0.00720899873872052170 0.98958928516240329820 
0.00085177633202465576 0.00567561657274944995 0.00000002612327690075 0.99347258097194901527 
0.00252851919671420993 0.00612242827053027881 0.00274085330150933022 0.98860819923124609865 
0.00000107590656676364 0.01216180338000923643 0.01192557055861487476 0.97591155015480901547 
0.00000000100000000000 0.00000000100000000000 0.00058592859828435380 0.99941406940171573225 
0.00000000099999999983 0.00000000099999999983 0.00000000099999999983 0.99999999699999997382 
0.00000000099999999988 0.00000000099999999988 0.00000000099999999988 0.99999999700000008485 
0.00174362623708132578 0.00000000099999999998 0.00446547921239764771 0.99379089355052097066 
0.00000000099999999989 0.00000000099999999989 0.01116136929045888175 0.98883862870954097879 
0.00057194221219176316 0.00000000099999999997 0.03834403092315657319 0.96108402586465169204 
0.00000000099999999990 0.00000000099999999990 0.01152666273625820893 0.98847333526374170365 
0.00000000099999999988 0.00000000099999999988 0.00000000099999999988 0.99999999700000008485 
0.00000000099999999960 0.00000000099999999960 0.00224322734247098211 0.99775677065752899075 
0.00000000099999999996 0.00000000099999999996 0.00000000099999999996 0.99999999699999997382 
0.00000000099999999996 0.00000000099999999996 0.00031567160946860217 0.99968432639053139699 
0.00000000099999999994 0.00000000099999999994 0.04357957186440086089 0.95642042613559907771 
0.00000000099999999995 0.00000000099999999995 0.03064741412143077298 0.96935258387856926277 
0.00000000099999999994 0.00000000099999999994 0.00921953516370988685 0.99078046283629006563 
0.00000000099999999998 0.00057119669688932354 0.02076047220965944462 0.97866833009345122196 
0.00000000099999999991 0.00000000099999999991 0.00000000099999999991 0.99999999700000008485 
0.00020164033723615870 0.00601333746320675301 0.02186495071229286810 0.97192007148726422550 
0.00000000099999999999 0.00728306711681748955 0.02509034054999705401 0.96762659133318540405 
0.00087071215158258475 0.00044362240451206454 0.00000000099999999999 0.99868566444390538539 
0.00000000099999999998 0.00201190733313277685 0.00000000099999999998 0.99798809066686733349 
0.00000000099999999970 0.00000000099999999970 0.00000000099999999970 0.99999999700000008485 
0.00000000099999999989 0.00000000099999999989 0.01803554187979486065 0.98196445612020499816 
0.00000000099999999982 0.00000000099999999982 0.00000000099999999982 0.99999999699999997382 
0.00000000099999999986 0.00000000099999999986 0.00872722925071435854 0.99127276874928571537 
0.00000000099999999983 0.00000000099999999983 0.00000001347011750214 0.99999998452988247966 
0.00000000099999999986 0.00000000099999999986 0.02066796151861366795 0.97933203648138633657 
0.00000000099999999976 0.00000000099999999976 0.00733177415485336201 0.99266822384514674660 
0.00000000100000000000 0.00163454670930614568 0.09836163416700041684 0.90000381812369345536 
0.00000000099999999984 0.00000000099999999984 0.00000000099999999984 0.99999999700000008485 
0.00000000099999999986 0.00000000099999999986 0.00000000099999999986 0.99999999699999997382 
0.00000000099999999988 0.00000000099999999988 0.01887280742084617921 0.98112719057915376286 
0.00000000099999999978 0.00000000099999999978 0.00520346743881152426 0.99479653056118844123 
0.00000000099999999980 0.00000000099999999980 0.00000000099999999980 0.99999999700000008485 
0.00000000099999999994 0.00000000099999999994 0.00000002610955545727 0.99999997189044464996 
0.00000000099999999980 0.00000000099999999980 0.00000000099999999980 0.99999999700000008485 
0.00000000099999999982 0.00000000099999999982 0.00475054969628940869 0.99524944830371064874 
0.00000000099999999974 0.00000000099999999974 0.00000000099999999974 0.99999999700000008485 
0.00000000099999999973 0.00000000099999999973 0.00299249353367438131 0.99700750446632557811 
0.00000000099999999980 0.00000000099999999980 0.00000000099999999980 0.99999999699999997382 
0.00000000099999999997 0.00224294919604271477 0.00000000099999999997 0.99775704880395732488 
0.00000000099999999999 0.00148619501818993073 0.00000000099999999999 0.99851380298181002804 
0.00000000099999999998 0.00111073605280753935 0.00144868522969237071 0.99744057771750016528 
0.00000000099999999989 0.00000000099999999989 0.00000000099999999989 0.99999999699999997382 
0.00000000099999999956 0.00000000099999999956 0.00000000099999999956 0.99999999700000008485 
0.00000000099999999959 0.00000000099999999959 0.00000000099999999959 0.99999999699999997382 
0.00000000099999999976 0.00000000099999999976 0.00249681348350814288 0.99750318451649189200 
0.00000000099999999968 0.00000000099999999968 0.00000000099999999968 0.99999999699999997382 
0.00000000099999999963 0.00000000099999999963 0.00257565739863939262 0.99742434060136064833 
0.00000000099999999960 0.00000000099999999960 0.00042904028844248127 0.99957095771155746178 
0.00000000099999999973 0.00000000099999999973 0.00000000099999999973 0.99999999700000008485 
0.00000000099999999955 0.00000000099999999955 0.00000000099999999955 0.99999999699999997382 
0.00000000099999999982 0.00000000099999999982 0.00468145072819324461 0.99531854727180679721 
0.00000000099999999969 0.00000000099999999969 0.00166584403084484305 0.99833415396915503592 
0.00000000099999999964 0.00000000099999999964 0.00000000099999999964 0.99999999700000008485 
0.00000000099999999986 0.00000000099999999986 0.00928704428855695908 0.99071295371144318942 
0.00000000099999999980 0.00000000099999999980 0.00000000099999999980 0.99999999699999997382 
0.00000000099999999983 0.00000000099999999983 0.00000000099999999983 0.99999999700000008485 
0.00000000099999999979 0.00000000099999999979 0.00000000099999999979 0.99999999699999997382 
0.00000000099999999976 0.00000000099999999976 0.00000066602505401229 0.99999933197494583759 
0.00000000099999999967 0.00000000099999999967 0.00000000099999999967 0.99999999699999997382 
0.00000000099999999966 0.00000000099999999966 0.00259711436711670615 0.99740288363288320816 
0.00000000099999999979 0.00000000099999999979 0.00000000099999999979 0.99999999700000008485 
0.00000000099999999981 0.00000000099999999981 0.00650002986603480642 0.99349996813396523887 
0.00000000099999999969 0.00000000099999999969 0.00856356083065365307 0.99143643716934626298 
0.00000000099999999998 0.00391094861956898295 0.00805306091900592248 0.98803598946142501269 
0.00000000099999999999 0.00633305628966829119 0.02101956101762944909 0.97264738169270237300 
0.00000000099999999989 0.00000000099999999989 0.00000000099999999989 0.99999999700000008485 
0.00000000100000000000 0.00274043909810910667 0.01966640343423609050 0.97759315646765476693 
0.00000000100000000000 0.00439195960515460261 0.00468512044673392945 0.99092291894811157515 
0.00000000100000000000 0.00497775492075585961 0.00000000100000000000 0.99502224307924413971 
0.00000000099999999997 0.00135532850721483593 0.00000000099999999997 0.99864466949278529739 
0.00000000099999999996 0.00000000099999999996 0.00000000099999999996 0.99999999700000008485 
0.00000000099999999999 0.00291255915368330339 0.00000000099999999999 0.99708743884631678700 
0.00000000099999999999 0.00263507239662648385 0.00495125614507197030 0.99241367045830164439 
0.00000000099999999984 0.00000000099999999984 0.00239012416557450981 0.99760987383442545351 
0.00000000100000000000 0.00623358524141262322 0.01762435067867967192 0.97614206307990758482 
0.00119381670447688101 0.00222015391234339039 0.00531051508159643103 0.99127551430158333812 
0.00248679212274420091 0.00000000100000000000 0.64741144790529592257 0.35010175897195999761 
0.00522651266739091510 0.00000000100000000000 0.60575406623886340896 0.38901942009374568254 
0.00000000895485555460 0.00510123840754316254 0.38173228628849509292 0.61316646634910620950 
0.00000000099999999982 0.00000000099999999982 0.00961675462579423580 0.99038324337420569066 
0.00000000099999999980 0.00000000099999999980 0.00222753065427484754 0.99777246734572511144 
0.00000000099999999973 0.00000000099999999973 0.00000000099999999973 0.99999999699999997382 
0.00000000099999999974 0.00000000099999999974 0.00000000099999999974 0.99999999699999997382 
0.00000000099999999999 0.00866457193675991381 0.00137875870023528827 0.98995666836300466596 
0.00034165189099056117 0.00000000099999999992 0.00000000099999999992 0.99965834610900938806 
0.00000000099999999998 0.00094107994007323220 0.01407446588539763149 0.98498445317452909542 
0.00000000099999999975 0.00000000099999999975 0.00000000099999999975 0.99999999699999997382 
0.00000000099999999982 0.00000000099999999982 0.00000000099999999982 0.99999999699999997382 
0.00000000099999999986 0.00000000099999999986 0.00000000099999999986 0.99999999699999997382 
0.00000000099999999979 0.00000000099999999979 0.00000000099999999979 0.99999999700000008485 
0.00405908982023558181 0.00000000099999999998 0.00000000099999999998 0.99594090817976443919 
0.00109218721898682444 0.00000000099999999982 0.00000000099999999982 0.99890781078101320567 
0.00366369655404979143 0.00000000099999999993 0.00000000099999999993 0.99633630144595008993 
0.00000000099999999969 0.00000000099999999969 0.00000000099999999969 0.99999999699999997382 
0.00000000099999999961 0.00000000099999999961 0.00000000099999999961 0.99999999700000008485 
0.00509892211009271151 0.00000000099999999988 0.00203411473282457886 0.99286696215708258872 
0.00000000099999999971 0.00000000099999999971 0.00000000099999999971 0.99999999699999997382 
0.00000000099999999966 0.00000000099999999966 0.00000000099999999966 0.99999999700000008485 
0.00000000099999999975 0.00000000099999999975 0.00000000099999999975 0.99999999699999997382 
0.00000000099999999967 0.00000000099999999967 0.00212390625530044274 0.99787609174469960038 
0.00000000099999999976 0.00000000099999999976 0.00000000099999999976 0.99999999700000008485 
0.00000000099999999998 0.00269432323649069615 0.00000000099999999998 0.99730567476350939771 
0.00000000099999999971 0.00000000099999999971 0.00590637433752556115 0.99409362366247444598 
0.00000000099999999977 0.00000000099999999977 0.00000000099999999977 0.99999999699999997382 
0.00000000099999999963 0.00000000099999999963 0.00727855875803128018 0.99272143924196865061 
0.00000000099999999997 0.00256765013314132467 0.00289705805934140602 0.99453529080751734703 
0.00000000099999999963 0.00000000099999999963 0.00000000099999999963 0.99999999700000008485 
0.00000000099999999962 0.00000000099999999962 0.00269833595222085301 0.99730166204777925820 
0.00000000099999999973 0.00000000099999999973 0.01037657481527901569 0.98962342318472096281 
0.00000000099999999950 0.00000000099999999950 0.00000000099999999950 0.99999999700000008485 
0.00000000099999999958 0.00000000099999999958 0.00300051713480038295 0.99699948086519962764 
0.00000000099999999979 0.00000000099999999979 0.00000000099999999979 0.99999999700000008485 
0.00000000099999999970 0.00000000099999999970 0.01479355999570526603 0.98520643800429463788 
0.00000000099999999967 0.00000000099999999967 0.00000000099999999967 0.99999999700000008485 
0.00000000099999999988 0.00000000099999999988 0.04376617874470217773 0.95623381925529782333 
0.00000000099999999977 0.00000000099999999977 0.01220639925304782200 0.98779359874695216170 
0.00000000099999999992 0.00000000099999999992 0.00000000099999999992 0.99999999699999997382 
0.00000000099999999974 0.00000000099999999974 0.00311455385393886444 0.99688544414606117261 
0.00000000099999999990 0.00000000099999999990 0.01714656742113506577 0.98285343057886498386 
0.00000000099999999980 0.00000000099999999980 0.01698913698199878974 0.98301086101800128070 
0.00000000099999999970 0.00000000099999999970 0.00351483208382950916 0.99648516591617053439 
0.00000000099999999967 0.00000000099999999967 0.00000000099999999967 0.99999999700000008485 
0.00000000099999999970 0.00000000099999999970 0.00816738064531089686 0.99183261735468919440 
0.00000000099999999988 0.00000000099999999988 0.04223653250024355515 0.95776346549975643896 
0.00000000099999999957 0.00000000099999999957 0.00000000099999999957 0.99999999700000008485 
0.00000000099999999984 0.00000000099999999984 0.00210119156812741065 0.99789880643187245379 
0.00004374946987343919 0.00387728048669148256 0.00000051731775477591 0.99607845272568029671 
0.00000000099999999972 0.00000000099999999972 0.00000000099999999972 0.99999999699999997382 
0.00000000099999999975 0.00000000099999999975 0.00000000099999999975 0.99999999699999997382 
0.00000000099999999948 0.00000000099999999948 0.00000000099999999948 0.99999999700000008485 
0.00000000099999999998 0.00152498450480976198 0.00273810711002124302 0.99573690738516906773 
0.00000000099999999993 0.00115584964802173396 0.00000000099999999993 0.99884414835197821159 
0.00000000099999999966 0.00000000099999999966 0.00000000099999999966 0.99999999700000008485 
0.00000000099999999961 0.00000000099999999961 0.00000000099999999961 0.99999999699999997382 
0.00000000099999999983 0.00000000099999999983 0.00000000099999999983 0.99999999700000008485 
0.00000000099999999954 0.00000000099999999954 0.00000000099999999954 0.99999999700000008485 
0.00000000099999999997 0.00000000099999999997 0.00000000099999999997 0.99999999700000008485 
0.00000000099999999992 0.00000000099999999992 0.00000000099999999992 0.99999999699999997382 
0.00000000099999999977 0.00000000099999999977 0.00000000099999999977 0.99999999699999997382 
0.00000000099999999986 0.00000000099999999986 0.00000000099999999986 0.99999999700000008485 
0.00000000099999999999 0.00090782005750396258 0.00000000317933343624 0.99909217576316267095 
0.00000000099999999992 0.00000000099999999992 0.00000000099999999992 0.99999999700000008485 
0.00000000099999999999 0.00329472112274207867 0.00000000099999999999 0.99670527687725796184 
0.00000000099999999996 0.00218907501844055460 0.00720615740390743564 0.99060476657765206276 
