0.00000000099999999887 0.00000000099999999887 0.00000000099999999887 0.00000000099999999887 0.99999999499999980834 0.00000000099999999887 
0.00000000099999999894 0.00000000099999999894 0.00000000099999999894 0.00000000099999999894 0.99999999499999980834 0.00000000099999999894 
0.00000000099999999890 0.00000000099999999890 0.00000000099999999890 0.00000000099999999890 0.99999999499999980834 0.00000000099999999890 
0.00000000099999999892 0.00000000099999999892 0.00000000099999999892 0.00000000099999999892 0.99999999499999991937 0.00000000099999999892 
0.00000000099999999897 0.00000000099999999897 0.00000000099999999897 0.00000000099999999897 0.99999999499999991937 0.00000000099999999897 
0.00000000099999999896 0.00000000099999999896 0.00000000099999999896 0.00000000099999999896 0.99999999499999991937 0.00000000099999999896 
0.00000000099999999889 0.00000000099999999889 0.00000000099999999889 0.00000000099999999889 0.99999999499999980834 0.00000000099999999889 
0.00000000099999999899 0.00000000099999999899 0.00000000099999999899 0.00000000099999999899 0.99999999499999980834 0.00000000099999999899 
0.00000000099999999892 0.00000000099999999892 0.00000000099999999892 0.00000000099999999892 0.99999999499999980834 0.00000000099999999892 
0.00000000099999999899 0.00000000099999999899 0.00000000099999999899 0.00000000099999999899 0.99999999499999991937 0.00000000099999999899 
0.00000000099999999895 0.00000000099999999895 0.00000000099999999895 0.00000000099999999895 0.99999999499999991937 0.00000000099999999895 
0.00000000099999999914 0.00000000099999999914 0.00000000099999999914 0.00000000099999999914 0.99999999500000003039 0.00000000099999999914 
0.00000000099999999895 0.00000000099999999895 0.00000000099999999895 0.00000000099999999895 0.99999999499999991937 0.00000000099999999895 
0.00000000099999999893 0.00000000099999999893 0.00000000099999999893 0.00000000099999999893 0.99999999499999991937 0.00000000099999999893 
0.00000000099999999894 0.00000000099999999894 0.00000000099999999894 0.00000000099999999894 0.99999999499999991937 0.00000000099999999894 
0.00000000099999999894 0.00000000099999999894 0.00000000099999999894 0.00000000099999999894 0.99999999499999980834 0.00000000099999999894 
0.00000000099999999893 0.00000000099999999893 0.00000000099999999893 0.00000000099999999893 0.99999999499999991937 0.00000000099999999893 
0.00000000099999999901 0.00000000099999999901 0.00000000099999999901 0.00000000099999999901 0.99999999499999991937 0.00000000099999999901 
0.00000000099999999902 0.00000000099999999902 0.00000000099999999902 0.00000000099999999902 0.99999999500000003039 0.00000000099999999902 
0.00000000099999999900 0.00000000099999999900 0.00000000099999999900 0.00000000099999999900 0.99999999500000003039 0.00000000099999999900 
0.00000000099999999897 0.00000000099999999897 0.00000000099999999897 0.00000000099999999897 0.99999999499999980834 0.00000000099999999897 
0.00000000099999999899 0.00000000099999999899 0.00000000099999999899 0.00000000099999999899 0.99999999499999991937 0.00000000099999999899 
0.00000000099999999896 0.00000000099999999896 0.00000000099999999896 0.00000000099999999896 0.99999999499999980834 0.00000000099999999896 
0.00000000099999999898 0.00000000099999999898 0.00000000099999999898 0.00000000099999999898 0.99999999499999980834 0.00000000099999999898 
0.00000000099999999926 0.00000000099999999926 0.00000000099999999926 0.00000000099999999926 0.99999999500000003039 0.00000000099999999926 
0.00000000099999999896 0.00000000099999999896 0.00000000099999999896 0.00000000099999999896 0.99999999499999980834 0.00000000099999999896 
0.00000000099999999900 0.00000000099999999900 0.00000000099999999900 0.00000000099999999900 0.99999999500000003039 0.00000000099999999900 
0.00000000099999999902 0.00000000099999999902 0.00000000099999999902 0.00000000099999999902 0.99999999500000003039 0.00000000099999999902 
0.00000000099999999903 0.00000000099999999903 0.00000000099999999903 0.00000000099999999903 0.99999999499999991937 0.00000000099999999903 
0.00000000099999999900 0.00000000099999999900 0.00000000099999999900 0.00000000099999999900 0.99999999499999980834 0.00000000099999999900 
0.00000000099999999914 0.00000000099999999914 0.00000000099999999914 0.00000000099999999914 0.99999999500000003039 0.00000000099999999914 
0.00000000099999999930 0.00000000099999999930 0.00000000099999999930 0.00000000099999999930 0.99999999500000003039 0.00000000099999999930 
0.00000000099999999910 0.00000000099999999910 0.00000000099999999910 0.00000000099999999910 0.99999999499999991937 0.00000000099999999910 
0.00000000099999999924 0.00000000099999999924 0.00000000099999999924 0.00000000099999999924 0.99999999499999991937 0.00000000099999999924 
0.00000000099999999910 0.00000000099999999910 0.00000000099999999910 0.00000000099999999910 0.99999999499999991937 0.00000000099999999910 
0.00000000099999999918 0.00000000099999999918 0.00000000099999999918 0.00000000099999999918 0.99999999500000003039 0.00000000099999999918 
0.00000000099999999912 0.00000000099999999912 0.00000000099999999912 0.00000000099999999912 0.99999999499999991937 0.00000000099999999912 
0.00000000099999999913 0.00000000099999999913 0.00000000099999999913 0.00000000099999999913 0.99999999500000003039 0.00000000099999999913 
0.00000000099999999916 0.00000000099999999916 0.00000000099999999916 0.00000000099999999916 0.99999999500000003039 0.00000000099999999916 
0.00000000099999999933 0.00000000099999999933 0.00000000099999999933 0.00000000099999999933 0.99999999500000003039 0.00000000099999999933 
0.00000000099999999911 0.00000000099999999911 0.00000000099999999911 0.00000000099999999911 0.99999999499999991937 0.00000000099999999911 
0.00000000099999999922 0.00000000099999999922 0.00000000099999999922 0.00000000099999999922 0.99999999499999991937 0.00000000099999999922 
0.00000000099999999914 0.00000000099999999914 0.00000000099999999914 0.00000000099999999914 0.99999999499999991937 0.00000000099999999914 
0.00000000099999999912 0.00000000099999999912 0.00000000099999999912 0.00000000099999999912 0.99999999499999991937 0.00000000099999999912 
0.00000000099999999921 0.00000000099999999921 0.00000000099999999921 0.00000000099999999921 0.99999999500000003039 0.00000000099999999921 
0.00000000099999999914 0.00000000099999999914 0.00000000099999999914 0.00000000099999999914 0.99999999499999991937 0.00000000099999999914 
0.00000000099999999918 0.00000000099999999918 0.00000000099999999918 0.00000000099999999918 0.99999999499999991937 0.00000000099999999918 
0.00000000099999999936 0.00000000099999999936 0.00000000099999999936 0.00000000099999999936 0.99999999500000003039 0.00000000099999999936 
0.00000000099999999938 0.00000000099999999938 0.00000000099999999938 0.00000000099999999938 0.99999999499999991937 0.00000000099999999938 
0.00000000099999999947 0.00000000099999999947 0.00000000099999999947 0.00000000099999999947 0.99999999499999991937 0.00000000099999999947 
0.00000000099999999969 0.00000000099999999969 0.00000000099999999969 0.00000000099999999969 0.99999999500000003039 0.00000000099999999969 
0.00000000099999999978 0.00000000099999999978 0.00000000099999999978 0.40225631041244086505 0.00000000099999999978 0.59774368558755897052 
0.00000000099999999948 0.00000000099999999948 0.00000000099999999948 0.44397038960283208286 0.00000000099999999948 0.55602960639716780822 
0.00000000099999999979 0.00000000099999999979 0.00000000099999999979 0.48807156538384843802 0.00000000099999999979 0.51192843061615145306 
0.00000000099999999927 0.00000000099999999927 0.00000000099999999927 0.39280112586600657298 0.00000000099999999927 0.60719887013399342912 
0.00000000099999999940 0.00000000099999999940 0.00000000099999999940 0.39562632385691781645 0.00000000099999999940 0.60437367214308201913 
0.00000000099999999927 0.00000000099999999927 0.00000000099999999927 0.40262974740644819072 0.00000000099999999927 0.59737024859355170037 
0.00000000099999999960 0.00000000099999999960 0.00000000099999999960 0.39491399217486916617 0.00000000099999999960 0.60508600382513078042 
0.00000000099999999935 0.00000000099999999935 0.00000000099999999935 0.37385455783379056838 0.00000000099999999935 0.62614543816620937822 
0.00000000099999999952 0.00000000099999999952 0.00000000099999999952 0.40549416652498182501 0.00000000099999999952 0.59450582947501817710 
0.00467453498333505850 0.00000000099999999994 0.00000000099999999994 0.39790922971885600568 0.00000000099999999994 0.59741623229780893567 
0.00000000099999999941 0.00000000099999999941 0.00000000099999999941 0.42553763036782160656 0.00000000099999999941 0.57446236563217822901 
0.00000000099999999937 0.00000000099999999937 0.00000000099999999937 0.42180380118624416497 0.00000000099999999937 0.57819619481375572612 
0.00472666447852762572 0.00000000099999999988 0.00000000099999999988 0.42680350086416279920 0.00000000099999999988 0.56846983165730946563 
0.00000000099999999950 0.00000000099999999950 0.00000000099999999950 0.43046768850833816433 0.00000000099999999950 0.56953230749166183777 
0.00000000099999999986 0.00000000099999999986 0.00000000099999999986 0.38428947640244714989 0.00000000099999999986 0.61571051959755274119 
0.00000000099999999928 0.00000000099999999928 0.00000000099999999928 0.39265638268340269379 0.00000000099999999928 0.60734361331659714178 
0.00000000099999999961 0.00000000099999999961 0.00000000099999999961 0.48835813688676021904 0.00000000099999999961 0.51164185911323978306 
0.00000000099999999984 0.00000000099999999984 0.00000000099999999984 0.48495446077028964149 0.00000000099999999984 0.51504553522971030510 
0.00000000099999999943 0.00000000099999999943 0.00000000099999999943 0.43173559258785798587 0.00000000099999999943 0.56826440341214190521 
0.00000000099999999943 0.00000000099999999943 0.00000000099999999943 0.41876113527545205661 0.00000000099999999943 0.58123886072454777896 
0.00000000099999999950 0.00000000099999999950 0.00000000099999999950 0.41085322782862143676 0.00000000099999999950 0.58914676817137856535 
0.00000000099999999928 0.00000000099999999928 0.00000000099999999928 0.40781651841364402467 0.00000000099999999928 0.59218347758635592193 
0.00000000099999999952 0.00000000099999999952 0.00000000099999999952 0.44348943829205988987 0.00000000099999999952 0.55651055770794000122 
0.00000000099999999948 0.00000000099999999948 0.00000000099999999948 0.46477861701367806369 0.00000000099999999948 0.53522137898632182740 
0.00000000099999999970 0.00000000099999999970 0.00000000099999999970 0.49534900706144341376 0.00000000099999999970 0.50465098893855664386 
0.00000000099999999940 0.00000000099999999940 0.00000000099999999940 0.40538448106377650282 0.00000000099999999940 0.59461551493622344378 
0.00000000099999999953 0.00000000099999999953 0.00000000099999999953 0.46557330182187572909 0.00000000099999999953 0.53442669417812405097 
0.00467337225472585355 0.00000000099999999990 0.00000000099999999990 0.45393825526884629129 0.00049237951595152763 0.54089599096047635829 
0.00000000099999999995 0.00119285394307388462 0.00000000099999999995 0.39812052274145948161 0.00000000099999999995 0.60068662031546660174 
0.00000000099999999955 0.00000000099999999955 0.00000000099999999955 0.45014513961525631780 0.00000000099999999955 0.54985485638474351777 
0.00000000099999999943 0.00000000099999999943 0.00000000099999999943 0.38347647947525059786 0.00000000099999999943 0.61652351652474923771 
0.00000000099999999988 0.00000000099999999988 0.00423706156653759058 0.42418591033207558860 0.00000000099999999988 0.57157702510138685970 
0.00000000099999999973 0.00000000099999999973 0.00000000099999999973 0.53949545139513843672 0.00000000099999999973 0.46050454460486156538 
0.00000000099999999968 0.00000000099999999968 0.00000000099999999968 0.45984744372246788569 0.00000000099999999968 0.54015255227753189438 
0.00000000099999999957 0.00000000099999999957 0.00000000099999999957 0.47244991050832702006 0.00000000099999999957 0.52755008549167292653 
0.00000000099999999969 0.00000000099999999969 0.00000000099999999969 0.42143647436040271304 0.00000000099999999969 0.57856352163959723356 
0.00000000099999999958 0.00000000099999999958 0.00000000099999999958 0.48344585007961116130 0.00000000099999999958 0.51655414592038884081 
0.00000000099999999964 0.00000000099999999964 0.00000000099999999964 0.48184725281572116096 0.00000000099999999964 0.51815274318427884115 
0.00000000099999999960 0.00000000099999999960 0.00000000099999999960 0.51864400341621097468 0.00000000099999999960 0.48135599258378913845 
0.00000000099999999992 0.00198143123332093253 0.00000000099999999992 0.42324578762163139745 0.00000000099999999992 0.57477277814504756925 
0.00000000099999999976 0.00000000099999999976 0.00000000099999999976 0.42477725730317006381 0.00000000099999999976 0.57522273869682982728 
0.00000000099999999989 0.00000000099999999989 0.00000000099999999989 0.43579119875189703537 0.00000000099999999989 0.56420879724810280020 
0.00000000099999999964 0.00000000099999999964 0.00000000099999999964 0.41200204176585120130 0.00000000099999999964 0.58799795423414868978 
0.00000000099999999944 0.00000000099999999944 0.00000000099999999944 0.47499851975729240339 0.00000000099999999944 0.52500147624270754321 
0.00000000099999999943 0.00000000099999999943 0.00000000099999999943 0.45537918604906374442 0.00000000099999999943 0.54462080995093620217 
0.00000000099999999947 0.00000000099999999947 0.00000000099999999947 0.47147427754169074499 0.00000000099999999947 0.52852571845830920161 
0.00000000099999999948 0.00000000099999999948 0.00000000099999999948 0.45344990992680950237 0.00000000099999999948 0.54655008607319033320 
0.00000000099999999984 0.00000000099999999984 0.00000000099999999984 0.49658959966233584549 0.00000000099999999984 0.50341039633766404560 
0.00000000099999999942 0.00000000099999999942 0.00000000099999999942 0.44777965415713744113 0.00000000099999999942 0.55222034184286250547 
0.00000000099999999965 0.00000000099999999965 0.00000000099999999965 0.49860605686076603371 0.00000000099999999965 0.50139393913923391288 
0.00000000099999999947 0.00000000099999999947 0.00000000099999999947 0.43355676737456994019 0.00000000099999999947 0.56644322862542995090 
0.00000000099999999954 0.00000000099999999954 0.00000000099999999954 0.48797168122389900091 0.00000000099999999954 0.51202831477610100119 
0.00000000099999999964 0.00000000099999999964 0.00000000099999999964 0.46161906443148975621 0.00000000099999999964 0.53838093156851007937 
0.00000000099999999967 0.00000000099999999967 0.00000000099999999967 0.41891252904806713930 0.00000000099999999967 0.58108746695193280729 
0.00000000099999999952 0.00000000099999999952 0.00000000099999999952 0.44377021085636725317 0.00000000099999999952 0.55622978514363263791 
0.00000000099999999956 0.00000000099999999956 0.00000000099999999956 0.42552536692189774081 0.00000000099999999956 0.57447462907810209476 
0.00000000099999999970 0.00000000099999999970 0.00000000099999999970 0.43659547647659963099 0.00000000099999999970 0.56340451952340042663 
0.00000000099999999972 0.00000000099999999972 0.00000000099999999972 0.45454397530913881464 0.00109882760046987643 0.54435719409039140526 
0.00000000099999999948 0.00000000099999999948 0.00000000099999999948 0.44107500728714515992 0.00000000099999999948 0.55892498871285467565 
0.00000000099999999970 0.00000000099999999970 0.00000000099999999970 0.42699070930264887425 0.00000000099999999970 0.57300928669735107235 
0.00000000099999999943 0.00000000099999999943 0.00000000099999999943 0.46967413561153215085 0.00000000099999999943 0.53032586038846774024 
0.00000000099999999984 0.00000000099999999984 0.00000000099999999984 0.49251634123766391271 0.00000000099999999984 0.50748365476233614491 
0.00000000099999999974 0.00000000099999999974 0.00000000099999999974 0.46331373953795806919 0.00169856081901065769 0.53498769664303125193 
0.00000000099999999993 0.00000000099999999993 0.00000000099999999993 0.48236480808834214518 0.00017308994263774851 0.51746209896902006786 
0.00000000099999999970 0.00000000099999999970 0.00000000099999999970 0.43349112911782727853 0.00000000099999999970 0.56650886688217272358 
0.00000000099999999983 0.00000000099999999983 0.00000000099999999983 0.49950484098600178573 0.00000000099999999983 0.50049515501399810535 
0.00342776159440545897 0.00208086401534052483 0.00007116341167996479 0.38665275024767142842 0.00415305737385729401 0.60361440335704519278 
0.00359739279933548803 0.00013816411554352478 0.00029516699305060109 0.43799301587613598263 0.00141835195391187374 0.55655790826202244936 
0.00000000099999999998 0.00471773912013554852 0.00000000099999999998 0.44643211777043889654 0.00108687325620839708 0.54776326785321716173 
0.00000000099999999998 0.00000000099999999998 0.00165753208185245686 0.46302308219050641869 0.00056653708424694166 0.53475284664339428620 
0.00000000099999999993 0.00000000099999999993 0.00253492154675434653 0.46978024525360284613 0.00274143476857844704 0.52494339643106435744 
0.00178607075032548713 0.00000000099999999997 0.00042318584697506980 0.42992591081541992049 0.00250858195930888078 0.56535624962797070836 
0.00000000099999999956 0.00000000099999999956 0.00000000099999999956 0.00949163743719720100 0.00000000099999999956 0.99050835856280272651 
0.00000000099999999954 0.00000000099999999954 0.00000000099999999954 0.00000000099999999954 0.00000000099999999954 0.99999999500000003039 
0.00000000099999999972 0.00000000099999999972 0.00000000099999999972 0.00689634351247056260 0.00000000099999999972 0.99310365248752940914 
0.00000000099999999991 0.00000000099999999991 0.00000000099999999991 0.00000000099999999991 0.00000000099999999991 0.99999999500000003039 
0.00000000099999999950 0.00000000099999999950 0.00000000099999999950 0.00000000099999999950 0.00000000099999999950 0.99999999499999991937 
0.00000000099999999957 0.00000000099999999957 0.00000000099999999957 0.00000000099999999957 0.00000000099999999957 0.99999999500000003039 
0.00000000099999999966 0.00000000099999999966 0.00000000099999999966 0.00140660538688157041 0.00000000099999999966 0.99859339061311835906 
0.00000000099999999965 0.00000000099999999965 0.00000000099999999965 0.00595806100456101016 0.00000000099999999965 0.99404193499543913592 
0.00000000099999999956 0.00000000099999999956 0.00000000099999999956 0.00174103708948232169 0.00000000099999999956 0.99825895891051763531 
0.00000000099999999982 0.00000000099999999982 0.00000000099999999982 0.00000000099999999982 0.00083932976404924964 0.99916066623595078955 
0.00000000099999999957 0.00000000099999999957 0.00000000099999999957 0.00000000099999999957 0.00000000099999999957 0.99999999500000003039 
0.00000000099999999946 0.00000000099999999946 0.00000000099999999946 0.00374929606770052666 0.00000000099999999946 0.99625069993229953269 
0.00000000099999999954 0.00000000099999999954 0.00000000099999999954 0.00000000099999999954 0.00000000099999999954 0.99999999499999991937 
0.00000000099999999959 0.00000000099999999959 0.00000000099999999959 0.00000349094573730077 0.00000000099999999959 0.99999650505426262992 
0.00000000099999999975 0.00000000099999999975 0.00000000099999999975 0.00000000099999999975 0.00121463083698206608 0.99878536516301796855 
0.00000000099999999962 0.00000000099999999962 0.00000000099999999962 0.03004039372728101870 0.00000000099999999962 0.96995960227271904586 
0.00000000099999999968 0.00000000099999999968 0.00000000099999999968 0.00277967558545976238 0.00000000099999999968 0.99722032041454033990 
0.00000000099999999937 0.00000000099999999937 0.00000000099999999937 0.00000000099999999937 0.00000000099999999937 0.99999999499999991937 
0.00059885788088273736 0.00000000099999999996 0.00186843869876622375 0.01099949108136788825 0.00059338392977353026 0.98593982740920960151 
0.00035213135027884591 0.00157849615726273233 0.00000000099999999997 0.05123965897704538253 0.00000000099999999997 0.94682971151541306387 
0.00000000099999999982 0.00000000099999999982 0.00000000099999999982 0.00000000099999999982 0.00000000099999999982 0.99999999499999991937 
0.00000000099999999995 0.00000000099999999995 0.00820272496114991811 0.05051075391805495002 0.00115037462594087207 0.94013614449485438662 
0.00000000099999999978 0.00000000099999999978 0.00447735907187585790 0.06343984161136555222 0.00000000099999999978 0.93208279631675872157 
0.00312089751106140942 0.00000000099999999998 0.00015665930676150348 0.06301123099569473640 0.00000000099999999998 0.93371121018648228773 
0.00000000099999999995 0.00000000099999999995 0.00139017636881036888 0.00796194876420236626 0.00060669707984358238 0.99004117578714367909 
0.00223953919279507073 0.00000000099999999998 0.00065414110942777479 0.06007605433036223436 0.00001255437490560869 0.93701770999250921790 
0.00165944617536580453 0.00000000099999999999 0.00059251532690244191 0.03745103071641329301 0.00000000434666134998 0.96029700243465709875 
0.00000000099999999994 0.00000000099999999994 0.00163416861306677169 0.02908439068862243848 0.00000000099999999994 0.96928143769831076604 
0.00000000099999999981 0.00000000099999999981 0.00219605340459076747 0.02277934850579433138 0.00000000099999999981 0.97502459508961480950 
0.00000000099999999983 0.00000000099999999983 0.00000000099999999983 0.05855430592370697990 0.00000000099999999983 0.94144569007629308466 
0.00000000099999999973 0.00000000099999999973 0.00409018586836846273 0.03746135184407155955 0.00000000099999999973 0.95844845928755995068 
0.00241491065846260056 0.00000000099999999999 0.00125418210522511330 0.03922460916067328079 0.00086210176471858586 0.95624419531092030855 
0.00365203186622969260 0.00000000099999999997 0.00362358352530950086 0.05491857777307798671 0.00000000099999999997 0.93780580483538278358 
0.00000000099999999995 0.00000000099999999995 0.00000000099999999995 0.02078118647713553604 0.00000529234645732547 0.97921351817640722714 
0.00000000099999999977 0.00000000099999999977 0.00000000099999999977 0.05940746225922011181 0.00000000099999999977 0.94059253374077989029 
0.00000000099999999963 0.00000000099999999963 0.00000000099999999963 0.07754817734143747143 0.00000000099999999963 0.92245181865856251680 
0.00000000099999999984 0.00000000099999999984 0.00143396215907020601 0.04383818838394457768 0.00000000099999999984 0.95472784645698516304 
0.00000000099999999998 0.00000000099999999998 0.01119473992603494013 0.07489775232092198143 0.00000000099999999998 0.91390750475304316502 
0.00000000099999999999 0.00389834275616601778 0.00000000099999999999 0.11909124477248397844 0.00000000099999999999 0.87701040947135000536 
0.00000000099999999999 0.00000000099999999999 0.03016522051296180104 0.17303989220857038389 0.00000000099999999999 0.79679488427846789644 
0.00000000099999999969 0.00000000099999999969 0.00000000099999999969 0.05904360851067471522 0.00599488303726179207 0.93496150545206357929 
0.00000000099999999998 0.00000000099999999998 0.02446268475918931401 0.10459825441904153920 0.00000000099999999998 0.87093905782176916919 
0.00000000099999999999 0.00119627164325253050 0.00000000099999999999 0.24353270733821880123 0.00000000099999999999 0.75527101801852869478 
0.00000000099999999990 0.00000000099999999990 0.00000000099999999990 0.00592490028992652840 0.00066359332544072664 0.99341150338463268810 
0.00000000099999999999 0.00000000099999999999 0.00950625363275291180 0.00005531717443457726 0.00004320644807879695 0.99039522074473362867 
0.00000000099999999986 0.00000000099999999986 0.00000000099999999986 0.03409120133103571426 0.01585075894604301081 0.95005803672292132855 
0.00000000099999999993 0.00000000099999999993 0.00000000099999999993 0.01904746375338645797 0.00174807536205389704 0.97920445788455956482 
0.00000000099999999973 0.00000000099999999973 0.00000000099999999973 0.01766706694133754127 0.00824118448045900454 0.97409174557820354945 
0.00000000099999999992 0.00000000099999999992 0.00000000099999999992 0.02078264253889453711 0.00218522186955142283 0.97703213259155408110 
0.00000000099999999946 0.00000000099999999946 0.00000000099999999946 0.03870263661949802092 0.00000000099999999946 0.96129735938050198119 
0.00000000099999999966 0.00000000099999999966 0.00000000099999999966 0.00584742949507740389 0.00000000099999999966 0.99415256650492267454 
0.00093633337519589358 0.00049861346294146746 0.00000000099999999996 0.24826321677598936488 0.00000000099999999996 0.75030183438587327860 
0.00000000099999999983 0.00019609277978796120 0.00000000099999999983 0.22265420546385744638 0.00131744623511167807 0.77583225352124285390 
0.23885577968077581490 0.10242509933002742761 0.00000000099999999996 0.10032274521782535981 0.00000000099999999996 0.55839637377137130159 
0.00000000099999999994 0.00529417053250235813 0.00000000099999999994 0.27389752160466512843 0.00500196904281661244 0.71580633682001604257 
0.00000000099999999991 0.00586758459821278347 0.00000000099999999991 0.24668593194421961634 0.00236431691598602139 0.74508216454158171516 
0.26068327953333547686 0.10396377234828312053 0.00000000099999999996 0.09439278748012396025 0.00000000099999999996 0.54096015863825741565 
0.20429609323362540874 0.08099912600841221999 0.00000000099999999996 0.16414975855480290479 0.00000000099999999996 0.55055502020315949530 
0.21259472379331861847 0.07250059576117194593 0.00000000099999999996 0.10773364027864733294 0.00000000099999999996 0.60717103816686213147 
0.23386646358365498211 0.00864553337298001705 0.00000000099999999999 0.14936742397234006874 0.00130560732900111202 0.60681497074202384034 
0.21559422428994681753 0.02766127401424058746 0.00000000099999999999 0.16930059195833374597 0.00116936481707417090 0.58627454392040456721 
0.00000000099999999986 0.00028114110713202748 0.00000000099999999986 0.24072968292916760435 0.00000000099999999986 0.75898917296370038699 
0.28396357056873350322 0.00000000099999999997 0.00000000099999999997 0.12850624262723769897 0.00000000099999999997 0.58753018380402877163 
0.00269226709536291497 0.00565772100579821878 0.00000000099999999995 0.23113337759739779886 0.00651441399556497869 0.75400221930587596475 
0.26922574005624344551 0.07144004402406596566 0.00000000099999999997 0.14306296805869600508 0.00000000099999999997 0.51627124586099459869 
0.00000000099999999980 0.00000000099999999980 0.00000000099999999980 0.25927770284317736005 0.00270322413566915143 0.73801907002115352263 
0.00000000099999999973 0.00000000099999999973 0.00000000099999999973 0.27062784293345143460 0.00000000099999999973 0.72937215306654856750 
0.29982050765624235211 0.00000000099999999999 0.00000000099999999999 0.15621856897568972555 0.00710745982510257134 0.53685346154296531562 
0.00000000099999999984 0.00043178795988027812 0.00000000099999999984 0.22569197726196479903 0.00045906416448582472 0.77341716861366915925 
0.00129190837435930162 0.00214150035703341212 0.00000000099999999993 0.25643613965854800130 0.00000000099999999993 0.74013044961005924893 
0.00000000099999999997 0.00000000099999999997 0.00686629039261758660 0.11927011146279160869 0.00000000099999999997 0.87386359514459077680 
0.00000000099999999999 0.00000000099999999999 0.07384929500373151046 0.03622359399604876962 0.00000000099999999999 0.88992710800021967987 
0.00000000099999999993 0.00000000099999999993 0.00828216674684034357 0.06794939990523445050 0.00000000099999999993 0.92376843034792521792 
0.00000000099999999987 0.00000000099999999987 0.00382108028386387568 0.00246580353731406946 0.00000000099999999987 0.99371311317882216052 
0.02194982739923757517 0.00000000099999999997 0.00825517540880710277 0.04922557960657397008 0.00000000099999999997 0.92056941558538141201 
0.00000000099999999960 0.00000000099999999960 0.00000000099999999960 0.00000000099999999960 0.00000000099999999960 0.99999999499999991937 
0.00000000099999999974 0.00000000099999999974 0.00075898197388243839 0.00000000099999999974 0.00000000099999999974 0.99924101402611753553 
0.12714814711627642208 0.00000678257101050107 0.01705763448506143407 0.00000000100000000000 0.00447960020623159628 0.85130783462142012308 
0.00000000099999999968 0.00000000099999999968 0.00285329243359300341 0.00000000099999999968 0.00000000099999999968 0.99714670356640688897 
0.00000000099999999970 0.00000000099999999970 0.00259837455787312625 0.00000000099999999970 0.00000000099999999970 0.99740162144212696216 
0.00000000099999999916 0.00000000099999999916 0.00000000099999999916 0.00000000099999999916 0.00000000099999999916 0.99999999499999991937 
0.00000000099999999942 0.00000000099999999942 0.00000000099999999942 0.00061622526852832130 0.00000000099999999942 0.99938377073147166563 
0.00000000099999999943 0.00000000099999999943 0.00000000099999999943 0.00111757792116609395 0.00000000099999999943 0.99888241807883382251 
0.00000000099999999951 0.00000000099999999951 0.00000000099999999951 0.00000000099999999951 0.00000000099999999951 0.99999999500000003039 
0.00000000099999999932 0.00000000099999999932 0.00000000099999999932 0.00000000099999999932 0.00000000099999999932 0.99999999500000003039 
0.00000000099999999960 0.00000000099999999960 0.00000000099999999960 0.00815563819725308170 0.00000000099999999960 0.99184435780274704531 
0.00000000099999999979 0.00000000099999999979 0.00000000099999999979 0.00297432655884364260 0.00000000099999999979 0.99702566944115622594 
0.00000000099999999950 0.00000000099999999950 0.00000000099999999950 0.00000000099999999950 0.00000000099999999950 0.99999999500000003039 
0.00172535153052068616 0.00000000099999999995 0.00749970618783230274 0.00000000099999999995 0.00000000099999999995 0.99077493928164706016 
0.00000000099999999983 0.00000000099999999983 0.00000000099999999983 0.03293081610942803078 0.00038212391941412323 0.96668705697115775433 
0.00000000099999999967 0.00000000099999999967 0.00000000099999999967 0.00635079165627992857 0.00000000099999999967 0.99364920434372006053 
0.00000000099999999990 0.00089650738588207906 0.00000000099999999990 0.00633675847929466868 0.00000000099999999990 0.99276673113482327704 
0.00000000099999999942 0.00000000099999999942 0.00000000099999999942 0.00000000099999999942 0.00000000099999999942 0.99999999500000003039 
0.00000000099999999965 0.00000000099999999965 0.00000000099999999965 0.00000000099999999965 0.00000000099999999965 0.99999999499999991937 
0.00000000099999999988 0.00000000099999999988 0.00137038804302780544 0.00703415554755053903 0.00000000099999999988 0.99159545340942156777 
0.00000000099999999992 0.00000000099999999992 0.00843264142513527881 0.03705373564836372119 0.00000000099999999992 0.95451361992650096688 
0.00000000099999999968 0.00000000099999999968 0.00000000099999999968 0.00939671756201656237 0.00000000099999999968 0.99060327843798345882 
0.00000000099999999963 0.00000000099999999963 0.00000000099999999963 0.00641732395541018408 0.00000000099999999963 0.99358267204458994293 
0.00000000099999999932 0.00000000099999999932 0.00000000099999999932 0.00000000099999999932 0.00000000099999999932 0.99999999500000003039 
0.00000000099999999960 0.00000000099999999960 0.00000000099999999960 0.00444385061801329511 0.00000000099999999960 0.99555614538198666796 
0.00000000099999999963 0.00000000099999999963 0.00000000099999999963 0.02341220176148867127 0.00000000099999999963 0.97658779423851127532 
0.00000000099999999975 0.00000000099999999975 0.00000000099999999975 0.00707121079087277230 0.00000000099999999975 0.99292878520912730700 
0.00000000099999999995 0.00000000099999999995 0.00000000099999999995 0.07566353019788336909 0.00203756783659819578 0.92229889896551853212 
0.00000000099999999993 0.00000000099999999993 0.00160357767531409232 0.01156611595540007510 0.00068868061686316450 0.98614162375242275793 
0.00000000099999999987 0.00000000099999999987 0.00000023310533629961 0.00000000099999999987 0.00045598510671133747 0.99954377878795241941 
0.00000000099999999988 0.00000000099999999988 0.00128046501245933212 0.05149872661036876409 0.00000000099999999988 0.94722080537717179283 
0.00000000099999999967 0.00000000099999999967 0.00249299585813425508 0.00000000099999999967 0.00000000099999999967 0.99750700014186566289 
0.00000000099999999983 0.00000000099999999983 0.00868782162708816794 0.00000000099999999983 0.00000000099999999983 0.99131217437291185846 
0.00210348928188820034 0.00000000099999999996 0.00000000099999999996 0.00000000099999999996 0.00000000099999999996 0.99789650671811180871 
0.00000000099999999985 0.00000000099999999985 0.01815724832967150967 0.00655650227797608277 0.00000000099999999985 0.97528624639235239613 
0.00471796116865702813 0.00000000099999999993 0.00327919877041573087 0.00000000099999999993 0.00000000099999999993 0.99200283706092717839 
0.00000000099999999977 0.00000000099999999977 0.00646204888195801418 0.00000000099999999977 0.00000000099999999977 0.99353794711804199746 
0.00000000099999999978 0.00000000099999999978 0.00000000099999999978 0.01077105418568836959 0.00000000099999999978 0.98922894181431164640 
0.00000000099999999981 0.00000000099999999981 0.00000000099999999981 0.00457315059247268441 0.00000000099999999981 0.99542684540752734978 
0.00000000099999999972 0.00000000099999999972 0.00000000099999999972 0.03065704383106431993 0.00000000099999999972 0.96934295216893562319 
0.00000000099999999982 0.00000000099999999982 0.00545332347680084831 0.00000019633363614421 0.00000000099999999982 0.99454647718956301627 
0.00000000099999999967 0.00000000099999999967 0.00000000099999999967 0.00000000099999999967 0.00000000099999999967 0.99999999499999991937 
0.00000000099999999975 0.00000000099999999975 0.00697026347397945029 0.00000000099999999975 0.00000000099999999975 0.99302973252602044774 
0.00000000099999999996 0.00000000099999999996 0.00000000099999999996 0.13592468810525032419 0.00313796816913749707 0.86093734072561223236 
0.00000000099999999973 0.00000000099999999973 0.00000000099999999973 0.07014303120761754273 0.00000000099999999973 0.92985696479238244549 
0.00000000099999999991 0.00000000099999999991 0.00352164484670589722 0.00008709839322972784 0.00000000099999999991 0.99639125376006443258 
0.00000000099999999992 0.00000000099999999992 0.00000000099999999992 0.00000000099999999992 0.00000000099999999992 0.99999999500000003039 
0.00000000099999999993 0.00000000099999999993 0.00000000099999999993 0.00000000099999999993 0.00267853934199585413 0.99732145665800420176 
0.00000000099999999982 0.00000000099999999982 0.00767940527696706239 0.00000000099999999982 0.00000000099999999982 0.99232059072303302472 
0.00000000099999999983 0.00000000099999999983 0.00000000099999999983 0.01933435710651899841 0.00000000099999999983 0.98066563889348101757 
0.00000000099999999980 0.00000000099999999980 0.00000000099999999980 0.00000767935854735620 0.00000000099999999980 0.99999231664145271647 
0.00000000099999999978 0.00000000099999999978 0.00000000099999999978 0.04205751495354159014 0.00000000099999999978 0.95794248104645851605 
0.00000000099999999988 0.00000000099999999988 0.00000000099999999988 0.00000000099999999988 0.00199861279830102889 0.99800138320169906603 
0.00000000099999999972 0.00000000099999999972 0.00000000099999999972 0.00000000099999999972 0.00000000099999999972 0.99999999500000003039 
0.00000000099999999963 0.00000000099999999963 0.00000000099999999963 0.00000000099999999963 0.00000000099999999963 0.99999999500000003039 
0.00000000099999999993 0.00000000099999999993 0.01469506053407900609 0.00000000099999999993 0.00000000099999999993 0.98530493546592112786 
0.00000000099999999964 0.00000000099999999964 0.00000000099999999964 0.00000000099999999964 0.00000000099999999964 0.99999999499999991937 
0.00000000099999999991 0.00000000099999999991 0.00180686410419594748 0.01250462910677546668 0.00000000099999999991 0.98568850378902850284 
0.00000000099999999957 0.00000000099999999957 0.00000000099999999957 0.00000000099999999957 0.00000000099999999957 0.99999999499999991937 
0.00000000099999999979 0.00000000099999999979 0.00224300703310961877 0.00000000099999999979 0.00000000099999999979 0.99775698896689046791 
0.00000000099999999987 0.00000000099999999987 0.00255771778601327372 0.00051805350052070516 0.00000000099999999987 0.99692422571346606119 
0.00000000099999999992 0.00000000099999999992 0.00778744040571355961 0.01602277815073612291 0.00000000176209488931 0.97618977768145553942 
0.00151013092385322498 0.00000000099999999994 0.00000000099999999994 0.00000000099999999994 0.00000000099999999994 0.99848986507614667651 
0.00000000099999999989 0.00000000099999999989 0.00000000099999999989 0.00000000099999999989 0.00000000099999999989 0.99999999500000003039 
0.00096662630406786621 0.00000000099999999993 0.00025805166114603112 0.00598101479339607344 0.00000000099999999993 0.99279430524139011816 
0.00067603077493624407 0.00000000099999999994 0.00000000099999999994 0.01589621912238719723 0.00000000099999999994 0.98342774710267666372 
0.00000000099999999993 0.00000000099999999993 0.00000000099999999993 0.00887689665292438861 0.00000000099999999993 0.99112309934707565340 
0.00000000099999999993 0.00000000099999999993 0.00000000099999999993 0.00000000099999999993 0.00174486356536490846 0.99825513243463515067 
0.00870094198107322983 0.00000000099999999998 0.00000000099999999998 0.00058201133407339331 0.00000000099999999998 0.99071704368485336012 
0.00233094210033864919 0.00000000099999999998 0.00145145471666022164 0.00000000099999999998 0.00122577225789936395 0.99499182892510174003 
0.00000000099999999997 0.00000000099999999997 0.00093167529710520608 0.00514370134750174752 0.00442308820583261521 0.98950153314956035278 
0.00000000099999999996 0.00000000099999999996 0.02440513223169519033 0.07593546425203316630 0.00168406575669916405 0.89797533575957244611 
0.00000000099999999981 0.00000000099999999981 0.00613714201670468532 0.00000000099999999981 0.00000000099999999981 0.99386285398329521357 
0.00229510992605986772 0.00000000099999999999 0.00067013362984647462 0.02929661937960922891 0.00000000099999999999 0.96773813506448447264 
0.00000000099999999985 0.00000000099999999985 0.00000000099999999985 0.00000000099999999985 0.00000000099999999985 0.99999999499999991937 
0.00000000099999999963 0.00000000099999999963 0.00000000099999999963 0.00000000099999999963 0.00000000099999999963 0.99999999499999991937 
0.00000000099999999978 0.00000000099999999978 0.00000000099999999978 0.00000000099999999978 0.00098790408014315769 0.99901209191985684832 
0.00000000099999999993 0.00000000099999999993 0.00000000099999999993 0.00578841400975978540 0.00019843240790492085 0.99401315058233519206 
0.00000000099999999987 0.00000000099999999987 0.00000000099999999987 0.01015604639406443230 0.00000000099999999987 0.98984394960593569124 
0.00059530355272917313 0.00000000099999999997 0.00090761882204347540 0.00000000099999999997 0.00000000099999999997 0.99849707462522740986 
0.00000000099999999986 0.00000000099999999986 0.01000114288611353257 0.00000000099999999986 0.00000000099999999986 0.98999885311388635678 
0.00000000099999999992 0.00000000099999999992 0.00000000099999999992 0.00000000099999999992 0.00006183093052761867 0.99993816506947230671 
0.00258954501646393087 0.00261406990811773520 0.00218657593305128864 0.00000000100000000000 0.00089912867348608538 0.99171067946888080691 
0.00000000099999999993 0.00000000099999999993 0.00440173115886659423 0.00312532664521466977 0.00000000099999999993 0.99247293919591861311 
0.00344189136165830084 0.00000000099999999998 0.00331410324698312763 0.00000000099999999998 0.00274377268643280579 0.99050023070492576593 
0.00000000099999999998 0.00000000099999999998 0.00795563111898458727 0.00000000099999999998 0.01049751654309418955 0.98154684933792135659 
0.00000000099999999992 0.00000000099999999992 0.02337519588416576977 0.00002828332951425282 0.00000000099999999992 0.97659651778631983987 
0.00000000099999999986 0.00000000099999999986 0.00204568627867364201 0.00020720908751361533 0.00000000099999999986 0.99774710163381274963 
0.00000000099999999974 0.00000000099999999974 0.00000000099999999974 0.00000000099999999974 0.00000000099999999974 0.99999999500000003039 
