0.00000000099999999810 0.00000000099999999810 0.00000000099999999810 0.00000000099999999810 0.99999999100000003249 0.00000000099999999810 0.00000000099999999810 0.00000000099999999810 0.00000000099999999810 0.00000000099999999810 
0.00000000099999999820 0.00000000099999999820 0.00000000099999999820 0.00000000099999999820 0.99999999100000003249 0.00000000099999999820 0.00000000099999999820 0.00000000099999999820 0.00000000099999999820 0.00000000099999999820 
0.00000000099999999816 0.00000000099999999816 0.00000000099999999816 0.00000000099999999816 0.99999999099999992147 0.00000000099999999816 0.00000000099999999816 0.00000000099999999816 0.00000000099999999816 0.00000000099999999816 
0.00000000099999999819 0.00000000099999999819 0.00000000099999999819 0.00000000099999999819 0.99999999099999992147 0.00000000099999999819 0.00000000099999999819 0.00000000099999999819 0.00000000099999999819 0.00000000099999999819 
0.00000000099999999826 0.00000000099999999826 0.00000000099999999826 0.00000000099999999826 0.99999999100000003249 0.00000000099999999826 0.00000000099999999826 0.00000000099999999826 0.00000000099999999826 0.00000000099999999826 
0.00000000099999999826 0.00000000099999999826 0.00000000099999999826 0.00000000099999999826 0.99999999100000003249 0.00000000099999999826 0.00000000099999999826 0.00000000099999999826 0.00000000099999999826 0.00000000099999999826 
0.00000000099999999815 0.00000000099999999815 0.00000000099999999815 0.00000000099999999815 0.99999999099999992147 0.00000000099999999815 0.00000000099999999815 0.00000000099999999815 0.00000000099999999815 0.00000000099999999815 
0.00000000099999999830 0.00000000099999999830 0.00000000099999999830 0.00000000099999999830 0.99999999099999992147 0.00000000099999999830 0.00000000099999999830 0.00000000099999999830 0.00000000099999999830 0.00000000099999999830 
0.00000000099999999818 0.00000000099999999818 0.00000000099999999818 0.00000000099999999818 0.99999999100000003249 0.00000000099999999818 0.00000000099999999818 0.00000000099999999818 0.00000000099999999818 0.00000000099999999818 
0.00000000099999999828 0.00000000099999999828 0.00000000099999999828 0.00000000099999999828 0.99999999099999992147 0.00000000099999999828 0.00000000099999999828 0.00000000099999999828 0.00000000099999999828 0.00000000099999999828 
0.00000000099999999823 0.00000000099999999823 0.00000000099999999823 0.00000000099999999823 0.99999999100000003249 0.00000000099999999823 0.00000000099999999823 0.00000000099999999823 0.00000000099999999823 0.00000000099999999823 
0.00000000099999999856 0.00000000099999999856 0.00000000099999999856 0.00000000099999999856 0.99999999100000003249 0.00000000099999999856 0.00000000099999999856 0.00000000099999999856 0.00000000099999999856 0.00000000099999999856 
0.00000000099999999822 0.00000000099999999822 0.00000000099999999822 0.00000000099999999822 0.99999999099999992147 0.00000000099999999822 0.00000000099999999822 0.00000000099999999822 0.00000000099999999822 0.00000000099999999822 
0.00000000099999999818 0.00000000099999999818 0.00000000099999999818 0.00000000099999999818 0.99999999099999992147 0.00000000099999999818 0.00000000099999999818 0.00000000099999999818 0.00000000099999999818 0.00000000099999999818 
0.00000000099999999822 0.00000000099999999822 0.00000000099999999822 0.00000000099999999822 0.99999999099999992147 0.00000000099999999822 0.00000000099999999822 0.00000000099999999822 0.00000000099999999822 0.00000000099999999822 
0.00000000099999999821 0.00000000099999999821 0.00000000099999999821 0.00000000099999999821 0.99999999100000003249 0.00000000099999999821 0.00000000099999999821 0.00000000099999999821 0.00000000099999999821 0.00000000099999999821 
0.00000000099999999821 0.00000000099999999821 0.00000000099999999821 0.00000000099999999821 0.99999999100000003249 0.00000000099999999821 0.00000000099999999821 0.00000000099999999821 0.00000000099999999821 0.00000000099999999821 
0.00000000099999999833 0.00000000099999999833 0.00000000099999999833 0.00000000099999999833 0.99999999100000003249 0.00000000099999999833 0.00000000099999999833 0.00000000099999999833 0.00000000099999999833 0.00000000099999999833 
0.00000000099999999835 0.00000000099999999835 0.00000000099999999835 0.00000000099999999835 0.99999999100000003249 0.00000000099999999835 0.00000000099999999835 0.00000000099999999835 0.00000000099999999835 0.00000000099999999835 
0.00000000099999999835 0.00000000099999999835 0.00000000099999999835 0.00000000099999999835 0.99999999099999992147 0.00000000099999999835 0.00000000099999999835 0.00000000099999999835 0.00000000099999999835 0.00000000099999999835 
0.00000000099999999827 0.00000000099999999827 0.00000000099999999827 0.00000000099999999827 0.99999999100000003249 0.00000000099999999827 0.00000000099999999827 0.00000000099999999827 0.00000000099999999827 0.00000000099999999827 
0.00000000099999999828 0.00000000099999999828 0.00000000099999999828 0.00000000099999999828 0.99999999099999992147 0.00000000099999999828 0.00000000099999999828 0.00000000099999999828 0.00000000099999999828 0.00000000099999999828 
0.00000000099999999827 0.00000000099999999827 0.00000000099999999827 0.00000000099999999827 0.99999999100000003249 0.00000000099999999827 0.00000000099999999827 0.00000000099999999827 0.00000000099999999827 0.00000000099999999827 
0.00000000099999999829 0.00000000099999999829 0.00000000099999999829 0.00000000099999999829 0.99999999099999992147 0.00000000099999999829 0.00000000099999999829 0.00000000099999999829 0.00000000099999999829 0.00000000099999999829 
0.00000000099999999879 0.00000000099999999879 0.00000000099999999879 0.00000000099999999879 0.99999999099999992147 0.00000000099999999879 0.00000000099999999879 0.00000000099999999879 0.00000000099999999879 0.00000000099999999879 
0.00000000099999999826 0.00000000099999999826 0.00000000099999999826 0.00000000099999999826 0.99999999100000003249 0.00000000099999999826 0.00000000099999999826 0.00000000099999999826 0.00000000099999999826 0.00000000099999999826 
0.00000000099999999832 0.00000000099999999832 0.00000000099999999832 0.00000000099999999832 0.99999999099999992147 0.00000000099999999832 0.00000000099999999832 0.00000000099999999832 0.00000000099999999832 0.00000000099999999832 
0.00000000099999999836 0.00000000099999999836 0.00000000099999999836 0.00000000099999999836 0.99999999100000003249 0.00000000099999999836 0.00000000099999999836 0.00000000099999999836 0.00000000099999999836 0.00000000099999999836 
0.00000000099999999836 0.00000000099999999836 0.00000000099999999836 0.00000000099999999836 0.99999999100000003249 0.00000000099999999836 0.00000000099999999836 0.00000000099999999836 0.00000000099999999836 0.00000000099999999836 
0.00000000099999999832 0.00000000099999999832 0.00000000099999999832 0.00000000099999999832 0.99999999100000003249 0.00000000099999999832 0.00000000099999999832 0.00000000099999999832 0.00000000099999999832 0.00000000099999999832 
0.00000000099999999857 0.00000000099999999857 0.00000000099999999857 0.00000000099999999857 0.99999999100000003249 0.00000000099999999857 0.00000000099999999857 0.00000000099999999857 0.00000000099999999857 0.00000000099999999857 
0.00000000099999999882 0.00000000099999999882 0.00000000099999999882 0.00000000099999999882 0.99999999100000003249 0.00000000099999999882 0.00000000099999999882 0.00000000099999999882 0.00000000099999999882 0.00000000099999999882 
0.00000000099999999850 0.00000000099999999850 0.00000000099999999850 0.00000000099999999850 0.99999999099999992147 0.00000000099999999850 0.00000000099999999850 0.00000000099999999850 0.00000000099999999850 0.00000000099999999850 
0.00000000099999999871 0.00000000099999999871 0.00000000099999999871 0.00000000099999999871 0.99999999100000003249 0.00000000099999999871 0.00000000099999999871 0.00000000099999999871 0.00000000099999999871 0.00000000099999999871 
0.00000000099999999849 0.00000000099999999849 0.00000000099999999849 0.00000000099999999849 0.99999999099999992147 0.00000000099999999849 0.00000000099999999849 0.00000000099999999849 0.00000000099999999849 0.00000000099999999849 
0.00000000099999999862 0.00000000099999999862 0.00000000099999999862 0.00000000099999999862 0.99999999100000003249 0.00000000099999999862 0.00000000099999999862 0.00000000099999999862 0.00000000099999999862 0.00000000099999999862 
0.00000000099999999854 0.00000000099999999854 0.00000000099999999854 0.00000000099999999854 0.99999999099999992147 0.00000000099999999854 0.00000000099999999854 0.00000000099999999854 0.00000000099999999854 0.00000000099999999854 
0.00000000099999999855 0.00000000099999999855 0.00000000099999999855 0.00000000099999999855 0.99999999100000003249 0.00000000099999999855 0.00000000099999999855 0.00000000099999999855 0.00000000099999999855 0.00000000099999999855 
0.00000000099999999860 0.00000000099999999860 0.00000000099999999860 0.00000000099999999860 0.99999999099999992147 0.00000000099999999860 0.00000000099999999860 0.00000000099999999860 0.00000000099999999860 0.00000000099999999860 
0.00000000099999999887 0.00000000099999999887 0.00000000099999999887 0.00000000099999999887 0.99999999100000003249 0.00000000099999999887 0.00000000099999999887 0.00000000099999999887 0.00000000099999999887 0.00000000099999999887 
0.00000000099999999851 0.00000000099999999851 0.00000000099999999851 0.00000000099999999851 0.99999999099999992147 0.00000000099999999851 0.00000000099999999851 0.00000000099999999851 0.00000000099999999851 0.00000000099999999851 
0.00000000099999999870 0.00000000099999999870 0.00000000099999999870 0.00000000099999999870 0.99999999100000003249 0.00000000099999999870 0.00000000099999999870 0.00000000099999999870 0.00000000099999999870 0.00000000099999999870 
0.00000000099999999857 0.00000000099999999857 0.00000000099999999857 0.00000000099999999857 0.99999999100000003249 0.00000000099999999857 0.00000000099999999857 0.00000000099999999857 0.00000000099999999857 0.00000000099999999857 
0.00000000099999999853 0.00000000099999999853 0.00000000099999999853 0.00000000099999999853 0.99999999099999992147 0.00000000099999999853 0.00000000099999999853 0.00000000099999999853 0.00000000099999999853 0.00000000099999999853 
0.00000000099999999869 0.00000000099999999869 0.00000000099999999869 0.00000000099999999869 0.99999999099999992147 0.00000000099999999869 0.00000000099999999869 0.00000000099999999869 0.00000000099999999869 0.00000000099999999869 
0.00000000099999999857 0.00000000099999999857 0.00000000099999999857 0.00000000099999999857 0.99999999099999992147 0.00000000099999999857 0.00000000099999999857 0.00000000099999999857 0.00000000099999999857 0.00000000099999999857 
0.00000000099999999863 0.00000000099999999863 0.00000000099999999863 0.00000000099999999863 0.99999999099999992147 0.00000000099999999863 0.00000000099999999863 0.00000000099999999863 0.00000000099999999863 0.00000000099999999863 
0.00000000099999999893 0.00000000099999999893 0.00000000099999999893 0.00000000099999999893 0.99999999099999992147 0.00000000099999999893 0.00000000099999999893 0.00000000099999999893 0.00000000099999999893 0.00000000099999999893 
0.00000000099999999895 0.00000000099999999895 0.00000000099999999895 0.00000000099999999895 0.99999999099999992147 0.00000000099999999895 0.00000000099999999895 0.00000000099999999895 0.00000000099999999895 0.00000000099999999895 
0.00000000099999999911 0.00000000099999999911 0.00000000099999999911 0.00000000099999999911 0.99999999100000014352 0.00000000099999999911 0.00000000099999999911 0.00000000099999999911 0.00000000099999999911 0.00000000099999999911 
0.00000000099999999948 0.00000000099999999948 0.00000000099999999948 0.00000000099999999948 0.99999999100000014352 0.00000000099999999948 0.00000000099999999948 0.00000000099999999948 0.00000000099999999948 0.00000000099999999948 
0.00000000099999999915 0.00000000099999999915 0.00000000099999999915 0.00000000099999999915 0.00000000099999999915 0.00000000099999999915 0.89257502954033429710 0.00000000099999999915 0.00000000099999999915 0.10742496245966570712 
0.00000000099999999899 0.00000000099999999899 0.00000000099999999899 0.00000000099999999899 0.00000000099999999899 0.00000000099999999899 0.83990698570185473582 0.00000000099999999899 0.00000000099999999899 0.16009300629814540717 
0.00000000099999999941 0.00000000099999999941 0.00000000099999999941 0.00000000099999999941 0.00000000099999999941 0.00000000099999999941 0.83699949358528391574 0.00000000099999999941 0.00000000099999999941 0.16300049841471592194 
0.00000000099999999873 0.00000000099999999873 0.00000000099999999873 0.00000000099999999873 0.00000000099999999873 0.00967482351392094132 0.87047745705356327495 0.00000000099999999873 0.00000000099999999873 0.11984771243251599038 
0.00000000099999999886 0.00000000099999999886 0.00000000099999999886 0.00000000099999999886 0.00000000099999999886 0.00796457951825430520 0.90604726276704894428 0.00000000099999999886 0.00000000099999999886 0.08598815071469677329 
0.00000000099999999866 0.00000000099999999866 0.00000000099999999866 0.00000000099999999866 0.00000000099999999866 0.00000000099999999866 0.87734592775322850500 0.00000000099999999866 0.00000000099999999866 0.12265406424677152697 
0.00000000099999999908 0.00000000099999999908 0.00000000099999999908 0.00000000099999999908 0.00000000099999999908 0.02007211627240381921 0.86184396046977007622 0.00000000099999999908 0.00000000099999999908 0.11808391625782621581 
0.00000000099999999877 0.00000000099999999877 0.00000000099999999877 0.00000000099999999877 0.00000000099999999877 0.00000000099999999877 0.89260187567150495180 0.00000000099999999877 0.00000000099999999877 0.10739811632849506629 
0.00000000099999999906 0.00000000099999999906 0.00000000099999999906 0.00000000099999999906 0.00000000099999999906 0.00933637612875650238 0.85670150951341128565 0.00000000099999999906 0.00000000099999999906 0.13396210735783220525 
0.00000000099999999953 0.00000000099999999953 0.00000000099999999953 0.00920308149418783139 0.00000000099999999953 0.00000000099999999953 0.88909914136660894712 0.00000000099999999953 0.00000000099999999953 0.10169777013920333619 
0.00000000099999999882 0.00000000099999999882 0.00000000099999999882 0.00000000099999999882 0.00000000099999999882 0.00000000099999999882 0.88490120757025436671 0.00000000099999999882 0.00000000099999999882 0.11509878442974566526 
0.00000000099999999879 0.00000000099999999879 0.00000000099999999879 0.00000000099999999879 0.00000000099999999879 0.00060243411396741320 0.86319616971007873119 0.00000000099999999879 0.00000000099999999879 0.13620138917595397965 
0.00000000099999999943 0.00000000099999999943 0.00000000099999999943 0.00883000009915151096 0.00000000099999999943 0.01462358203081974561 0.82223217701836137650 0.00000000099999999943 0.00000000099999999943 0.15431423485166725906 
0.00000000099999999905 0.00000000099999999905 0.00000000099999999905 0.00000000099999999905 0.00000000099999999905 0.02126265716708653983 0.86624453321093164426 0.00000000099999999905 0.00000000099999999905 0.11249280262198176061 
0.00000000099999999942 0.00000000099999999942 0.00000000099999999942 0.00000000099999999942 0.00000000099999999942 0.00000000099999999942 0.91855014442897098270 0.00000000099999999942 0.00000000099999999942 0.08144984757102893824 
0.00000000099999999865 0.00000000099999999865 0.00000000099999999865 0.00000000099999999865 0.00000000099999999865 0.00000000099999999865 0.89257098431775949710 0.00000000099999999865 0.00000000099999999865 0.10742900768224036834 
0.00000000099999999926 0.00000000099999999926 0.00000000099999999926 0.00000000099999999926 0.00000000099999999926 0.00904698585559014952 0.79317577987247467330 0.00000000099999999926 0.00000000099999999926 0.19777722727193516872 
0.00000000099999999933 0.00000000099999999933 0.00000000099999999933 0.00000000099999999933 0.00000000099999999933 0.00000000099999999933 0.83550317709573607150 0.00000000099999999933 0.00000000099999999933 0.16449681490426404373 
0.00000000099999999896 0.00000000099999999896 0.00000000099999999896 0.00000000099999999896 0.00000000099999999896 0.00000000099999999896 0.87782318931124281303 0.00000000099999999896 0.00000000099999999896 0.12217680268875731608 
0.00000000099999999899 0.00000000099999999899 0.00000000099999999899 0.00000000099999999899 0.00000000099999999899 0.00000000099999999899 0.87745839847994755445 0.00000000099999999899 0.00000000099999999899 0.12254159352005247752 
0.00000000099999999898 0.00000000099999999898 0.00000000099999999898 0.00000000099999999898 0.00000000099999999898 0.03572793320222480973 0.80082673385790370535 0.00000000099999999898 0.00000000099999999898 0.16344532593987154412 
0.00000000099999999872 0.00000000099999999872 0.00000000099999999872 0.00000000099999999872 0.00000000099999999872 0.00002595713128769311 0.84122853813516140775 0.00000000099999999872 0.00000000099999999872 0.15874549773355098314 
0.00000000099999999900 0.00000000099999999900 0.00000000099999999900 0.00000000099999999900 0.00000000099999999900 0.00000000099999999900 0.87260668120703210882 0.00000000099999999900 0.00000000099999999900 0.12739331079296778437 
0.00000000099999999903 0.00000000099999999903 0.00000000099999999903 0.00000000099999999903 0.00000000099999999903 0.00000000099999999903 0.81970732743453567082 0.00000000099999999903 0.00000000099999999903 0.18029266456546422237 
0.00000000099999999933 0.00000000099999999933 0.00000000099999999933 0.00000000099999999933 0.00000000099999999933 0.00000000099999999933 0.80381086389704603512 0.00000000099999999933 0.00000000099999999933 0.19618912810295405236 
0.00000000099999999885 0.00000000099999999885 0.00000000099999999885 0.00000000099999999885 0.00000000099999999885 0.00000000099999999885 0.87549763683571735218 0.00000000099999999885 0.00000000099999999885 0.12450235516428261040 
0.00000000099999999902 0.00000000099999999902 0.00000000099999999902 0.00000000099999999902 0.00000000099999999902 0.00000000099999999902 0.83066119081797440415 0.00000000099999999902 0.00000000099999999902 0.16933880118202562781 
0.00000000099999999984 0.00000000099999999984 0.00000000099999999984 0.00000000099999999984 0.00019330351596067921 0.00000000099999999984 0.80193375100063657435 0.00000000099999999984 0.00442258995741790732 0.19345034952598488820 
0.00000000099999999947 0.00000000099999999947 0.00000000099999999947 0.00000000099999999947 0.00000000099999999947 0.00000000445066143564 0.87563924215983168775 0.00000000099999999947 0.00000000099999999947 0.12436074638950678217 
0.00000000099999999911 0.00000000099999999911 0.00000000099999999911 0.00000000099999999911 0.00000000099999999911 0.00000000099999999911 0.82877665008820200487 0.00000000099999999911 0.00000000099999999911 0.17122334191179799934 
0.00000000099999999884 0.00000000099999999884 0.00000000099999999884 0.00000000099999999884 0.00000000099999999884 0.00000000099999999884 0.88562180132400558641 0.00000000099999999884 0.00000000099999999884 0.11437819067599455658 
0.00000000099999999962 0.00000000099999999962 0.00480121184828733935 0.00000000099999999962 0.00000000099999999962 0.00000000099999999962 0.90025872990064648160 0.00000000099999999962 0.00000000099999999962 0.09494005125106624865 
0.00000000099999999947 0.00000000099999999947 0.00000000099999999947 0.00000000099999999947 0.00000000099999999947 0.00740467831144683755 0.76618495464486069402 0.00000000099999999947 0.00000000099999999947 0.22641036004369252677 
0.00000000099999999941 0.00000000099999999941 0.00000000099999999941 0.00000000099999999941 0.00000000099999999941 0.00000214335814023594 0.84323827229577752451 0.00000000099999999941 0.00000000099999999941 0.15675957734608236827 
0.00000000099999999927 0.00000000099999999927 0.00000000099999999927 0.00000000099999999927 0.00000000099999999927 0.02918123894605528443 0.79079119827745802951 0.00000000099999999927 0.00000000099999999927 0.18002755577648685281 
0.00000000099999999940 0.00000000099999999940 0.00000000099999999940 0.00000000099999999940 0.00000000099999999940 0.02526276837489744090 0.85191001236751517922 0.00000000099999999940 0.00000000099999999940 0.12282721225758753969 
0.00000000099999999920 0.00000000099999999920 0.00000000099999999920 0.00000000099999999920 0.00000000099999999920 0.00000000099999999920 0.81502894498483557939 0.00000000099999999920 0.00000000099999999920 0.18497104701516442482 
0.00000000099999999926 0.00000000099999999926 0.00000000099999999926 0.00000000099999999926 0.00000000099999999926 0.00000000099999999926 0.81825367437906670887 0.00000000099999999926 0.00000000099999999926 0.18174631762093329534 
0.00000000099999999927 0.00000000099999999927 0.00000000099999999927 0.00000000099999999927 0.00000000099999999927 0.00298005850118156917 0.77893681243304835338 0.00000000099999999927 0.00000000099999999927 0.21808312206577012970 
0.00000000099999999971 0.00000000099999999971 0.00000000099999999971 0.00000000099999999971 0.00000000099999999971 0.00000035839096073461 0.93020220779946749534 0.00000000099999999971 0.00000000099999999971 0.06979742680957180812 
0.00000000099999999932 0.00000000099999999932 0.00000000099999999932 0.00000000099999999932 0.00000000099999999932 0.00000000099999999932 0.89560291627112542656 0.00000000099999999932 0.00000000099999999932 0.10439707572887461928 
0.00000000099999999970 0.00000000099999999970 0.00000000099999999970 0.00000000099999999970 0.00000000099999999970 0.02266353827244695432 0.89056027043396623899 0.00000000099999999970 0.00000000099999999970 0.08677618429358671670 
0.00000000099999999913 0.00000000099999999913 0.00000000099999999913 0.00000000099999999913 0.00000000099999999913 0.00000000099999999913 0.89564938327585197353 0.00000000099999999913 0.00000000099999999913 0.10435060872414812783 
0.00000000099999999900 0.00000000099999999900 0.00000000099999999900 0.00000000099999999900 0.00000000099999999900 0.00628281533802221240 0.83240415454501381909 0.00000000099999999900 0.00000000099999999900 0.16131302311696399387 
0.00000000099999999897 0.00000000099999999897 0.00000000099999999897 0.00000000099999999897 0.00000000099999999897 0.00000000099999999897 0.80646831760275816681 0.00000000099999999897 0.00000000099999999897 0.19353167439724192067 
0.00000000099999999903 0.00000000099999999903 0.00000000099999999903 0.00000000099999999903 0.00000000099999999903 0.00000000099999999903 0.84252377673768663602 0.00000000099999999903 0.00000000099999999903 0.15747621526231339595 
0.00000000099999999905 0.00000000099999999905 0.00000000099999999905 0.00000000099999999905 0.00000000099999999905 0.00252875746682164207 0.85901949612785988286 0.00000000099999999905 0.00000000099999999905 0.13845173940531851908 
0.00000000099999999937 0.00000000099999999937 0.00000000099999999937 0.00000000099999999937 0.00000000099999999937 0.00000000099999999937 0.82384354727218545023 0.00000000099999999937 0.00000000099999999937 0.17615644472781460950 
0.00000000099999999904 0.00000000099999999904 0.00000000099999999904 0.00000000099999999904 0.00000000099999999904 0.02618061649403227373 0.81414593186560724192 0.00000000099999999904 0.00000000099999999904 0.15967344464036048457 
0.00000000099999999920 0.00000000099999999920 0.00000000099999999920 0.00000000099999999920 0.00000000099999999920 0.00000000099999999920 0.80382743816300450401 0.00000000099999999920 0.00000000099999999920 0.19617255383699555571 
0.00000000099999999899 0.00000000099999999899 0.00000000099999999899 0.00000000099999999899 0.00000000099999999899 0.03509984941691066118 0.81123947390922901413 0.00000000099999999899 0.00000000099999999899 0.15366066967386030062 
0.00000000099999999916 0.00000000099999999916 0.00000000099999999916 0.00000000099999999916 0.00000000099999999916 0.00000000099999999916 0.81742433782891676941 0.00000000099999999916 0.00000000099999999916 0.18257565417108320704 
0.00000000099999999927 0.00000000099999999927 0.00000000099999999927 0.00000000099999999927 0.00000000099999999927 0.00000000099999999927 0.95078138675760071052 0.00000000099999999927 0.00000000099999999927 0.04921860524239923124 
0.00000000099999999930 0.00000000099999999930 0.00000000099999999930 0.00000000099999999930 0.00000000099999999930 0.01208991388758940896 0.90672741855883109974 0.00000000099999999930 0.00000000099999999930 0.08118266055357967192 
0.00000000099999999905 0.00000000099999999905 0.00000000099999999905 0.00000000099999999905 0.00000000099999999905 0.01341623626921848757 0.84551815923728812496 0.00000000099999999905 0.00000000099999999905 0.14106559749349359412 
0.00000000099999999915 0.00000000099999999915 0.00000000099999999915 0.00000000099999999915 0.00000000099999999915 0.00320035182957271319 0.88100148183607029928 0.00000000099999999915 0.00000000099999999915 0.11579815933435695652 
0.00000000099999999935 0.00000000099999999935 0.00000000099999999935 0.00000000099999999935 0.00000000099999999935 0.00000000099999999935 0.87758792343090330501 0.00000000099999999935 0.00000000099999999935 0.12241206856909678247 
0.00000000099999999938 0.00000000099999999938 0.00000000099999999938 0.00000000099999999938 0.00000000099999999938 0.00000000099999999938 0.89464401412102689815 0.00000000099999999938 0.00000000099999999938 0.10535597787897316158 
0.00000000099999999897 0.00000000099999999897 0.00000000099999999897 0.00000000099999999897 0.00000000099999999897 0.02938009720443907763 0.87722690762252075736 0.00000000099999999897 0.00000000099999999897 0.09339298817304030054 
0.00000000099999999928 0.00000000099999999928 0.00000000099999999928 0.00000000099999999928 0.00000000099999999928 0.00000000099999999928 0.92665006228248525399 0.00000000099999999928 0.00000000099999999928 0.07334992971751463919 
0.00000000099999999902 0.00000000099999999902 0.00000000099999999902 0.00000000099999999902 0.00000000099999999902 0.00000000099999999902 0.87854095172045765239 0.00000000099999999902 0.00000000099999999902 0.12145904027954244897 
0.00000000099999999946 0.00000000099999999946 0.00000000099999999946 0.00000000099999999946 0.00000000099999999946 0.00000000099999999946 0.87720507208725828630 0.00000000099999999946 0.00000000099999999946 0.12279491991274162077 
0.00000000099999999931 0.00000000099999999931 0.00000000099999999931 0.00000000099999999931 0.00000000099999999931 0.00000000099999999931 0.90968600530674681437 0.00000000099999999931 0.00000000099999999931 0.09031398669325309270 
0.00000000099999999943 0.00000000099999999943 0.00000000099999999943 0.00000000099999999943 0.00000000099999999943 0.00000000099999999943 0.89931701408318187596 0.00000000099999999943 0.00000000099999999943 0.10068297791681804498 
0.00000000099999999911 0.00000000099999999911 0.00000000099999999911 0.00000000099999999911 0.00000000099999999911 0.02297784581005628962 0.86616092982612413742 0.00000000099999999911 0.00000000099999999911 0.11086121736381954195 
0.00000000099999999964 0.00000000099999999964 0.00000000099999999964 0.00000000099999999964 0.00000000099999999964 0.00000000099999999964 0.88358029641812019239 0.00000000099999999964 0.00000000099999999964 0.11641969558187981182 
0.00000000099999999996 0.00000000099999999996 0.00138481642921526216 0.00000000099999999996 0.00294623446541075491 0.00000078250077079818 0.92235036940556036633 0.00274119020011681560 0.00161105417554190371 0.06896554982338412576 
0.00000000099999999970 0.00000000099999999970 0.00000000099999999970 0.00763937568714037098 0.00000000099999999970 0.00746274571834039391 0.85157083906523112216 0.00000000099999999970 0.00000000099999999970 0.13332703352928820806 
0.00000000099999999978 0.00000000099999999978 0.00000000099999999978 0.00598282225917865559 0.00000000099999999978 0.00000000099999999978 0.87410057590877765499 0.00000000099999999978 0.00000000099999999978 0.11991659483204368530 
0.00000000099999999987 0.00000000099999999987 0.00000000099999999987 0.00000000099999999987 0.00000000099999999987 0.00000074029229762354 0.89093874181478460716 0.00000000099999999987 0.00000000099999999987 0.10906051089291776690 
0.00000000099999999974 0.00000000099999999974 0.00000000099999999974 0.00000000099999999974 0.00047631380570954700 0.00064572512405566016 0.83433511670066451416 0.00400181946813742834 0.00000000099999999974 0.16054101990143290757 
0.00000000099999999970 0.00000000099999999970 0.00000000099999999970 0.00447917119084255758 0.00000000099999999970 0.00000071554981424790 0.91157004790255558024 0.00000000099999999970 0.00000000099999999970 0.08395005935678759301 
0.00000000099999999926 0.00000000099999999926 0.00000000099999999926 0.00000000099999999926 0.00000000099999999926 0.98927377889731171745 0.00000000099999999926 0.00000000099999999926 0.00000000099999999926 0.01072621310268842380 
0.00000000099999999915 0.00000000099999999915 0.00000000099999999915 0.00000000099999999915 0.00000000099999999915 0.99999999100000014352 0.00000000099999999915 0.00000000099999999915 0.00000000099999999915 0.00000000099999999915 
0.00000000099999999947 0.00000000099999999947 0.00000000099999999947 0.00000000099999999947 0.00000000099999999947 0.97977226453815879914 0.01355577965495573592 0.00000000099999999947 0.00000000099999999947 0.00667194880688554669 
0.00000000099999999979 0.00000000099999999979 0.00000000099999999979 0.00000000099999999979 0.00000000099999999979 0.99999999100000003249 0.00000000099999999979 0.00000000099999999979 0.00000000099999999979 0.00000000099999999979 
0.00000000099999999912 0.00000000099999999912 0.00000000099999999912 0.00000000099999999912 0.00000000099999999912 0.99355648932569651244 0.00004698520003722381 0.00000000099999999912 0.00000000099999999912 0.00639651847426626115 
0.00000000099999999930 0.00000000099999999930 0.00000000099999999930 0.00000000099999999930 0.00000000099999999930 0.99978952742807036813 0.00000000099999999930 0.00000000099999999930 0.00000000099999999930 0.00021046457192979890 
0.00000000099999999942 0.00000000099999999942 0.00000000099999999942 0.00000000099999999942 0.00000000099999999942 0.99390254954983547897 0.00000000099999999942 0.00000000099999999942 0.00000000099999999942 0.00609744245016467616 
0.00000000099999999935 0.00000000099999999935 0.00000000099999999935 0.00000000099999999935 0.00000000099999999935 0.99326020852243557258 0.00000007752058096234 0.00000000099999999935 0.00000000099999999935 0.00673970695698337605 
0.00000000099999999924 0.00000000099999999924 0.00000000099999999924 0.00000000099999999924 0.00000000099999999924 0.99575135552316407228 0.00000000099999999924 0.00000000099999999924 0.00000000099999999924 0.00424863647683608025 
0.00000000099999999966 0.00000000099999999966 0.00000000099999999966 0.00000000099999999966 0.00000000099999999966 0.99999999100000003249 0.00000000099999999966 0.00000000099999999966 0.00000000099999999966 0.00000000099999999966 
0.00000000099999999925 0.00000000099999999925 0.00000000099999999925 0.00000000099999999925 0.00000000099999999925 0.99999999100000014352 0.00000000099999999925 0.00000000099999999925 0.00000000099999999925 0.00000000099999999925 
0.00000000099999999915 0.00000000099999999915 0.00000000099999999915 0.00000000099999999915 0.00000000099999999915 0.97761372149926906161 0.02100917829397397352 0.00000000099999999915 0.00000000099999999915 0.00137709320675706223 
0.00000000099999999926 0.00000000099999999926 0.00000000099999999926 0.00000000099999999926 0.00000000099999999926 0.99999999100000014352 0.00000000099999999926 0.00000000099999999926 0.00000000099999999926 0.00000000099999999926 
0.00000000099999999929 0.00000000099999999929 0.00000000099999999929 0.00000000099999999929 0.00000000099999999929 0.98965217017739759431 0.01034782182260246368 0.00000000099999999929 0.00000000099999999929 0.00000000099999999929 
0.00000000099999999958 0.00000000099999999958 0.00000000099999999958 0.00000000099999999958 0.00110114823666876199 0.99889884376333137883 0.00000000099999999958 0.00000000099999999958 0.00000000099999999958 0.00000000099999999958 
0.00000000099999999932 0.00000000099999999932 0.00000000099999999932 0.00000000099999999932 0.00000000099999999932 0.96374261713836262278 0.00000000099999999932 0.00000000099999999932 0.00000000099999999932 0.03625737486163747858 
0.00000000099999999943 0.00000000099999999943 0.00000000099999999943 0.00000000099999999943 0.00000000099999999943 0.99529970981273763186 0.00257614969849712062 0.00000000099999999943 0.00000000099999999943 0.00212413348876527765 
0.00000000099999999896 0.00000000099999999896 0.00000000099999999896 0.00000000099999999896 0.00000000099999999896 0.99999999099999992147 0.00000000099999999896 0.00000000099999999896 0.00000000099999999896 0.00000000099999999896 
0.00000000099999999957 0.00000000099999999957 0.00000000099999999957 0.00407767561665768434 0.00000000099999999957 0.95750959185729866974 0.01455567600273583416 0.00000000099999999957 0.00000000099999999957 0.02385705052330788778 
0.00000000099999999972 0.00000000099999999972 0.00000000099999999972 0.00279884165973714929 0.00000000099999999972 0.90554669316424962755 0.01930473214331753298 0.00000000099999999972 0.00000000099999999972 0.07234972703269565431 
0.00000000099999999969 0.00000000099999999969 0.00000000099999999969 0.00000000099999999969 0.00000000099999999969 0.91711571220150589490 0.08288427979849415095 0.00000000099999999969 0.00000000099999999969 0.00000000099999999969 
0.00000000099999999985 0.00000000099999999985 0.00968923404379281455 0.00000000099999999985 0.00000000099999999985 0.92157684185428201395 0.00000011800823116480 0.00000000099999999985 0.00000000099999999985 0.06873380009369414734 
0.00000000099999999959 0.00000000099999999959 0.00000000099999999959 0.00000000099999999959 0.00000000099999999959 0.86214057911311614557 0.07048197368703662535 0.00475439777998350622 0.00000000099999999959 0.06262304341986373035 
0.00000000099999999990 0.00000000099999999990 0.00035700350335379018 0.00091298523329454769 0.00000000099999999990 0.89272970357030345667 0.02730156990506150613 0.00000000099999999990 0.00250160149994714141 0.07619713228803950966 
0.00000000099999999988 0.00000000099999999988 0.00000000099999999988 0.00000000099999999988 0.00000000619440513124 0.95438958360734471587 0.01871068319933763546 0.00037274153846050291 0.00106734017910928227 0.02545964128134260360 
0.00000000099999999965 0.00000000099999999965 0.00531904223332296377 0.00000000099999999965 0.00000000099999999965 0.89753402179743690947 0.02566030208141890576 0.00000000099999999965 0.00000000099999999965 0.07148662788782139677 
0.00000000099999999968 0.00000000099999999968 0.00000000099999999968 0.00439763342046321087 0.00000000099999999968 0.90818322990851485521 0.02932574875382355090 0.00000000099999999968 0.00000000099999999968 0.05809338191719842781 
0.00000000099999999945 0.00000000099999999945 0.00000000099999999945 0.00000000099999999945 0.00000000099999999945 0.94660371527425168914 0.00000714211102295849 0.00470781519806347595 0.00000000099999999945 0.04868132141666201007 
0.00000000099999999975 0.00000000099999999975 0.00000000099999999975 0.00204788399937855595 0.00000000099999999975 0.96014588532331524018 0.00000000099999999975 0.00000000099999999975 0.00000000099999999975 0.03780622367730623185 
0.00000000099999999964 0.00000000099999999964 0.00000000099999999964 0.00000000099999999964 0.00000000099999999964 0.90877408971587425590 0.00844130354650212029 0.00000000099999999964 0.00000000099999999964 0.08278459973762375412 
0.00000000099999999954 0.00000000099999999954 0.00000000099999999954 0.00431193776632522643 0.00000000099999999954 0.92906431470859407451 0.00000000099999999954 0.00000000099999999954 0.00000000099999999954 0.06662374052508081290 
0.00000000099999999970 0.00000000099999999970 0.00644161522759438034 0.00000000099999999970 0.00000000099999999970 0.84009343314243811740 0.10943409112336986710 0.00000000099999999970 0.00000000099999999970 0.04403085450659761230 
0.00000000099999999966 0.00000000099999999966 0.01193502647353035344 0.00000000099999999966 0.00000000099999999966 0.89199898744262773320 0.02721417615454535532 0.00000000099999999966 0.00000000099999999966 0.06885180392929658721 
0.00000000099999999971 0.00000000099999999971 0.00000000099999999971 0.00105318243359944189 0.00000000099999999971 0.89363849489066526921 0.07337746317091040082 0.00000000099999999971 0.00000000099999999971 0.03193085350482490620 
0.00000000099999999957 0.00000000099999999957 0.00000000099999999957 0.00000000099999999957 0.00000000099999999957 0.91079131956450765095 0.00000000099999999957 0.00000000099999999957 0.00000000099999999957 0.08920867243549257530 
0.00000000099999999936 0.00000000099999999936 0.00000000099999999936 0.00000000099999999936 0.00000000099999999936 0.83852836300332511676 0.08310633785823269559 0.00000000099999999936 0.00000000099999999936 0.07836529213844233011 
0.00000000099999999974 0.00000000099999999974 0.00000000099999999974 0.00139352941745289377 0.00000000099999999974 0.87421463560547529870 0.07465009026522281821 0.00000000099999999974 0.00000000099999999974 0.04974173871184896234 
0.00000000099999999994 0.00000000099999999994 0.00000000099999999994 0.00000000099999999994 0.00000000099999999994 0.84351522515843191385 0.08300624456550932673 0.01586797262221117943 0.00000000099999999994 0.05761055165384773580 
0.00000000099999999998 0.00000000099999999998 0.00000000099999999998 0.00000000099999999998 0.00000000099999999998 0.67173902674117680345 0.08528180758413929363 0.00425969252879943288 0.00000000099999999998 0.23871946714588468397 
0.00000000099999999997 0.00000000099999999997 0.00000000099999999997 0.00000000099999999997 0.00000000099999999997 0.55144858735557755747 0.31697429653845160535 0.04764274251522121473 0.00000000099999999997 0.08393436759074961173 
0.00000000099999999948 0.00000000099999999948 0.00000000099999999948 0.00000000099999999948 0.00619563005170156635 0.89570328327766068899 0.03141198578515248807 0.00000000099999999948 0.00000000099999999948 0.06668909488548536990 
0.00000000099999999998 0.00000000099999999998 0.02053576766124396574 0.00000000099999999998 0.00000000099999999998 0.72841064838709956852 0.14875551041430559729 0.00000000099999999998 0.00000000099999999998 0.10229806753735089242 
0.00000000099999999998 0.00000000099999999998 0.00000000099999999998 0.00000000099999999998 0.00000000099999999998 0.49424761141762640904 0.23467397894162159155 0.00334475618368506407 0.00000000099999999998 0.26773364745706690337 
0.00000000099999999977 0.00000000099999999977 0.00000000099999999977 0.00000000099999999977 0.00000000099999999977 0.94665081490611990844 0.03407907288627557568 0.00000000099999999977 0.00000000099999999977 0.01927010520760466875 
0.00000000099999999999 0.00000000099999999999 0.00000000099999999999 0.00000000099999999999 0.01090602863983704783 0.55721767403374888872 0.43187610924433256221 0.00000017060231784286 0.00000000099999999999 0.00000001247976361910 
0.00000000099999999977 0.00000000099999999977 0.00000000099999999977 0.00000000099999999977 0.01557659424854389123 0.85185262760677293858 0.09465434932342461916 0.00000000099999999977 0.00000000099999999977 0.03791642282125866348 
0.00000000099999999985 0.00000000099999999985 0.00000000099999999985 0.00000000099999999985 0.00166977946224052681 0.95956540789518018908 0.02183117413816212590 0.00000000099999999985 0.00000000099999999985 0.01693363250441722034 
0.00000000099999999948 0.00000000099999999948 0.00000000099999999948 0.00000000099999999948 0.00816062497458659025 0.86308717428123382653 0.11714842190518084952 0.00000000099999999948 0.00000000099999999948 0.01160377283899881144 
0.00000000099999999985 0.00000000099999999985 0.00042245717980716720 0.00000000099999999985 0.00179560369666759254 0.88327817440989619957 0.09115532674979553995 0.00000000099999999985 0.00000000099999999985 0.02334843296383352224 
0.00000000099999999907 0.00000000099999999907 0.00000000099999999907 0.00000000099999999907 0.00000000099999999907 0.92180619416540054978 0.03693313167458601998 0.00000000099999999907 0.00000000099999999907 0.04126066716001346862 
