0.57341538211402276470 0.00000000099999999999 0.42658461688597726358 
0.57774201734382990558 0.00000000099999999999 0.42225798165617006719 
0.57461291380877999035 0.00000000099999999999 0.42538708519122003793 
0.57681389272310046312 0.00000000099999999999 0.42318610627689939863 
0.57714535511338216356 0.00000000099999999999 0.42285464388661780921 
0.57078541347078703971 0.00000000099999999999 0.42921458552921304408 
0.57087823271801030334 0.00000000099999999999 0.42912176628198966943 
0.57568179117892859242 0.00000000099999999999 0.42431820782107160239 
0.57326305261177601391 0.00000000099999999999 0.42673694638822390335 
0.57545470740358273254 0.00000000099999999999 0.42454529159641724023 
0.57439218285302173772 0.00000000099999999999 0.42560781614697823505 
0.57673089857489145960 0.00000000099999999999 0.42326910042510856869 
0.57539647158141826733 0.00000000099999999999 0.42460352741858181647 
0.56985168582300482765 0.00000000099999999999 0.43014831317699531166 
0.57382142258292778703 0.00000000099999999999 0.42617857641707235228 
0.57505890310152096845 0.00000000099999999999 0.42494109589847900432 
0.57507806399959082722 0.00000000099999999999 0.42492193500040925658 
0.57820653795546661513 0.00000000099999999999 0.42179346104453335764 
0.57868917390114904542 0.00000000099999999999 0.42131082509885114940 
0.58339435049986032578 0.00000000099999999999 0.41660564850013970251 
0.57646778432463241515 0.00000000099999999999 0.42353221467536755762 
0.57268180474167618144 0.00000000099999999999 0.42731819425832384685 
0.57456891965345269213 0.00000000099999999999 0.42543107934654739166 
0.57403172140837643855 0.00000000099999999999 0.42596827759162364524 
0.57540154862517189915 0.00000000099999999999 0.42459845037482824015 
0.57270439088074642786 0.00000000099999999999 0.42729560811925360042 
0.57618049491270850737 0.00000000099999999999 0.42381950408729152091 
0.57616455095155572064 0.00000000099999999999 0.42383544804844441867 
0.57412146354234627754 0.00000000099999999999 0.42587853545765375074 
0.57553174498838699513 0.00000000099999999999 0.42446825401161314417 
0.58160731036305213237 0.00000000099999999999 0.41839268863694789591 
0.57764663403247473727 0.00000000099999999999 0.42235336496752534652 
0.58103027262256867758 0.00000000099999999999 0.41896972637743140622 
0.58201387085870370797 0.00000000099999999999 0.41798612814129626480 
0.57219464357272309396 0.00000000099999999999 0.42780535542727698983 
0.58993106826296948242 0.00000000099999999999 0.41006893073703049035 
0.57802861410027639444 0.00000000099999999999 0.42197138489972352282 
0.57940711672089628692 0.00000000099999999999 0.42059288227910368585 
0.57831216402535590149 0.00000000099999999999 0.42168783497464418231 
0.59167649620007989331 0.00000000099999999999 0.40832350279992019049 
0.57673720467989408878 0.00000000099999999999 0.42326279432010593951 
0.58377391215286489334 0.00000000100000000000 0.41622608684713519045 
0.58311796536160487303 0.00000000099999999999 0.41688203363839515525 
0.58292039509237481010 0.00000000099999999999 0.41707960390762510716 
0.58124792056291707532 0.00000000100000000000 0.41875207843708300848 
0.58881124361236880649 0.00000000100000000000 0.41118875538763116628 
0.58267780119252388094 0.00000000099999999999 0.41732219780747603632 
0.58574943132306511728 0.00000000099999999999 0.41425056767693485549 
0.57573602596470452308 0.00000000099999999999 0.42426397303529539418 
0.59149743804916754542 0.00000000100000000000 0.40850256095083264940 
0.57775358256895459341 0.00000000100000000000 0.42224641643104537936 
0.40411585498780205894 0.59588414401219780281 0.00000000099999999991 
0.44643091624383707261 0.55356908275616290016 0.00000000099999999983 
0.50651257985127495775 0.49348741914872501502 0.00000000099999999994 
0.38984545967656558663 0.61015453932343444166 0.00000000099999999977 
0.40003810137821804727 0.59996189762178186999 0.00000000099999999981 
0.39893740912080238870 0.60106258987919769510 0.00000000099999999977 
0.39928601311484468450 0.60071398588515534378 0.00000000099999999986 
0.37606415910767276856 0.62393583989232714870 0.00000000099999999979 
0.41181143170344164384 0.58818856729655821791 0.00000000099999999985 
0.40398637855934871332 0.59086682427830494735 0.00514679716234630637 
0.42836712202070698075 0.57163287697929288100 0.00000000099999999982 
0.42352482970150062691 0.57647516929849917933 0.00000000099999999980 
0.42841681193317882048 0.56621095376312802205 0.00537223430369326588 
0.44235891610572469768 0.55764108289427527509 0.00000000099999999985 
0.40251708954820908382 0.59748290945179094447 0.00000000099999999994 
0.39679016285205631620 0.60320983614794354555 0.00000000099999999977 
0.50909386518386900988 0.49090613381613090738 0.00000000099999999987 
0.49345609828388781182 0.50654390071611221646 0.00000000099999999992 
0.44331837400032125807 0.55668162499967877022 0.00000000099999999982 
0.41630956398911633798 0.58369043501088357928 0.00000000099999999982 
0.41996081667176454744 0.58003918232823536982 0.00000000099999999983 
0.40675219943154616864 0.59324779956845374862 0.00000000099999999976 
0.44678698425238466685 0.55321301474761530592 0.00000000099999999983 
0.46961549656398038355 0.53038450243601964473 0.00000000099999999983 
0.50166243420457312663 0.49833756479542684614 0.00000000099999999991 
0.42049811950962062701 0.57950187949037945678 0.00000000099999999978 
0.47848611150786996005 0.52151388749212990170 0.00000000099999999986 
0.44996580435471406068 0.54469411967329184332 0.00534007597199424606 
0.40056732133120315220 0.59943267766879670955 0.00000000099999999998 
0.45258156396057824811 0.54741843503942178017 0.00000000099999999988 
0.38454141873400121687 0.61545858026599886692 0.00000000099999999981 
0.42941230196253127316 0.56876480842419452344 0.00182288961327428190 
0.56335298122180543778 0.43664701777819453499 0.00000000099999999990 
0.46911308566426040967 0.53088691333573945208 0.00000000099999999990 
0.48820962892419172974 0.51179037007580818752 0.00000000099999999986 
0.43976112185547144851 0.56023887714452857978 0.00000000099999999989 
0.50245762651281022926 0.49754237248718979902 0.00000000099999999985 
0.49685727983902094884 0.50314271916097885740 0.00000000099999999986 
0.52764519218486649610 0.47235480681513331014 0.00000000099999999987 
0.42247001093722658105 0.57605605782492996791 0.00147393123784327583 
0.44975545296974700493 0.55024454603025296784 0.00000000099999999992 
0.46348206382786644175 0.53651793517213342000 0.00000000099999999996 
0.41068053734855403114 0.58931946165144599714 0.00000000099999999987 
0.48923160510342905694 0.51076839389657080481 0.00000000099999999982 
0.46931065615997824558 0.53068934284002167168 0.00000000099999999982 
0.48607312565274213290 0.51392687334725772885 0.00000000099999999983 
0.47999994723706990163 0.52000005176293007114 0.00000000099999999983 
0.50051330067769106424 0.49948669832230874199 0.00000000099999999996 
0.45711636285203643970 0.54288363614796342205 0.00000000099999999982 
0.50806595769106877025 0.49193404130893125803 0.00000000099999999989 
0.44643184318332518323 0.55356815581667473403 0.00000000099999999983 
0.50574325519547091989 0.49425674380452894185 0.00000000099999999984 
0.49521227056526745391 0.50478772843473240783 0.00000000099999999988 
0.45692710088572269234 0.54307289811427728043 0.00000000099999999988 
0.46527199393554241613 0.53472800506445761215 0.00000000099999999983 
0.44604755788575395359 0.55395244111424613020 0.00000000099999999986 
0.46934723791278343263 0.53065276108721648463 0.00000000099999999989 
0.49057590809739937132 0.50942409090260054594 0.00000000099999999990 
0.45637497239600871568 0.54362502660399125709 0.00000000099999999984 
0.44379309180113735156 0.55620690719886267672 0.00000000099999999990 
0.49545913580226563777 0.50454086319773439051 0.00000000099999999982 
0.52443746471859220559 0.47556253428140765616 0.00000000099999999994 
0.50007990638562938024 0.49992009261437059253 0.00000000099999999992 
0.50759971849450269410 0.49240028050549738969 0.00000000099999999995 
0.45027341063730275117 0.54972658836269727711 0.00000000099999999988 
0.53802548756727142099 0.46197451143272860730 0.00000000099999999995 
0.42594521682554031816 0.56752034934620099182 0.00653443382825877328 
0.46903075802269983408 0.52619632956190154349 0.00477291241539854784 
0.46471310086832895436 0.53179157541558386146 0.00349532371608720109 
0.48176819742002885416 0.51709691426591486429 0.00113488831405625314 
0.51502213363520921163 0.48293336193608221718 0.00204450442870859721 
0.47599796741200556260 0.52134795549535195569 0.00265407709264245959 
0.00869610589918335015 0.99130389310081667986 0.00000000099999999986 
0.00000000099999999986 0.99999999799999994554 0.00000000099999999986 
0.00491104694298196993 0.99508895205701786146 0.00000000099999999988 
0.00000000099999999996 0.99999999800000005656 0.00000000099999999996 
0.00000000099999999983 0.99999999800000005656 0.00000000099999999983 
0.00000000099999999986 0.99999999799999994554 0.00000000099999999986 
0.00006050018226287551 0.99993949881773702693 0.00000000099999999989 
0.00686131828849218493 0.99313868071150779304 0.00000000099999999988 
0.00004639233724726496 0.99995360666275279193 0.00000000099999999985 
0.00000000099999999995 0.99999999800000005656 0.00000000099999999995 
0.00000000099999999985 0.99999999800000005656 0.00000000099999999985 
0.00488711517577101150 0.99511288382422891097 0.00000000099999999984 
0.00000000099999999987 0.99999999799999994554 0.00000000099999999987 
0.00000000099999999987 0.99999999800000005656 0.00000000099999999987 
0.00000000099999999992 0.99999999800000005656 0.00000000099999999992 
0.03087484445864130400 0.96912515454135861326 0.00000000099999999988 
0.00497759900450906508 0.99502239999549080274 0.00000000099999999990 
0.00000000099999999980 0.99999999799999994554 0.00000000099999999980 
0.01402060778559688185 0.98377856812708008860 0.00220082408732305600 
0.06159448487540394174 0.93682021967249784478 0.00158529545209839065 
0.00000000153224833794 0.99999999746775158904 0.00000000099999999996 
0.06879156827311365408 0.92541911937046883452 0.00578931235641752615 
0.07114003006903558968 0.92716482160566637827 0.00169514832529805222 
0.06349147265789777117 0.93272466908567175370 0.00378385825643052717 
0.01059939788289401656 0.98879304528074107861 0.00060755683636492792 
0.07194116411134418576 0.92515971964968257701 0.00289911623897318475 
0.04210579511751249421 0.95586239259217886666 0.00203181229030871676 
0.04034102855290172540 0.95885329389589024629 0.00080567755120797616 
0.03712936672511678998 0.96202576636922465525 0.00084486690565856138 
0.07520579115103245837 0.92479420784896748664 0.00000000099999999994 
0.04350039065366934771 0.95519655317724383448 0.00130305616908692364 
0.04592994595003009606 0.95008221838988060615 0.00398783566008934897 
0.06641849840903554791 0.92658295704555659889 0.00699854454540771616 
0.03158643639913259749 0.96841356260086741692 0.00000000099999999998 
0.07776243795504336753 0.92223756104495657748 0.00000000099999999993 
0.09386395326352293955 0.90613604573647710261 0.00000000099999999988 
0.04904633183891217441 0.95095366716108775673 0.00000000100000000000 
0.08502405312082135513 0.90862152511899452190 0.00635442176018418976 
0.17017757594765112183 0.82645503097276307169 0.00336739307958580647 
0.19185323077650270895 0.79309427948050992274 0.01505248974298739432 
0.07333971980274167635 0.92488049074313183340 0.00177978945412646640 
0.13622443999069921983 0.85076649787972713490 0.01300906212957380487 
0.21212540667003948469 0.78787459232996059910 0.00000000100000000000 
0.02273183816872149585 0.97726816083127843182 0.00000000099999999997 
0.00701925355538787765 0.98853199434561911385 0.00444875209899302498 
0.04810246691302146743 0.94658133920040954390 0.00531619388656884122 
0.01918303488610756738 0.98081696411389240886 0.00000000099999999999 
0.02743611791906395633 0.97034712757528895910 0.00221675450564707372 
0.03830289072339691098 0.96106466882364127713 0.00063244045296163983 
0.04380199478446162448 0.95619800421553835523 0.00000000099999999981 
0.01727647200368570904 0.98272352699631415618 0.00000000099999999989 
0.26140199822272797148 0.73757749310887255056 0.00102050866839954995 
0.23381514369706421497 0.76618485530293578556 0.00000000099999999995 
0.11453483244385993800 0.54768374553804877181 0.33778142201809124856 
0.29475461023569032859 0.70099049638291321962 0.00425489338139631475 
0.27201082992263297955 0.72409135552682735160 0.00389781455053966105 
0.09894228954344815030 0.53685363897372240238 0.36420407148282951670 
0.16147800884464894033 0.54921582155754478105 0.28930616959780636188 
0.12494868925936253312 0.58352871634467629036 0.29152259439596112101 
0.13529662455520469200 0.59206055610213725870 0.27264281934265799379 
0.16721547126487226742 0.56493210493956436125 0.26785242379556328807 
0.25796086986060129398 0.74203912913939862328 0.00000000099999999992 
0.12705095418447887035 0.54943549657213985871 0.32351354924338121544 
0.24923335030706927906 0.74254571433795091284 0.00822093535497975605 
0.12895629392390614565 0.52010799410234365148 0.35093571197375023063 
0.28369514092022235507 0.71630485807977750667 0.00000000099999999992 
0.28096453365809803682 0.71903546534190176942 0.00000000099999999990 
0.14673581669188734411 0.51360147547789281042 0.33966270783021990098 
0.23940747350716129471 0.76059252549283873357 0.00000000099999999994 
0.27548681338811753516 0.72250037348996798414 0.00201281312191447853 
0.14684649805420324498 0.84915719690089452865 0.00399630504490216480 
0.05449294148723742709 0.89013342255438143713 0.05537363595838119823 
0.07508564851655862016 0.92374293593345724318 0.00117141554998411931 
0.00752666973356559427 0.99131734652316483292 0.00115598374326943143 
0.05947412681788781519 0.90772067142662737904 0.03280520175548477108 
0.00011453752323017070 0.99988546147676971021 0.00000000099999999986 
0.00000000099999999987 0.99999999800000005656 0.00000000099999999987 
0.00690574797287226566 0.82799896038302533974 0.16509529164410241542 
0.00000000099999999998 0.99999999799999994554 0.00000000099999999998 
0.00000000099999999994 0.99999999799999994554 0.00000000099999999994 
0.00000000099999999973 0.99999999799999994554 0.00000000099999999973 
0.00000015263277219198 0.99999984636722771825 0.00000000099999999981 
0.00122838428732171667 0.99877161471267827952 0.00000000099999999981 
0.00000000099999999982 0.99999999800000005656 0.00000000099999999982 
0.00000000099999999977 0.99999999799999994554 0.00000000099999999977 
0.01077261621762660299 0.98922738278237332121 0.00000000099999999987 
0.00460944833112147349 0.99539055066887849321 0.00000000099999999993 
0.00000000099999999982 0.99999999799999994554 0.00000000099999999982 
0.00000000100000000000 0.99249776775251463690 0.00750223124748549634 
0.03897254033463599249 0.96102745866536387620 0.00000000099999999995 
0.00704129474390808967 0.99295870425609200627 0.00000000099999999990 
0.00653038494289901513 0.99346961405710099147 0.00000000099999999994 
0.00000000099999999981 0.99999999799999994554 0.00000000099999999981 
0.00000000099999999988 0.99999999800000005656 0.00000000099999999988 
0.01067600470589743014 0.98932399429410244895 0.00000000099999999998 
0.04682186527980033985 0.94765945877831969657 0.00551867594187995403 
0.01297678344761327325 0.98702321555238670125 0.00000000099999999991 
0.01047817194397079009 0.98952182705602920176 0.00000000099999999988 
0.00000000099999999979 0.99999999800000005656 0.00000000099999999979 
0.00479749876377995061 0.99520250023622003344 0.00000000099999999988 
0.02546113052102737945 0.97453886847897264190 0.00000000099999999989 
0.00913965782049445084 0.99086034117950561040 0.00000000099999999991 
0.09400094113231648174 0.90510957341702258372 0.00088948545066081951 
0.01943567959747865420 0.98025744650279877934 0.00030687389972249593 
0.00000000099999999994 0.99999999800000005656 0.00000000099999999994 
0.05388322693304346128 0.94611677206695654618 0.00000000099999999999 
0.00000000099999999991 0.99999999799999994554 0.00000000099999999991 
0.00000000100000000000 0.99497567802207786958 0.00502432097792216044 
0.00000000392382060173 0.99782304895649265308 0.00217694711968673430 
0.01229503503952319131 0.97769742813590154729 0.01000753682457536375 
0.00000000100000000000 0.99235940945338052543 0.00764058954661944126 
0.00000000100000000000 0.99792919795351509027 0.00207080104648498398 
0.02238699839950818171 0.97761300060049172167 0.00000000099999999993 
0.00642681344963675835 0.99357318555036322483 0.00000000099999999992 
0.02742595355209237126 0.97257404544790748702 0.00000000099999999991 
0.01265278295716213558 0.98564656147486084947 0.00170065556797711231 
0.00000000099999999985 0.99999999800000005656 0.00000000099999999985 
0.00496226645865042223 0.99274528572197140441 0.00229244781937812826 
0.17069938589257915851 0.82930061310742086977 0.00000000099999999999 
0.07724339770120766668 0.92275660129879233384 0.00000000099999999991 
0.00072389821921550735 0.99927610078078454858 0.00000000100000000000 
0.00000062376528098746 0.99999937523471904566 0.00000000099999999998 
0.01277013864153054949 0.98683116283016159009 0.00039869852830783071 
0.00000653605402183335 0.99633463887040485396 0.00365882507557323527 
0.02340813710241578666 0.97659186189758417918 0.00000000099999999994 
0.01778999050349057420 0.98221000849650941245 0.00000000099999999995 
0.05170296847448761779 0.94829703052551228559 0.00000000099999999992 
0.00000000100000000000 0.99926368453772895784 0.00073631446227109950 
0.00000000099999999992 0.99999999800000005656 0.00000000099999999992 
0.00000003792081294984 0.99999996107918698307 0.00000000099999999989 
0.00008424912105132712 0.99054312048506631960 0.00937263039388244214 
0.00000000099999999990 0.99999999799999994554 0.00000000099999999990 
0.01499399129866626525 0.98500600770133373008 0.00000000099999999999 
0.00000000099999999987 0.99999999799999994554 0.00000000099999999987 
0.00256467363243467446 0.99743532536756540630 0.00000000099999999996 
0.00372340671343239157 0.99590593250173398143 0.00037066078483368879 
0.03716399715691218880 0.95774352309721677567 0.00509247974587108323 
0.00000000100000000000 0.99862844683008600288 0.00137155216991397075 
0.00000000099999999996 0.99999999799999994554 0.00000000099999999996 
0.00724714255886122968 0.99271368834100981449 0.00003916910012893489 
0.01655843338319584052 0.98343627460874238899 0.00000529200806186548 
0.02192001642880958556 0.97807998257119033170 0.00000000099999999997 
0.00000000099999999998 0.99999999800000005656 0.00000000099999999998 
0.00055798715691898835 0.98928079353296394238 0.01016121931011709258 
0.00000017197591339456 0.99596477803924399197 0.00403504998484260566 
0.00800142028651369686 0.98994655155352018205 0.00205202815996604346 
0.09733837939870493283 0.88625835349040393840 0.01640326711089121550 
0.01212251220607149342 0.98446227684526821378 0.00341521094866034441 
0.03136064069366802098 0.96576709471545851837 0.00287226459087347105 
0.00000000099999999995 0.99999999799999994554 0.00000000099999999995 
0.00000000099999999986 0.99999999799999994554 0.00000000099999999986 
0.00001831695167683577 0.99998168204832305062 0.00000000099999999993 
0.00542332379184437639 0.99457667520815551399 0.00000000100000000000 
0.01127001176721240810 0.98872998723278748834 0.00000000099999999996 
0.00000000100000000000 0.99882148287975036638 0.00117851612024973780 
0.00000000100000000000 0.99444244417994376306 0.00555755482005631553 
0.00000000099999999999 0.99999999800000005656 0.00000000099999999999 
0.00000000100000000000 0.99279266819688216650 0.00720733080311788087 
0.00808781112865888246 0.98920240555442251473 0.00270978331691867219 
0.00000236947356124797 0.99258919855859406578 0.00740843196784459097 
0.00401050939917183252 0.98653690831131701788 0.00945258228951124761 
0.01239481498500558110 0.97284878572278410402 0.01475639929221026457 
0.00014929619986918754 0.99985070280013088606 0.00000000099999999999 
0.00000000099999999991 0.99999999800000005656 0.00000000099999999991 
0.00000000099999999993 0.99999999799999994554 0.00000000099999999993 
0.00624760543378817621 0.99245127356471019020 0.00130112100150153319 
0.01463806166973582838 0.98536193733026422592 0.00000000099999999994 
0.04048915990050815789 0.95951083909949175244 0.00000000099999999999 
0.01125719905886550347 0.98874279994113445369 0.00000000099999999995 
0.00000000099999999993 0.99999999800000005656 0.00000000099999999993 
0.00159743284718638981 0.99840256615281364194 0.00000000099999999980 
0.00000005879680668822 0.99999994020319327159 0.00000000099999999998 
0.00454182430490460316 0.99545817469509534359 0.00000000099999999999 
0.04658372252895558868 0.95341627647104432164 0.00000000099999999997 
0.03341482792064049551 0.96658517107935948420 0.00000000099999999997 
0.00973957920341333647 0.99026041979658652181 0.00000000099999999997 
0.02040183428227899942 0.97959816471772109825 0.00000000100000000000 
0.00000000099999999995 0.99999999800000005656 0.00000000099999999995 
0.02115484805491972889 0.97119563143686427065 0.00764952050821600654 
0.02673620012355179196 0.96415902241178119692 0.00910477746466711174 
0.00000000099999999999 0.99868064593027072728 0.00131935306972923573 
0.00000000100000000000 0.99762782528815152627 0.00237217371184857487 
0.00000000099999999984 0.99999999799999994554 0.00000000099999999984 
0.01955217002658501957 0.98044782897341486994 0.00000000099999999995 
0.00000000099999999991 0.99999999799999994554 0.00000000099999999991 
0.00848511693642219067 0.99151488206357774047 0.00000000099999999993 
0.00000016801304365643 0.99999983098695621742 0.00000000099999999992 
0.02039423682711700644 0.97960576217288308776 0.00000000099999999994 
0.00834803808701156148 0.99165196091298846159 0.00000000099999999987 
0.10042766220480679740 0.89796235758531151028 0.00160998020988158130 
0.00000000099999999992 0.99999999799999994554 0.00000000099999999992 
0.00000000099999999992 0.99999999799999994554 0.00000000099999999992 
0.01999249391718960212 0.98000750508281042617 0.00000000099999999994 
0.00320059702308539504 0.99679940197691463410 0.00000000099999999989 
0.00000000099999999989 0.99999999800000005656 0.00000000099999999989 
0.00003808149371824581 0.99996191750628171668 0.00000000099999999997 
0.00000000099999999989 0.99999999799999994554 0.00000000099999999989 
0.00499069271998198952 0.99500930628001804656 0.00000000099999999991 
0.00000000099999999987 0.99999999799999994554 0.00000000099999999987 
0.00294049804279512090 0.99705950095720485837 0.00000000099999999986 
0.00000000099999999990 0.99999999800000005656 0.00000000099999999990 
0.00000000100000000000 0.99750070735349605222 0.00249929164650394180 
0.00000000100000000000 0.99839151637285017404 0.00160848262714995876 
0.00126766397308173632 0.99755396253897699044 0.00117837348794135456 
0.00000000099999999994 0.99999999799999994554 0.00000000099999999994 
0.00000000099999999978 0.99999999799999994554 0.00000000099999999978 
0.00000000099999999979 0.99999999800000005656 0.00000000099999999979 
0.00244387685808952542 0.99755612214191047293 0.00000000099999999987 
0.00000000099999999984 0.99999999800000005656 0.00000000099999999984 
0.00254033673546114145 0.99745966226453874892 0.00000000099999999981 
0.00000211534883018231 0.99999788365116992761 0.00000000099999999981 
0.00000000099999999986 0.99999999800000005656 0.00000000099999999986 
0.00000000099999999977 0.99999999800000005656 0.00000000099999999977 
0.00485585436986755818 0.99514414463013245449 0.00000000099999999990 
0.00150523791135686799 0.99849476108864310131 0.00000000099999999984 
0.00000000099999999981 0.99999999800000005656 0.00000000099999999981 
0.00867173514605105826 0.99132826385394900992 0.00000000099999999993 
0.00000000099999999989 0.99999999799999994554 0.00000000099999999989 
0.00000000099999999992 0.99999999800000005656 0.00000000099999999992 
0.00000000099999999989 0.99999999800000005656 0.00000000099999999989 
0.00000006869396666251 0.99999993030603340216 0.00000000099999999988 
0.00000000099999999983 0.99999999800000005656 0.00000000099999999983 
0.00246424533202028572 0.99753575366797975210 0.00000000099999999982 
0.00000000099999999989 0.99999999799999994554 0.00000000099999999989 
0.00617730145304823831 0.99382269754695173880 0.00000000099999999991 
0.00916956272101242253 0.99083043627898759187 0.00000000099999999984 
0.00714342892100164155 0.98832142950874302123 0.00453514157025536671 
0.01824212791683814741 0.97420063011227675531 0.00755724197088503656 
0.00000000099999999993 0.99999999800000005656 0.00000000099999999993 
0.01887358920772797335 0.97790320503784144979 0.00322320575443057773 
0.00478437622056702549 0.98972848717998662682 0.00548713659944632687 
0.00000000100000000000 0.99379339763838869803 0.00620660136161147770 
0.00000000099999999999 0.99870102516710479446 0.00129897383289529194 
0.00000000099999999996 0.99999999800000005656 0.00000000099999999996 
0.00000000100000000000 0.99658193164129182939 0.00341806735870828736 
0.00488943226435328490 0.99201331179744756117 0.00309725593819907153 
0.00319435942979707718 0.99680563957020273946 0.00000000099999999992 
0.01961809978038984645 0.97267494716878444283 0.00770695305082571506 
0.00570512934972145815 0.99083208100512210059 0.00346278964515652236 
0.64252299433969883857 0.35582423709946314760 0.00165276856083797392 
0.63346656888453389822 0.36653343011546607455 0.00000000100000000000 
0.38836927979420698964 0.60530895736519996220 0.00632176284059289984 
0.00889526762622508578 0.99110473137377486097 0.00000000099999999991 
0.00222466702628800134 0.99777533197371193197 0.00000000099999999990 
0.00000000099999999986 0.99999999800000005656 0.00000000099999999986 
0.00000000099999999986 0.99999999800000005656 0.00000000099999999986 
0.00000717605103577699 0.98930490749174604392 0.01068791645721811970 
0.00000000099999999998 0.99999999799999994554 0.00000000099999999998 
0.01373736435028090862 0.98554501084104706443 0.00071762480867206511 
0.00000000099999999987 0.99999999799999994554 0.00000000099999999987 
0.00000000099999999990 0.99999999799999994554 0.00000000099999999990 
0.00000000099999999992 0.99999999799999994554 0.00000000099999999992 
0.00000000099999999990 0.99999999799999994554 0.00000000099999999990 
0.00001811106590217933 0.99690098547207983692 0.00308090346201792421 
0.00000000099999999993 0.99999999799999994554 0.00000000099999999993 
0.00000000100000000000 0.99758009318023732614 0.00241990581976264966 
0.00000000099999999985 0.99999999800000005656 0.00000000099999999985 
0.00000000099999999981 0.99999999800000005656 0.00000000099999999981 
0.01631268293523829155 0.98091968472404167390 0.00276763234071996300 
0.00000000099999999985 0.99999999799999994554 0.00000000099999999985 
0.00000000099999999983 0.99999999800000005656 0.00000000099999999983 
0.00000000099999999987 0.99999999799999994554 0.00000000099999999987 
0.00224930205974057437 0.99775069694025941835 0.00000000099999999983 
0.00000000099999999988 0.99999999799999994554 0.00000000099999999988 
0.00000000100000000000 0.99696411874099366557 0.00303588025900627424 
0.00681990069773185346 0.99318009830226805512 0.00000000099999999986 
0.00000000099999999989 0.99999999799999994554 0.00000000099999999989 
0.00774230122610091408 0.99225769777389916104 0.00000000099999999982 
0.00279164362626193024 0.99442366138247151319 0.00278469499126651884 
0.00000000099999999982 0.99999999800000005656 0.00000000099999999982 
0.00260630990094419621 0.99739368909905579130 0.00000000099999999981 
0.01067977815230526130 0.98932022084769477566 0.00000000099999999986 
0.00000000099999999974 0.99999999800000005656 0.00000000099999999974 
0.00155665164095128493 0.99844334735904871625 0.00000000099999999979 
0.00000000099999999989 0.99999999800000005656 0.00000000099999999989 
0.01512432418168745477 0.98487567481831261862 0.00000000099999999984 
0.00000000099999999983 0.99999999799999994554 0.00000000099999999983 
0.04919615598062991590 0.95080384301937004299 0.00000000099999999994 
0.01325505300095141531 0.98674494599904860603 0.00000000099999999989 
0.00000601272317344167 0.99999398627682645202 0.00000000099999999996 
0.00332042687762844953 0.99667957212237157094 0.00000000099999999987 
0.01830403909933997833 0.98169595990065994240 0.00000000099999999995 
0.01839865169447627360 0.98160134730552373039 0.00000000099999999990 
0.00355302516813129883 0.99644697383186864315 0.00000000099999999985 
0.00000108440654103307 0.99999891459345890965 0.00000000099999999983 
0.00950471445759709654 0.99049528454240287623 0.00000000099999999985 
0.03654608176527290170 0.96345391723472717516 0.00000000099999999994 
0.00000000099999999979 0.99999999800000005656 0.00000000099999999979 
0.00252503621411392628 0.99747496278588598795 0.00000000099999999992 
0.00000000249087388548 0.99542946088043415820 0.00457053662869205853 
0.00000000099999999985 0.99999999800000005656 0.00000000099999999985 
0.00000000099999999987 0.99999999799999994554 0.00000000099999999987 
0.00000000099999999973 0.99999999799999994554 0.00000000099999999973 
0.00246944134105441405 0.99579768922024647360 0.00173286943869905403 
0.00000000100000000000 0.99905957884676876990 0.00094042015323131693 
0.00000000099999999983 0.99999999800000005656 0.00000000099999999983 
0.00000000099999999980 0.99999999799999994554 0.00000000099999999980 
0.00000000099999999991 0.99999999800000005656 0.00000000099999999991 
0.00000000099999999976 0.99999999800000005656 0.00000000099999999976 
0.00000000099999999997 0.99999999799999994554 0.00000000099999999997 
0.00000000099999999996 0.99999999800000005656 0.00000000099999999996 
0.00000000099999999988 0.99999999800000005656 0.00000000099999999988 
0.00000000099999999992 0.99999999799999994554 0.00000000099999999992 
0.00000025954406702227 0.99913973901842723091 0.00086000143750585803 
0.00000000193059666283 0.99999999706940334576 0.00000000099999999995 
0.00000000100000000000 0.99625092843335005810 0.00374907056664993462 
0.00527781290241415880 0.99243740433625460273 0.00228478276133125191 
0.00000000100000000000 0.99751399176886990094 0.00248600723113016247 
0.02845017619889168847 0.97154982280110824266 0.00000000099999999994 
0.00000000099999999976 0.99999999799999994554 0.00000000099999999976 
0.02928897555318978399 0.97071102344681015062 0.00000000099999999992 
0.00000000099999999973 0.99999999800000005656 0.00000000099999999973 
0.00000000099999999979 0.99999999800000005656 0.00000000099999999979 
0.00000000099999999980 0.99999999800000005656 0.00000000099999999980 
0.00000000100000000000 0.99750461212738950056 0.00249538687261047481 
0.02241106354918575433 0.97758893545081426701 0.00000000099999999990 
0.01006459821247422670 0.98864487875424922336 0.00129052303327664556 
0.00000421047988793035 0.99766409000305311672 0.00233169951705891653 
0.05055199707193886588 0.94883487706587799071 0.00061312586218309842 
0.00001614257798493208 0.99295951356140654820 0.00702434386060851994 
0.02946040456374521971 0.96483221056917412017 0.00570738486708066879 
0.00993064559376114278 0.99006935340623891673 0.00000000099999999988 
0.01577841636292410740 0.98422158263707570924 0.00000000099999999995 
0.02398647728914152927 0.97487532450857239397 0.00113819820228609585 
0.04740806825280656500 0.94303519505005239942 0.00955673669714096445 
0.08608811501962608526 0.90665596568394080101 0.00725591929643315883 
0.00464911702249601235 0.34527315405115799329 0.65007772892634607675 
0.00001891812273190955 0.42683084530567949599 0.57315023657158858938 
0.00646397181854740238 0.34780676476116023643 0.64572926342029235425 
0.03730988706810933059 0.35184965590610217667 0.61084045702578859682 
0.00042891933096346073 0.58133151880097111430 0.41823956186806549029 
0.02949056053246497389 0.39594037831824718809 0.57456906114928785190 
0.04894386036726773581 0.35097656593938797442 0.60007957369334419262 
0.00939122750494847044 0.47306942051271061445 0.51753935198234102266 
0.02718805837329926756 0.28700302612922701240 0.68580891549747369229 
0.02028607532134486455 0.94518333577409807678 0.03453058890455704133 
0.01783451049813901401 0.98216548850186091713 0.00000000099999999987 
0.01589944234232366915 0.98410055665767626198 0.00000000099999999986 
0.00019252542269726207 0.99980747357730259672 0.00000000100000000000 
0.00000000100000000000 0.99910725719897974795 0.00089274180102031188 
0.01033422100073544403 0.98966577799926447323 0.00000000099999999989 
0.52932876154276764513 0.47067123745723232764 0.00000000099999999999 
0.07530833968231177844 0.91934204568271327140 0.00534961463497493888 
0.03812917783617027212 0.95957968299412121915 0.00229113916970838513 
0.01009774708081579569 0.98684335303815218232 0.00305889988103192137 
0.10248361576394993122 0.89510526647096899655 0.00241111776508111169 
0.02846371082623820950 0.96984966923242166281 0.00168661994134011186 
0.00000032178871681262 0.99999967721128313336 0.00000000099999999993 
0.00000000099999999993 0.99999999799999994554 0.00000000099999999993 
0.00000000099999999990 0.99999999799999994554 0.00000000099999999990 
0.00000000100000000000 0.92807574087328037482 0.07192425812671968122 
0.00060462128283543829 0.94459385536831264041 0.05480152334885186188 
0.01887264638643232698 0.93439342125809987660 0.04673393235546769581 
0.01145953358787752535 0.98699060416049944067 0.00154986225162306499 
0.00000000099999999985 0.99999999799999994554 0.00000000099999999985 
0.03237527183130926162 0.93643894385513226641 0.03118578431355840258 
0.00027596910097046673 0.98940439377860378567 0.01031963712042564471 
0.01313621639279726958 0.98088053577552114515 0.00598324783168159395 
0.00935235998341412550 0.98680579711556815070 0.00384184290101778018 
0.00210307349253904515 0.99322287648025664453 0.00467405002720427173 
0.01880069037983278166 0.95828068077188466312 0.02291862884828244767 
0.01988988880028674452 0.97891427914578399427 0.00119583205392931606 
0.00000000099999999997 0.99999999800000005656 0.00000000099999999997 
0.00091985661905438537 0.97451915100918806711 0.02456099237175753472 
0.00000000099999999986 0.99999999800000005656 0.00000000099999999986 
0.00001568831568305382 0.99998431068431692381 0.00000000099999999989 
0.10568543057690682474 0.88599162236160622363 0.00832294706148702622 
0.00000000100000000000 0.99400633321028419864 0.00599366578971594587 
0.02445221756011533784 0.96399094430988863103 0.01155683812999599124 
0.06114749788972027866 0.93131898028122539479 0.00753352182905444537 
0.00033702331463236659 0.99485868766504059746 0.00480428902032695344 
0.00851797524382263103 0.98964382576287535098 0.00183819899330206851 
0.00602536536621232650 0.98949531199106754986 0.00447932264272006466 
0.00550925634057595776 0.98793730945427082890 0.00655343420515325150 
0.00000000099999999993 0.99999999799999994554 0.00000000099999999993 
0.00000000099999999987 0.99999999799999994554 0.00000000099999999987 
0.01434482827784124524 0.98565517072215869110 0.00000000099999999989 
0.07559501386346197116 0.92440498513653790447 0.00000000099999999993 
0.00000000100000000000 0.99924521522607989699 0.00075478377392024286 
0.02915278455413707406 0.97084721444586297157 0.00000000099999999992 
0.01928952628194442048 0.98071047271805567025 0.00000000099999999995 
0.00870791440048598701 0.99129208459951401178 0.00000000099999999994 
0.04782404244633584045 0.95217595655366427110 0.00000000099999999994 
0.01585371951735181292 0.98414627948264810087 0.00000000099999999985 
0.04692112991303896280 0.95307886908696093364 0.00000000099999999994 
0.01867453082939640741 0.98132546817060350985 0.00000000099999999998 
0.00000000099999999992 0.99999999799999994554 0.00000000099999999992 
0.03756041985930547167 0.96243957914069433457 0.00000000099999999992 
0.05537832730053712793 0.94236036153775271096 0.00226131116171012815 
0.08936882773029758420 0.90832062734352680966 0.00231054492617567900 
0.17604766605597624296 0.81971034598517722447 0.00424198795884664966 
0.27757340546862746544 0.71753053585844583928 0.00489605867292657645 
0.16875877206855602330 0.82995965646958269613 0.00128157146186133066 
0.03374864560265805613 0.96625135339734202766 0.00000000099999999994 
0.02010976967912179308 0.97989022932087821438 0.00000000099999999989 
0.05829244280043281018 0.94170755619956725280 0.00000000099999999994 
0.30933641920302573647 0.68715379020186584391 0.00350979059510858225 
0.07258471363603082038 0.92741528536396911075 0.00000000099999999999 
0.25526157556127498927 0.73455210752847366340 0.01018631691025139417 
0.05672217327116292618 0.94327782572883711598 0.00000000100000000000 
0.02853016929800964580 0.97146982970199025065 0.00000000099999999999 
0.00001140344934271638 0.99944963149500731792 0.00053896505564991998 
0.00070696579420170651 0.99929303320579832004 0.00000000099999999998 
0.06900317765738005205 0.92969195698251916316 0.00130486536010079738 
0.01069862276944969805 0.98930137623055014462 0.00000000099999999997 
0.04729129157771132935 0.94917387543119391413 0.00353483299109490614 
0.00432494422225320092 0.99567505477774687073 0.00000000099999999996 
0.00167293496995101214 0.99832706403004889406 0.00000000099999999985 
0.03322534960954545702 0.96677464939045443248 0.00000000099999999995 
0.00853175520679229533 0.99146824379320774856 0.00000000099999999988 
0.00597558819792365012 0.99402441080207637469 0.00000000099999999997 
0.01038236018380471817 0.97583736912671548147 0.01378027068947980729 
0.00000000099999999999 0.99640077333523124903 0.00359922566476883693 
0.00179524331684259445 0.99820475568315736314 0.00000000099999999988 
0.00000000099999999984 0.99999999799999994554 0.00000000099999999984 
0.00000000099999999980 0.99999999799999994554 0.00000000099999999980 
0.00754213420961713163 0.99245786479038278216 0.00000000099999999988 
0.00000000099999999990 0.99999999799999994554 0.00000000099999999990 
0.00000000099999999986 0.99999999799999994554 0.00000000099999999986 
0.00000000099999999992 0.99999999799999994554 0.00000000099999999992 
0.00000000099999999993 0.99999999800000005656 0.00000000099999999993 
0.00000000502926256926 0.99999999397073735530 0.00000000099999999997 
0.00000000099999999985 0.99999999800000005656 0.00000000099999999985 
0.00000717968211405209 0.99875656701881843080 0.00123625329906755467 
0.00000000099999999990 0.99999999799999994554 0.00000000099999999990 
0.00000000099999999990 0.99999999799999994554 0.00000000099999999990 
0.54145625219204818190 0.45184369218214770481 0.00670005562580416967 
0.21357895651562433526 0.78642104248437560976 0.00000000100000000000 
0.27942586776191480347 0.71947527046504877735 0.00109886177303645735 
0.29502338883998024954 0.57737195334095103849 0.12760465781906876748 
0.28911871022134250087 0.70851479047079268803 0.00236649930786472350 
0.44126716913724195468 0.55873282986275807360 0.00000000099999999988 
0.42445822176719932850 0.57554177723280053325 0.00000000099999999987 
0.43701114565462251260 0.56298885334537740466 0.00000000099999999987 
0.44823033689185726169 0.55176966210814282210 0.00000000099999999993 
0.39714157756393514420 0.60285842143606482857 0.00000000099999999984 
0.45567290273384875032 0.54432709626615127796 0.00000000099999999989 
0.41625468243579777372 0.58374531656420214354 0.00000000099999999992 
0.37975494418490107762 0.62024505481509895066 0.00000000099999999998 
0.43837104580414343324 0.56162895319585648402 0.00000000099999999984 
0.44097595980259218784 0.55902403919740772942 0.00000000099999999989 
0.43116369207713761691 0.56883630692286235586 0.00000000099999999994 
0.47828740050186213661 0.52171259849813789167 0.00000000099999999991 
0.45845231224377841484 0.54154768675622144691 0.00000000099999999989 
0.42828105662627891093 0.57171894237372100633 0.00000000099999999994 
0.52514230437683262487 0.47485769462316734790 0.00000000099999999998 
0.42922702498524711867 0.57077297401475268757 0.00000000099999999997 
0.42580951852163434479 0.57419048047836551696 0.00000000099999999995 
