0.00000000099999999888 0.00000000099999999888 0.00000000099999999888 0.00000000099999999888 0.99999999499999980834 0.00000000099999999888 
0.00000000099999999894 0.00000000099999999894 0.00000000099999999894 0.00000000099999999894 0.99999999499999980834 0.00000000099999999894 
0.00000000099999999892 0.00000000099999999892 0.00000000099999999892 0.00000000099999999892 0.99999999499999991937 0.00000000099999999892 
0.00000000099999999894 0.00000000099999999894 0.00000000099999999894 0.00000000099999999894 0.99999999499999980834 0.00000000099999999894 
0.00000000099999999897 0.00000000099999999897 0.00000000099999999897 0.00000000099999999897 0.99999999499999991937 0.00000000099999999897 
0.00000000099999999897 0.00000000099999999897 0.00000000099999999897 0.00000000099999999897 0.99999999499999980834 0.00000000099999999897 
0.00000000099999999891 0.00000000099999999891 0.00000000099999999891 0.00000000099999999891 0.99999999499999980834 0.00000000099999999891 
0.00000000099999999899 0.00000000099999999899 0.00000000099999999899 0.00000000099999999899 0.99999999499999991937 0.00000000099999999899 
0.00000000099999999893 0.00000000099999999893 0.00000000099999999893 0.00000000099999999893 0.99999999499999980834 0.00000000099999999893 
0.00000000099999999899 0.00000000099999999899 0.00000000099999999899 0.00000000099999999899 0.99999999499999991937 0.00000000099999999899 
0.00000000099999999896 0.00000000099999999896 0.00000000099999999896 0.00000000099999999896 0.99999999499999991937 0.00000000099999999896 
0.00000000099999999915 0.00000000099999999915 0.00000000099999999915 0.00000000099999999915 0.99999999500000003039 0.00000000099999999915 
0.00000000099999999895 0.00000000099999999895 0.00000000099999999895 0.00000000099999999895 0.99999999499999991937 0.00000000099999999895 
0.00000000099999999893 0.00000000099999999893 0.00000000099999999893 0.00000000099999999893 0.99999999499999980834 0.00000000099999999893 
0.00000000099999999895 0.00000000099999999895 0.00000000099999999895 0.00000000099999999895 0.99999999499999991937 0.00000000099999999895 
0.00000000099999999894 0.00000000099999999894 0.00000000099999999894 0.00000000099999999894 0.99999999499999991937 0.00000000099999999894 
0.00000000099999999894 0.00000000099999999894 0.00000000099999999894 0.00000000099999999894 0.99999999499999991937 0.00000000099999999894 
0.00000000099999999901 0.00000000099999999901 0.00000000099999999901 0.00000000099999999901 0.99999999500000003039 0.00000000099999999901 
0.00000000099999999903 0.00000000099999999903 0.00000000099999999903 0.00000000099999999903 0.99999999500000003039 0.00000000099999999903 
0.00000000099999999901 0.00000000099999999901 0.00000000099999999901 0.00000000099999999901 0.99999999500000003039 0.00000000099999999901 
0.00000000099999999897 0.00000000099999999897 0.00000000099999999897 0.00000000099999999897 0.99999999499999980834 0.00000000099999999897 
0.00000000099999999899 0.00000000099999999899 0.00000000099999999899 0.00000000099999999899 0.99999999499999991937 0.00000000099999999899 
0.00000000099999999898 0.00000000099999999898 0.00000000099999999898 0.00000000099999999898 0.99999999499999991937 0.00000000099999999898 
0.00000000099999999899 0.00000000099999999899 0.00000000099999999899 0.00000000099999999899 0.99999999499999991937 0.00000000099999999899 
0.00000000099999999928 0.00000000099999999928 0.00000000099999999928 0.00000000099999999928 0.99999999500000003039 0.00000000099999999928 
0.00000000099999999896 0.00000000099999999896 0.00000000099999999896 0.00000000099999999896 0.99999999499999991937 0.00000000099999999896 
0.00000000099999999900 0.00000000099999999900 0.00000000099999999900 0.00000000099999999900 0.99999999500000003039 0.00000000099999999900 
0.00000000099999999902 0.00000000099999999902 0.00000000099999999902 0.00000000099999999902 0.99999999499999991937 0.00000000099999999902 
0.00000000099999999903 0.00000000099999999903 0.00000000099999999903 0.00000000099999999903 0.99999999499999991937 0.00000000099999999903 
0.00000000099999999900 0.00000000099999999900 0.00000000099999999900 0.00000000099999999900 0.99999999500000003039 0.00000000099999999900 
0.00000000099999999915 0.00000000099999999915 0.00000000099999999915 0.00000000099999999915 0.99999999500000003039 0.00000000099999999915 
0.00000000099999999930 0.00000000099999999930 0.00000000099999999930 0.00000000099999999930 0.99999999499999991937 0.00000000099999999930 
0.00000000099999999911 0.00000000099999999911 0.00000000099999999911 0.00000000099999999911 0.99999999499999991937 0.00000000099999999911 
0.00000000099999999923 0.00000000099999999923 0.00000000099999999923 0.00000000099999999923 0.99999999500000003039 0.00000000099999999923 
0.00000000099999999909 0.00000000099999999909 0.00000000099999999909 0.00000000099999999909 0.99999999499999991937 0.00000000099999999909 
0.00000000099999999919 0.00000000099999999919 0.00000000099999999919 0.00000000099999999919 0.99999999499999991937 0.00000000099999999919 
0.00000000099999999913 0.00000000099999999913 0.00000000099999999913 0.00000000099999999913 0.99999999499999991937 0.00000000099999999913 
0.00000000099999999914 0.00000000099999999914 0.00000000099999999914 0.00000000099999999914 0.99999999499999991937 0.00000000099999999914 
0.00000000099999999916 0.00000000099999999916 0.00000000099999999916 0.00000000099999999916 0.99999999500000003039 0.00000000099999999916 
0.00000000099999999934 0.00000000099999999934 0.00000000099999999934 0.00000000099999999934 0.99999999500000003039 0.00000000099999999934 
0.00000000099999999911 0.00000000099999999911 0.00000000099999999911 0.00000000099999999911 0.99999999499999991937 0.00000000099999999911 
0.00000000099999999922 0.00000000099999999922 0.00000000099999999922 0.00000000099999999922 0.99999999500000003039 0.00000000099999999922 
0.00000000099999999915 0.00000000099999999915 0.00000000099999999915 0.00000000099999999915 0.99999999499999991937 0.00000000099999999915 
0.00000000099999999912 0.00000000099999999912 0.00000000099999999912 0.00000000099999999912 0.99999999500000003039 0.00000000099999999912 
0.00000000099999999922 0.00000000099999999922 0.00000000099999999922 0.00000000099999999922 0.99999999499999991937 0.00000000099999999922 
0.00000000099999999914 0.00000000099999999914 0.00000000099999999914 0.00000000099999999914 0.99999999499999991937 0.00000000099999999914 
0.00000000099999999919 0.00000000099999999919 0.00000000099999999919 0.00000000099999999919 0.99999999499999991937 0.00000000099999999919 
0.00000000099999999936 0.00000000099999999936 0.00000000099999999936 0.00000000099999999936 0.99999999499999991937 0.00000000099999999936 
0.00000000099999999939 0.00000000099999999939 0.00000000099999999939 0.00000000099999999939 0.99999999500000003039 0.00000000099999999939 
0.00000000099999999946 0.00000000099999999946 0.00000000099999999946 0.00000000099999999946 0.99999999500000003039 0.00000000099999999946 
0.00000000099999999970 0.00000000099999999970 0.00000000099999999970 0.00000000099999999970 0.99999999500000003039 0.00000000099999999970 
0.00000000099999999977 0.00000000099999999977 0.00000000099999999977 0.59811581397388913217 0.00000000099999999977 0.40188418202611075891 
0.00000000099999999951 0.00000000099999999951 0.00000000099999999951 0.55670512188862775194 0.00000000099999999951 0.44329487411137236119 
0.00000000099999999979 0.00000000099999999979 0.00000000099999999979 0.51233563674252069475 0.00000000099999999979 0.48766435925747925184 
0.00000000099999999928 0.00000000099999999928 0.00000000099999999928 0.60759217020365285933 0.00000000099999999928 0.39240782579634708727 
0.00000000099999999939 0.00000000099999999939 0.00000000099999999939 0.60454286626321585008 0.00000000099999999939 0.39545712973678415203 
0.00000000099999999928 0.00000000099999999928 0.00000000099999999928 0.59761317006519687478 0.00000000099999999928 0.40238682593480312732 
0.00000000099999999958 0.00000000099999999958 0.00000000099999999958 0.60495006264492157122 0.00000000099999999958 0.39504993335507859742 
0.00000000099999999939 0.00000000099999999939 0.00000000099999999939 0.62601288921601183635 0.00000000099999999939 0.37398710678398805474 
0.00000000099999999953 0.00000000099999999953 0.00000000099999999953 0.59517282655135672620 0.00000000099999999953 0.40482716944864322040 
0.00464184850207696471 0.00000000099999999996 0.00000000099999999996 0.59717310032004411458 0.00000000099999999996 0.39818504817787897521 
0.00000000099999999942 0.00000000099999999942 0.00000000099999999942 0.57423463144816022652 0.00000000099999999942 0.42576536455183988661 
0.00000000099999999936 0.00000000099999999936 0.00000000099999999936 0.57844439416928694619 0.00000000099999999936 0.42155560183071300040 
0.00470239651950715275 0.00000000099999999992 0.00000000099999999992 0.56865948589665193946 0.00000000099999999992 0.42663811458384104380 
0.00000000099999999950 0.00000000099999999950 0.00000000099999999950 0.56975388283253669552 0.00000000099999999950 0.43024611316746319556 
0.00000000099999999984 0.00000000099999999984 0.00000000099999999984 0.61664062258384311210 0.00000000099999999984 0.38335937341615689000 
0.00000000099999999928 0.00000000099999999928 0.00000000099999999928 0.60800518778375944873 0.00000000099999999928 0.39199480821624071991 
0.00000000099999999961 0.00000000099999999961 0.00000000099999999961 0.51221661514392091696 0.00000000099999999961 0.48778338085607902963 
0.00000000099999999984 0.00000000099999999984 0.00000000099999999984 0.51639085871136403139 0.00000000099999999984 0.48360913728863585970 
0.00000000099999999943 0.00000000099999999943 0.00000000099999999943 0.56808286525617435192 0.00000000099999999943 0.43191713074382570570 
0.00000000099999999945 0.00000000099999999945 0.00000000099999999945 0.58031470058625578279 0.00000000099999999945 0.41968529541374433034 
0.00000000099999999949 0.00000000099999999949 0.00000000099999999949 0.58950103719599455943 0.00000000099999999949 0.41049895880400544268 
0.00000000099999999928 0.00000000099999999928 0.00000000099999999928 0.59198873835522691778 0.00000000099999999928 0.40801125764477319535 
0.00000000099999999952 0.00000000099999999952 0.00000000099999999952 0.55681440064721521299 0.00000000099999999952 0.44318559535278473360 
0.00000000099999999948 0.00000000099999999948 0.00000000099999999948 0.53554295739386426067 0.00000000099999999948 0.46445703860613563041 
0.00000000099999999970 0.00000000099999999970 0.00000000099999999970 0.50680179906693301195 0.00000000099999999970 0.49319819693306699016 
0.00000000099999999941 0.00000000099999999941 0.00000000099999999941 0.59496487523827901178 0.00000000099999999941 0.40503512076172104583 
0.00000000099999999953 0.00000000099999999953 0.00000000099999999953 0.53462049154636992476 0.00000000099999999953 0.46537950445363007734 
0.00465479397088859256 0.00000000099999999993 0.00000000099999999993 0.54138963494099234808 0.00053663406530644290 0.45341893502281260808 
0.00000000099999999990 0.00000000099999999990 0.00142779382905063208 0.60103096487729867903 0.00000000099999999990 0.39754123829365084486 
0.00000000099999999957 0.00000000099999999957 0.00000000099999999957 0.54973507564386558943 0.00000000099999999957 0.45026492035613435716 
0.00000000099999999942 0.00000000099999999942 0.00000000099999999942 0.61619650068555176237 0.00000000099999999942 0.38380349531444812872 
0.00000000099999999991 0.00301211112060599962 0.00000000099999999991 0.56949074749532602180 0.00113661404824293545 0.42636052533582513568 
0.00000000099999999973 0.00000000099999999973 0.00000000099999999973 0.46086079743609997816 0.00000000099999999973 0.53913919856390002394 
0.00000000099999999968 0.00000000099999999968 0.00000000099999999968 0.54058878640890350997 0.00000000099999999968 0.45941120959109643662 
0.00000000099999999957 0.00000000099999999957 0.00000000099999999957 0.52773607680125689257 0.00000000099999999957 0.47226391919874305403 
0.00000000099999999968 0.00000000099999999968 0.00000000099999999968 0.57885308031815463359 0.00000000099999999968 0.42114691568184542403 
0.00000000099999999957 0.00000000099999999957 0.00000000099999999957 0.51652272634688090047 0.00000000099999999957 0.48347726965311910163 
0.00000000099999999962 0.00000000099999999962 0.00000000099999999962 0.51930051163577817253 0.00000000099999999962 0.48069948436422188509 
0.00000000099999999959 0.00000000099999999959 0.00000000099999999959 0.48163944008022585574 0.00000000099999999959 0.51836055591977403534 
0.00000000099999999990 0.00221052891625616059 0.00000000099999999990 0.57697385849492144327 0.00000000099999999990 0.42081560958882230361 
0.00000000099999999974 0.00000000099999999974 0.00000000099999999974 0.57608586326330923910 0.00000000099999999974 0.42391413273669076300 
0.00000000099999999988 0.00000000099999999988 0.00000000099999999988 0.56456117397166738492 0.00000000099999999988 0.43543882202833261719 
0.00000000099999999965 0.00000000099999999965 0.00000000099999999965 0.58767827591324306447 0.00000000099999999965 0.41232172008675693764 
0.00000000099999999943 0.00000000099999999943 0.00000000099999999943 0.52503122543119107313 0.00000000099999999943 0.47496877056880898449 
0.00000000099999999941 0.00000000099999999941 0.00000000099999999941 0.54503476504159487082 0.00000000099999999941 0.45496523095840507578 
0.00000000099999999948 0.00000000099999999948 0.00000000099999999948 0.52877651414812942843 0.00000000099999999948 0.47122348185187074021 
0.00000000099999999948 0.00000000099999999948 0.00000000099999999948 0.54710209193453651633 0.00000000099999999948 0.45289790406546359680 
0.00000000099999999986 0.00000000099999999986 0.00000000099999999986 0.50374828312675368203 0.00000000099999999986 0.49625171287324626457 
0.00000000099999999944 0.00000000099999999944 0.00000000099999999944 0.55271664384700625039 0.00000000099999999944 0.44728335215299375172 
0.00000000099999999964 0.00000000099999999964 0.00000000099999999964 0.50037213301330485393 0.00000000099999999964 0.49962786298669531471 
0.00000000099999999948 0.00000000099999999948 0.00000000099999999948 0.56654046342677355508 0.00000000099999999948 0.43345953257322661356 
0.00000000099999999955 0.00000000099999999955 0.00000000099999999955 0.51155295249599019858 0.00000000099999999955 0.48844704350400980353 
0.00000000099999999964 0.00000000099999999964 0.00000000099999999964 0.53839926598456622209 0.00000000099999999964 0.46160073001543383553 
0.00000000099999999966 0.00000000099999999966 0.00000000099999999966 0.58125294437797736524 0.00000000099999999966 0.41874705162202263686 
0.00000000099999999953 0.00000000099999999953 0.00000000099999999953 0.55659835443620608864 0.00000000099999999953 0.44340164156379391347 
0.00000000099999999955 0.00000000099999999955 0.00000000099999999955 0.57415513693546116336 0.00000000099999999955 0.42584485906453878323 
0.00000000099999999970 0.00000000099999999970 0.00000000099999999970 0.56420167441876956094 0.00000000099999999970 0.43579832158123038566 
0.00000000099999999972 0.00000000099999999972 0.00000000099999999972 0.54430036236562584495 0.00042555594306768123 0.45527407869130642748 
0.00000000099999999948 0.00000000099999999948 0.00000000099999999948 0.55922203864207220558 0.00000000099999999948 0.44077795735792790754 
0.00000000099999999971 0.00000000099999999971 0.00000000099999999971 0.57320525149343304339 0.00000000099999999971 0.42679474450656701423 
0.00000000099999999944 0.00000000099999999944 0.00000000099999999944 0.53061069037577168750 0.00000000099999999944 0.46938930562422837012 
0.00000000099999999985 0.00000000099999999985 0.00000000099999999985 0.50920054105444301218 0.00000000099999999985 0.49079945494555710095 
0.00000000099999999974 0.00000000099999999974 0.00000000099999999974 0.53509085766870456702 0.00151280569346967111 0.46339633363782561926 
0.00000000099999999988 0.00000000099999999988 0.00060321857989537747 0.52074486917019713328 0.00000000099999999988 0.47865190924990758115 
0.00000000099999999969 0.00000000099999999969 0.00000000099999999969 0.56728453162253378306 0.00000000099999999969 0.43271546437746621905 
0.00000000099999999983 0.00000000099999999983 0.00000000099999999983 0.50003786510482950423 0.00000000099999999983 0.49996213089517044237 
0.00403443732980738896 0.00000000169223249466 0.00106448083409181366 0.60408498158686396717 0.00422995564902841660 0.38658614290797599367 
0.00363327237955959458 0.00000000100000000000 0.00025585187431815171 0.55588012295330602175 0.00129692328522114787 0.43893382850759515845 
0.00000000099999999995 0.00463835574569235187 0.00000000099999999995 0.54835544749702924694 0.00000258220745517215 0.44700361254982329262 
0.00000000099999999992 0.00220895057950303226 0.00000000099999999992 0.53615636329532823101 0.00000000099999999992 0.46163468312516886538 
0.00055668552586540169 0.00000000099999999996 0.00132841139806516269 0.52518378244665742116 0.00301700723881768084 0.46991411239059438509 
0.00207272133122620448 0.00000000099999999996 0.00000000099999999996 0.56638373527070862146 0.00259808030242512358 0.42894546109563996827 
0.00000000099999999957 0.00000000099999999957 0.00000000099999999957 0.99044292095271135867 0.00000000099999999957 0.00955707504728859313 
0.00000000099999999954 0.00000000099999999954 0.00000000099999999954 0.99999999499999991937 0.00000000099999999954 0.00000000099999999954 
0.00000000099999999973 0.00000000099999999973 0.00000000099999999973 0.99306023807570531492 0.00000000099999999973 0.00693975792429475224 
0.00000000099999999991 0.00000000099999999991 0.00000000099999999991 0.99999999499999991937 0.00000000099999999991 0.00000000099999999991 
0.00000000099999999949 0.00000000099999999949 0.00000000099999999949 0.99999999499999991937 0.00000000099999999949 0.00000000099999999949 
0.00000000099999999957 0.00000000099999999957 0.00000000099999999957 0.99999999500000003039 0.00000000099999999957 0.00000000099999999957 
0.00000000099999999967 0.00000000099999999967 0.00000000099999999967 0.99859740233546101518 0.00000000099999999967 0.00140259366453909665 
0.00000000099999999964 0.00000000099999999964 0.00000000099999999964 0.99405588928083754574 0.00000000099999999964 0.00594410671916238698 
0.00000000099999999956 0.00000000099999999956 0.00000000099999999956 0.99815123194795152273 0.00000000099999999956 0.00184876405204844490 
0.00000000099999999983 0.00000000099999999983 0.00000000099999999983 0.99936274051254003759 0.00063725548745985426 0.00000000099999999983 
0.00000000099999999955 0.00000000099999999955 0.00000000099999999955 0.99999999500000003039 0.00000000099999999955 0.00000000099999999955 
0.00000000099999999947 0.00000000099999999947 0.00000000099999999947 0.99624067315369291276 0.00000000099999999947 0.00375932284630706203 
0.00000000099999999954 0.00000000099999999954 0.00000000099999999954 0.99999999500000003039 0.00000000099999999954 0.00000000099999999954 
0.00000000099999999959 0.00000000099999999959 0.00000000099999999959 0.99999114283395296177 0.00000000099999999959 0.00000885316604695673 
0.00000000099999999972 0.00000000099999999972 0.00000000099999999972 0.99883153410701874808 0.00116846189298131366 0.00000000099999999972 
0.00000000099999999962 0.00000000099999999962 0.00000000099999999962 0.96989717691236621011 0.00000000099999999962 0.03010281908763365669 
0.00000000099999999968 0.00000000099999999968 0.00000000099999999968 0.99737717147105409143 0.00000000099999999968 0.00262282452894598700 
0.00000000099999999937 0.00000000099999999937 0.00000000099999999937 0.99999999499999991937 0.00000000099999999937 0.00000000099999999937 
0.00000000099999999991 0.00280309680777312805 0.00000000099999999991 0.98734234212965332755 0.00000000099999999991 0.00985455806257365743 
0.00000000099999999996 0.00000000099999999996 0.00208842859870644361 0.94700569529119549284 0.00000000099999999996 0.05090587311009826116 
0.00000000099999999983 0.00000000099999999983 0.00000000099999999983 0.99999999499999991937 0.00000000099999999983 0.00000000099999999983 
0.00000000099999999994 0.00781301096644825173 0.00000000099999999994 0.94153492313412590065 0.00000000099999999994 0.05065206289942596196 
0.00003505868772411084 0.00264964067162340531 0.00000000099999999991 0.92844306663521236622 0.00000000099999999991 0.06887223200544020929 
0.00183803384770878466 0.00202251787379615104 0.00000000099999999995 0.93357471696053084820 0.00000000099999999995 0.06256472931796408510 
0.00116757695896072965 0.00000000099999999994 0.00000000099999999994 0.98937789673219311837 0.00004551373810952362 0.00940901057073647955 
0.00000000099999999988 0.00411812031131565063 0.00000000099999999988 0.93641773487377444329 0.00000000099999999988 0.05946414181490995710 
0.00000000099999999985 0.00351254860167868419 0.00000000099999999985 0.95981165445916327705 0.00000000099999999985 0.03667579393915814528 
0.00000000099999999985 0.00216151389637139280 0.00000000099999999985 0.96856133400819832691 0.00000000099999999985 0.02927714909543022506 
0.00000000099999999997 0.00034455988510321048 0.00084454148393776180 0.97526138548699825570 0.00046227248479485086 0.02308723965916585630 
0.00000000099999999982 0.00000000099999999982 0.00000000099999999982 0.94129236791529002915 0.00000000099999999982 0.05870762808470994520 
0.00000000099999999995 0.00000000099999999995 0.00260406591254522127 0.95821161820772404738 0.00009189795478644654 0.03909241592494427237 
0.00000000099999999987 0.00557166731543329817 0.00000000099999999987 0.95586708089541849720 0.00000000099999999987 0.03856124878914828080 
0.00452608643052540213 0.00191986738205354723 0.00000000099999999998 0.93720923621460916486 0.00000000099999999998 0.05634480797281193887 
0.00000000099999999996 0.00000000099999999996 0.00000000099999999996 0.97990878303797146476 0.00003975684237364085 0.02005145711965497166 
0.00000000099999999976 0.00000000099999999976 0.00000000099999999976 0.94069286370698201871 0.00000000099999999976 0.05930713229301796952 
0.00000000099999999962 0.00000000099999999962 0.00000000099999999962 0.92268156929025801904 0.00000000099999999962 0.07731842670974191367 
0.00000000099999999989 0.00112308986505549151 0.00000000099999999989 0.95517918706430504638 0.00000000099999999989 0.04369772007063946889 
0.00000000099999999999 0.00535911031985303668 0.00469889683167700346 0.91398255815975115723 0.00000000099999999999 0.07595943268871889476 
0.00000000099999999999 0.00349380178099213895 0.00000000099999999999 0.87625831193636927186 0.00000549802347697793 0.12024238625916144896 
0.00000000099999999999 0.01915238343892879808 0.00000000099999999999 0.83649056730979109986 0.00000000162027103096 0.14435704563100906772 
0.00000000099999999968 0.00000000099999999968 0.00000000099999999968 0.93467780020426283194 0.00600017047277979446 0.05932202632295741074 
0.00000000100000000000 0.00000000100000000000 0.01648242485173629854 0.86893099554979580379 0.00000000100000000000 0.11458657659846792354 
0.00000000099999999999 0.00000000099999999999 0.00271289564115946005 0.77480047138412921903 0.00000000099999999999 0.22248662997471133074 
0.00000000099999999990 0.00000000099999999990 0.00000000099999999990 0.99355505548760159051 0.00066335806770781349 0.00578158344469050477 
0.00000000099999999999 0.00530851982034598237 0.00000000099999999999 0.98833297007371023746 0.00582113594191060492 0.00053737216403328169 
0.00000000099999999984 0.00000000099999999984 0.00000000099999999984 0.94991767684293559881 0.01569311027437650385 0.03438920988268782952 
0.00000000099999999993 0.00000000099999999993 0.00000000099999999993 0.97911125869118664777 0.00174099040297848976 0.01914774790583471248 
0.00000000099999999971 0.00000000099999999971 0.00000000099999999971 0.97494481020537804294 0.00823704665101195922 0.01681814014360993523 
0.00000000099999999993 0.00000000099999999993 0.00000000099999999993 0.97676201743708879199 0.00218932547232521648 0.02104865409058596579 
0.00000000099999999947 0.00000000099999999947 0.00000000099999999947 0.96144549487205832605 0.00000000099999999947 0.03855450112794171075 
0.00000000099999999965 0.00000000099999999965 0.00000000099999999965 0.99410061967433938079 0.00000000099999999965 0.00589937632566065948 
0.00000000099999999993 0.00189279437448494343 0.00000000099999999993 0.74797556474609205868 0.00000000099999999993 0.25013163787942299665 
0.00000000099999999983 0.00000000099999999983 0.00000000099999999983 0.77637848844258838810 0.00141347716904670047 0.22220803138836489610 
0.25902228429006085575 0.00000000099999999997 0.06814598383504118229 0.56489788293669662700 0.00000000099999999997 0.10793384693820132214 
0.00245787910850257633 0.00000000099999999999 0.00073831844537129612 0.71578175521513642821 0.00445042795280201076 0.27657161827818765865 
0.00296165613067648787 0.00000000099999999998 0.00000000099999999998 0.74536690264908445069 0.00224678329665751976 0.24942465592358153970 
0.28593529500176739777 0.00000000099999999998 0.06096273746533388549 0.54830428606458003760 0.00000000099999999998 0.10479767946831873571 
0.22018279425416928397 0.00000000099999999996 0.05408943851211209936 0.55209868031927800125 0.00000000099999999996 0.17362908491444065118 
0.23714315238150102116 0.00000000099999999998 0.02918211307247456018 0.61275870782955754734 0.00000000099999999998 0.12091602471646700767 
0.23357114647938898022 0.00880202208381557216 0.00000000099999999998 0.61040445853781311047 0.00003049518345706539 0.14719187671552513841 
0.22809318594828423277 0.00000000099999999998 0.00488188963035344516 0.59645892704409697593 0.00229552511208670545 0.16827047126517863385 
0.00000000099999999982 0.00000000099999999982 0.00000000099999999982 0.75814268869400769368 0.00000000099999999982 0.24185730730599244720 
0.28440508626463756325 0.00000000099999999997 0.00000000099999999997 0.59426086826656521200 0.00000000099999999997 0.12133404246879728183 
0.00562271597155765586 0.00000000099999999998 0.00000808371410507694 0.75381637868816264714 0.00678992633094875186 0.23376289429522578711 
0.29182556181292235165 0.00000000100000000000 0.03118146510001048449 0.52783033701843951047 0.00000000100000000000 0.14916263406862759200 
0.00000000099999999975 0.00000000099999999975 0.00000000099999999975 0.73898100244275721771 0.00262261913165867232 0.25839637542558413497 
0.00000000099999999973 0.00000000099999999973 0.00000000099999999973 0.73033900559260456209 0.00000000099999999973 0.26966099040739544002 
0.28304486382457721971 0.02566916015203183146 0.00000000099999999997 0.53562958944043215226 0.00635168411350282673 0.14930470146945598597 
0.00000000099999999983 0.00000000099999999983 0.00000000099999999983 0.77391739931789627072 0.00059447420255205542 0.22548812347955160540 
0.00220688415246095065 0.00000000099999999997 0.00012934756907543584 0.73957994656871905992 0.00000000099999999997 0.25808381970974447750 
0.00000000099999999999 0.00523165289574484531 0.00000000099999999999 0.87152225693614959745 0.00000000099999999999 0.12324608716810546427 
0.04937805753148457460 0.00000000225854393238 0.00000000100000000000 0.89940245139304886290 0.00000000100000000000 0.05121948681692275324 
0.00000000099999999996 0.00394650179166710930 0.00000000099999999996 0.93036040885230919528 0.00000000099999999996 0.06569308635602377766 
0.00000000099999999992 0.00250217405047106463 0.00000000099999999992 0.99509538702253141906 0.00000000099999999992 0.00240243592699755605 
0.02631380909728685963 0.00000411212626348319 0.00000000099999999999 0.91543669922956838469 0.00000000099999999999 0.05824537754688134672 
0.00000000099999999957 0.00000000099999999957 0.00000000099999999957 0.99999999500000003039 0.00000000099999999957 0.00000000099999999957 
0.00000000099999999963 0.00000000099999999963 0.00000000099999999963 0.99999999500000003039 0.00000000099999999963 0.00000000099999999963 
0.12546612688456962315 0.01780393884034735252 0.00000026096504868251 0.85271666564872083960 0.00401300666131347572 0.00000000100000000000 
0.00000000099999999993 0.00000000099999999993 0.00019002247816755669 0.99980997352183242910 0.00000000099999999993 0.00000000099999999993 
0.00000000099999999987 0.00000000099999999987 0.00000000099999999987 0.99999999499999991937 0.00000000099999999987 0.00000000099999999987 
0.00000000099999999914 0.00000000099999999914 0.00000000099999999914 0.99999999500000003039 0.00000000099999999914 0.00000000099999999914 
0.00000000099999999940 0.00000000099999999940 0.00000000099999999940 0.99938612872169085843 0.00000000099999999940 0.00061386727830903081 
0.00000000099999999941 0.00000000099999999941 0.00000000099999999941 0.99885562167938191092 0.00000000099999999941 0.00114437432061808143 
0.00000000099999999942 0.00000000099999999942 0.00000000099999999942 0.99999999500000003039 0.00000000099999999942 0.00000000099999999942 
0.00000000099999999929 0.00000000099999999929 0.00000000099999999929 0.99999999499999991937 0.00000000099999999929 0.00000000099999999929 
0.00000000099999999957 0.00000000099999999957 0.00000000099999999957 0.99172915479317436116 0.00000000099999999957 0.00827084120682568778 
0.00000000099999999979 0.00000000099999999979 0.00000000099999999979 0.99702015446404290699 0.00000000099999999979 0.00297984153595712417 
0.00000000099999999949 0.00000000099999999949 0.00000000099999999949 0.99999999499999991937 0.00000000099999999949 0.00000000099999999949 
0.00630558864964932998 0.00025169447647024591 0.00000000099999999998 0.99344271387388038974 0.00000000099999999998 0.00000000099999999998 
0.00000000099999999983 0.00000000099999999983 0.00000000099999999983 0.96676518267914901550 0.00035684712350938130 0.03287796719734153300 
0.00000000099999999964 0.00000000099999999964 0.00000000099999999964 0.99369267888820289603 0.00000000099999999964 0.00630731711179712776 
0.00000000099999999988 0.00000000099999999988 0.00094471103728532878 0.99275227629476536784 0.00000000099999999988 0.00630300966794930702 
0.00000000099999999941 0.00000000099999999941 0.00000000099999999941 0.99999999499999991937 0.00000000099999999941 0.00000000099999999941 
0.00000000099999999964 0.00000000099999999964 0.00000000099999999964 0.99999999500000003039 0.00000000099999999964 0.00000000099999999964 
0.00000000099999999988 0.00000000099999999988 0.00114727706284782974 0.99196480753433968758 0.00000000099999999988 0.00688791240281252937 
0.00000000099999999994 0.00688061997321850506 0.00000000099999999994 0.95471367729210498965 0.00000000099999999994 0.03840569973467655718 
0.00000000099999999967 0.00000000099999999967 0.00000000099999999967 0.99058922863565113115 0.00000000099999999967 0.00941076736434891432 
0.00000000099999999963 0.00000000099999999963 0.00000000099999999963 0.99353339136490126382 0.00000000099999999963 0.00646660463509864634 
0.00000000099999999929 0.00000000099999999929 0.00000000099999999929 0.99999999499999991937 0.00000000099999999929 0.00000000099999999929 
0.00000000099999999960 0.00000000099999999960 0.00000000099999999960 0.99554300305513776514 0.00000000099999999960 0.00445699294486220227 
0.00000000099999999963 0.00000000099999999963 0.00000000099999999963 0.97667937798620607648 0.00000000099999999963 0.02332061801379385277 
0.00000000099999999970 0.00000000099999999970 0.00000000099999999970 0.99295580090551183172 0.00000000099999999970 0.00704419509448828401 
0.00000000099999999992 0.00106796352443466877 0.00000000099999999992 0.92095041322298454300 0.00141025573795932127 0.07657136551462148666 
0.00000000099999999992 0.00141007288833165201 0.00000000099999999992 0.98657075120085568898 0.00032468342171184425 0.01169449048910085887 
0.00000000099999999980 0.00000000099999999980 0.00000000099999999980 0.99999999500000003039 0.00000000099999999980 0.00000000099999999980 
0.00042624077311409774 0.00000000099999999990 0.00000000099999999990 0.94823721686222750549 0.00000000099999999990 0.05133653936465854689 
0.00000000099999999972 0.00173242264377248536 0.00000000099999999972 0.99826757335622762213 0.00000000099999999972 0.00000000099999999972 
0.00000000099999999989 0.00629024364924119558 0.00000000099999999989 0.99178854440292041339 0.00192120894783836529 0.00000000099999999989 
0.00172195054084466146 0.00056866569958304101 0.00000000099999999998 0.99770938075957227298 0.00000000099999999998 0.00000000099999999998 
0.00000000099999999991 0.01410269959670944553 0.00000000099999999991 0.97849522638435570965 0.00000000099999999991 0.00740207101893484119 
0.00649097594896885875 0.00000000099999999995 0.00000000099999999995 0.99350624814851240529 0.00000000099999999995 0.00000277290251883337 
0.00000000099999999985 0.00446798953029607475 0.00000000099999999985 0.99553200646970385623 0.00000000099999999985 0.00000000099999999985 
0.00000000099999999978 0.00000000099999999978 0.00000000099999999978 0.99018367992182376724 0.00000000099999999978 0.00981631607817616547 
0.00000000099999999978 0.00000000099999999978 0.00000000099999999978 0.99543410024537648528 0.00000000099999999978 0.00456589575462353417 
0.00000000099999999970 0.00000000099999999970 0.00000000099999999970 0.96894140799874428627 0.00000000099999999970 0.03105858800125576788 
0.00000000099999999985 0.00428087312993421457 0.00000000099999999985 0.99552710709917802134 0.00000000099999999985 0.00019201677088777867 
0.00000000099999999962 0.00000000099999999962 0.00000000099999999962 0.99999999499999991937 0.00000000099999999962 0.00000000099999999962 
0.00000000099999999985 0.00462912959018655420 0.00000000099999999985 0.99071123952763928688 0.00000000099999999985 0.00465962788217424897 
0.00000000099999999995 0.00000000099999999995 0.00000000099999999995 0.85894596535413325622 0.00285070717122190825 0.13820332447464492298 
0.00000000099999999973 0.00000000099999999973 0.00000000099999999973 0.93016214678418307482 0.00000000099999999973 0.06983784921581687177 
0.00000000099999999994 0.00266908275501208121 0.00000000099999999994 0.99562109687364808153 0.00000000099999999994 0.00170981737133987831 
0.00000000099999999992 0.00000000099999999992 0.00000000099999999992 0.99999999499999991937 0.00000000099999999992 0.00000000099999999992 
0.00000000099999999993 0.00000000099999999993 0.00000000099999999993 0.99731143988289938651 0.00268855611710062947 0.00000000099999999993 
0.00000000099999999987 0.00570667164475054372 0.00000000099999999987 0.99298495289746324666 0.00130837245778621315 0.00000000099999999987 
0.00000000099999999982 0.00000000099999999982 0.00000000099999999982 0.98054457926406257684 0.00000000099999999982 0.01945541673593746690 
0.00000000099999999980 0.00000000099999999980 0.00000000099999999980 0.99992193085891734050 0.00000000099999999980 0.00007806514108266127 
0.00000000099999999975 0.00000000099999999975 0.00000000099999999975 0.95866214815387207349 0.00000000099999999975 0.04133784784612783147 
0.00000000099999999986 0.00000000099999999986 0.00000000099999999986 0.99795513771468746800 0.00204485828531257054 0.00000000099999999986 
0.00000000099999999973 0.00000000099999999973 0.00000000099999999973 0.99999999500000003039 0.00000000099999999973 0.00000000099999999973 
0.00000000099999999963 0.00000000099999999963 0.00000000099999999963 0.99999999500000003039 0.00000000099999999963 0.00000000099999999963 
0.00338819033286553691 0.00482450125478900340 0.00146784249275642271 0.99031946391958891596 0.00000000099999999999 0.00000000099999999999 
0.00000000099999999962 0.00000000099999999962 0.00000000099999999962 0.99999999499999991937 0.00000000099999999962 0.00000000099999999962 
0.00000000099999999996 0.00126173878933239555 0.00000000099999999996 0.98610248149412471630 0.00000000099999999996 0.01263577671654289927 
0.00000000099999999955 0.00000000099999999955 0.00000000099999999955 0.99999999499999991937 0.00000000099999999955 0.00000000099999999955 
0.00000000099999999988 0.00000000099999999988 0.00000000099999999988 0.99999999500000003039 0.00000000099999999988 0.00000000099999999988 
0.00000000099999999989 0.00210149601908894050 0.00000000099999999989 0.99305244472007025980 0.00000000099999999989 0.00484605626084071584 
0.00000000099999999995 0.00461681168148925930 0.00000000099999999995 0.97450972128358814839 0.00503468605820332413 0.01583877897671912352 
0.00152587914861239860 0.00000000099999999992 0.00000000099999999992 0.99847411685138753867 0.00000000099999999992 0.00000000099999999992 
0.00000000099999999991 0.00000000099999999991 0.00000000099999999991 0.99999999500000003039 0.00000000099999999991 0.00000000099999999991 
0.00000000099999999985 0.00173051689485787278 0.00000000099999999985 0.99302330034689600957 0.00000000099999999985 0.00524617975824616650 
0.00067815776891031289 0.00000000099999999992 0.00000000099999999992 0.98347012785624610132 0.00000000099999999992 0.01585171137484355994 
0.00000000099999999993 0.00000000099999999993 0.00000000099999999993 0.99117867121784319906 0.00000000099999999993 0.00882132478215687417 
0.00000000099999999992 0.00000000099999999992 0.00000000099999999992 0.99834948256609101769 0.00165051343390900393 0.00000000099999999992 
0.00871674092090171139 0.00000000099999999998 0.00000000099999999998 0.99066180607763243415 0.00000000099999999998 0.00062145000146590277 
0.00310707073283722881 0.00000563400946304237 0.00000000099999999997 0.99570531994307875934 0.00118197331462098422 0.00000000099999999997 
0.00000000099999999997 0.00000000099999999997 0.00042935208756670403 0.98967381032627443904 0.00478539661231844674 0.00511143897384050069 
0.00501672108284453942 0.01112790729507610182 0.00000000100000000000 0.89575217023324538168 0.00403298992432830992 0.08407021046450580126 
0.00000000099999999985 0.00530165231171092488 0.00000000099999999985 0.98895183098686567646 0.00000000099999999985 0.00574651370142330135 
0.00000000099999999990 0.00425870341653274229 0.00000000099999999990 0.96947470999235063616 0.00000000099999999990 0.02626658359111672114 
0.00000000099999999984 0.00000000099999999984 0.00000000099999999984 0.99999999500000003039 0.00000000099999999984 0.00000000099999999984 
0.00000000099999999963 0.00000000099999999963 0.00000000099999999963 0.99999999499999991937 0.00000000099999999963 0.00000000099999999963 
0.00000000099999999975 0.00000000099999999975 0.00000000099999999975 0.99906045595106840462 0.00093954004893150511 0.00000000099999999975 
0.00000000099999999992 0.00000000099999999992 0.00000000099999999992 0.99401615246522256886 0.00019575248179788858 0.00578809205297950435 
0.00000000099999999987 0.00000000099999999987 0.00000000099999999987 0.98988033426301424988 0.00000000099999999987 0.01011966173698565161 
0.00121924262239712098 0.00000000099999999997 0.00000000099999999997 0.99878075337760297003 0.00000000099999999997 0.00000000099999999997 
0.00000000099999999992 0.00771084320506459919 0.00000000099999999992 0.99228915279493545842 0.00000000099999999992 0.00000000099999999992 
0.00000000099999999993 0.00000000099999999993 0.00000000099999999993 0.99967722293871608130 0.00032277306128385759 0.00000000099999999993 
0.00295234753868333245 0.00386146451896189104 0.00029414503260551377 0.99209459623318896337 0.00079744567656018432 0.00000000100000000000 
0.00000000099999999995 0.00367768529202256670 0.00000000099999999995 0.99027725310260117375 0.00000000099999999995 0.00604505860537637302 
0.00554828783885916599 0.00000000660437983498 0.00000000100000000000 0.99190005817649629094 0.00255158034136871749 0.00000006603889598654 
0.00000000099999999998 0.00000000099999999998 0.00810070676222493687 0.98078738526477371451 0.01111190497300133459 0.00000000099999999998 
0.00000000099999999994 0.01987546990509190398 0.00000000099999999994 0.98011910369593280290 0.00000000099999999994 0.00000542339897533391 
0.00000000099999999987 0.00155222121597793097 0.00000000099999999987 0.99735271095369537608 0.00000000099999999987 0.00109506483032662211 
0.00000000099999999976 0.00000000099999999976 0.00000000099999999976 0.99999999500000003039 0.00000000099999999976 0.00000000099999999976 
