0.00000000099999999847 0.99999999300000008695 0.00000000099999999847 0.00000000099999999847 0.00000000099999999847 0.00000000099999999847 0.00000000099999999847 0.00000000099999999847 
0.00000000099999999855 0.99999999300000008695 0.00000000099999999855 0.00000000099999999855 0.00000000099999999855 0.00000000099999999855 0.00000000099999999855 0.00000000099999999855 
0.00000000099999999851 0.99999999299999997593 0.00000000099999999851 0.00000000099999999851 0.00000000099999999851 0.00000000099999999851 0.00000000099999999851 0.00000000099999999851 
0.00000000099999999853 0.99999999300000008695 0.00000000099999999853 0.00000000099999999853 0.00000000099999999853 0.00000000099999999853 0.00000000099999999853 0.00000000099999999853 
0.00000000099999999859 0.99999999299999997593 0.00000000099999999859 0.00000000099999999859 0.00000000099999999859 0.00000000099999999859 0.00000000099999999859 0.00000000099999999859 
0.00000000099999999859 0.99999999299999997593 0.00000000099999999859 0.00000000099999999859 0.00000000099999999859 0.00000000099999999859 0.00000000099999999859 0.00000000099999999859 
0.00000000099999999850 0.99999999300000008695 0.00000000099999999850 0.00000000099999999850 0.00000000099999999850 0.00000000099999999850 0.00000000099999999850 0.00000000099999999850 
0.00000000099999999863 0.99999999299999997593 0.00000000099999999863 0.00000000099999999863 0.00000000099999999863 0.00000000099999999863 0.00000000099999999863 0.00000000099999999863 
0.00000000099999999853 0.99999999300000008695 0.00000000099999999853 0.00000000099999999853 0.00000000099999999853 0.00000000099999999853 0.00000000099999999853 0.00000000099999999853 
0.00000000099999999861 0.99999999299999997593 0.00000000099999999861 0.00000000099999999861 0.00000000099999999861 0.00000000099999999861 0.00000000099999999861 0.00000000099999999861 
0.00000000099999999858 0.99999999299999997593 0.00000000099999999858 0.00000000099999999858 0.00000000099999999858 0.00000000099999999858 0.00000000099999999858 0.00000000099999999858 
0.00000000099999999883 0.99999999300000008695 0.00000000099999999883 0.00000000099999999883 0.00000000099999999883 0.00000000099999999883 0.00000000099999999883 0.00000000099999999883 
0.00000000099999999856 0.99999999300000008695 0.00000000099999999856 0.00000000099999999856 0.00000000099999999856 0.00000000099999999856 0.00000000099999999856 0.00000000099999999856 
0.00000000099999999853 0.99999999299999997593 0.00000000099999999853 0.00000000099999999853 0.00000000099999999853 0.00000000099999999853 0.00000000099999999853 0.00000000099999999853 
0.00000000099999999856 0.99999999300000008695 0.00000000099999999856 0.00000000099999999856 0.00000000099999999856 0.00000000099999999856 0.00000000099999999856 0.00000000099999999856 
0.00000000099999999856 0.99999999300000008695 0.00000000099999999856 0.00000000099999999856 0.00000000099999999856 0.00000000099999999856 0.00000000099999999856 0.00000000099999999856 
0.00000000099999999855 0.99999999300000008695 0.00000000099999999855 0.00000000099999999855 0.00000000099999999855 0.00000000099999999855 0.00000000099999999855 0.00000000099999999855 
0.00000000099999999866 0.99999999299999997593 0.00000000099999999866 0.00000000099999999866 0.00000000099999999866 0.00000000099999999866 0.00000000099999999866 0.00000000099999999866 
0.00000000099999999867 0.99999999300000008695 0.00000000099999999867 0.00000000099999999867 0.00000000099999999867 0.00000000099999999867 0.00000000099999999867 0.00000000099999999867 
0.00000000099999999864 0.99999999299999997593 0.00000000099999999864 0.00000000099999999864 0.00000000099999999864 0.00000000099999999864 0.00000000099999999864 0.00000000099999999864 
0.00000000099999999859 0.99999999300000008695 0.00000000099999999859 0.00000000099999999859 0.00000000099999999859 0.00000000099999999859 0.00000000099999999859 0.00000000099999999859 
0.00000000099999999862 0.99999999300000008695 0.00000000099999999862 0.00000000099999999862 0.00000000099999999862 0.00000000099999999862 0.00000000099999999862 0.00000000099999999862 
0.00000000099999999860 0.99999999299999997593 0.00000000099999999860 0.00000000099999999860 0.00000000099999999860 0.00000000099999999860 0.00000000099999999860 0.00000000099999999860 
0.00000000099999999861 0.99999999299999997593 0.00000000099999999861 0.00000000099999999861 0.00000000099999999861 0.00000000099999999861 0.00000000099999999861 0.00000000099999999861 
0.00000000099999999901 0.99999999300000019797 0.00000000099999999901 0.00000000099999999901 0.00000000099999999901 0.00000000099999999901 0.00000000099999999901 0.00000000099999999901 
0.00000000099999999859 0.99999999300000008695 0.00000000099999999859 0.00000000099999999859 0.00000000099999999859 0.00000000099999999859 0.00000000099999999859 0.00000000099999999859 
0.00000000099999999863 0.99999999299999997593 0.00000000099999999863 0.00000000099999999863 0.00000000099999999863 0.00000000099999999863 0.00000000099999999863 0.00000000099999999863 
0.00000000099999999865 0.99999999299999997593 0.00000000099999999865 0.00000000099999999865 0.00000000099999999865 0.00000000099999999865 0.00000000099999999865 0.00000000099999999865 
0.00000000099999999867 0.99999999299999997593 0.00000000099999999867 0.00000000099999999867 0.00000000099999999867 0.00000000099999999867 0.00000000099999999867 0.00000000099999999867 
0.00000000099999999863 0.99999999300000008695 0.00000000099999999863 0.00000000099999999863 0.00000000099999999863 0.00000000099999999863 0.00000000099999999863 0.00000000099999999863 
0.00000000099999999884 0.99999999300000008695 0.00000000099999999884 0.00000000099999999884 0.00000000099999999884 0.00000000099999999884 0.00000000099999999884 0.00000000099999999884 
0.00000000099999999905 0.99999999300000008695 0.00000000099999999905 0.00000000099999999905 0.00000000099999999905 0.00000000099999999905 0.00000000099999999905 0.00000000099999999905 
0.00000000099999999876 0.99999999299999997593 0.00000000099999999876 0.00000000099999999876 0.00000000099999999876 0.00000000099999999876 0.00000000099999999876 0.00000000099999999876 
0.00000000099999999895 0.99999999299999997593 0.00000000099999999895 0.00000000099999999895 0.00000000099999999895 0.00000000099999999895 0.00000000099999999895 0.00000000099999999895 
0.00000000099999999877 0.99999999300000008695 0.00000000099999999877 0.00000000099999999877 0.00000000099999999877 0.00000000099999999877 0.00000000099999999877 0.00000000099999999877 
0.00000000099999999889 0.99999999299999997593 0.00000000099999999889 0.00000000099999999889 0.00000000099999999889 0.00000000099999999889 0.00000000099999999889 0.00000000099999999889 
0.00000000099999999881 0.99999999299999997593 0.00000000099999999881 0.00000000099999999881 0.00000000099999999881 0.00000000099999999881 0.00000000099999999881 0.00000000099999999881 
0.00000000099999999883 0.99999999299999997593 0.00000000099999999883 0.00000000099999999883 0.00000000099999999883 0.00000000099999999883 0.00000000099999999883 0.00000000099999999883 
0.00000000099999999886 0.99999999299999997593 0.00000000099999999886 0.00000000099999999886 0.00000000099999999886 0.00000000099999999886 0.00000000099999999886 0.00000000099999999886 
0.00000000099999999912 0.99999999300000019797 0.00000000099999999912 0.00000000099999999912 0.00000000099999999912 0.00000000099999999912 0.00000000099999999912 0.00000000099999999912 
0.00000000099999999879 0.99999999299999997593 0.00000000099999999879 0.00000000099999999879 0.00000000099999999879 0.00000000099999999879 0.00000000099999999879 0.00000000099999999879 
0.00000000099999999894 0.99999999300000008695 0.00000000099999999894 0.00000000099999999894 0.00000000099999999894 0.00000000099999999894 0.00000000099999999894 0.00000000099999999894 
0.00000000099999999883 0.99999999300000008695 0.00000000099999999883 0.00000000099999999883 0.00000000099999999883 0.00000000099999999883 0.00000000099999999883 0.00000000099999999883 
0.00000000099999999881 0.99999999299999997593 0.00000000099999999881 0.00000000099999999881 0.00000000099999999881 0.00000000099999999881 0.00000000099999999881 0.00000000099999999881 
0.00000000099999999894 0.99999999299999997593 0.00000000099999999894 0.00000000099999999894 0.00000000099999999894 0.00000000099999999894 0.00000000099999999894 0.00000000099999999894 
0.00000000099999999884 0.99999999300000008695 0.00000000099999999884 0.00000000099999999884 0.00000000099999999884 0.00000000099999999884 0.00000000099999999884 0.00000000099999999884 
0.00000000099999999889 0.99999999300000008695 0.00000000099999999889 0.00000000099999999889 0.00000000099999999889 0.00000000099999999889 0.00000000099999999889 0.00000000099999999889 
0.00000000099999999914 0.99999999300000019797 0.00000000099999999914 0.00000000099999999914 0.00000000099999999914 0.00000000099999999914 0.00000000099999999914 0.00000000099999999914 
0.00000000099999999916 0.99999999300000019797 0.00000000099999999916 0.00000000099999999916 0.00000000099999999916 0.00000000099999999916 0.00000000099999999916 0.00000000099999999916 
0.00000000099999999928 0.99999999300000008695 0.00000000099999999928 0.00000000099999999928 0.00000000099999999928 0.00000000099999999928 0.00000000099999999928 0.00000000099999999928 
0.00000000099999999959 0.99999999300000008695 0.00000000099999999959 0.00000000099999999959 0.00000000099999999959 0.00000000099999999959 0.00000000099999999959 0.00000000099999999959 
0.88752228629571072727 0.00000000099999999930 0.00000000099999999930 0.00000000099999999930 0.00000000099999999930 0.11247770770428941467 0.00000000099999999930 0.00000000099999999930 
0.83359277877458326511 0.00000000099999999918 0.00000000099999999918 0.00000000099999999918 0.00000000099999999918 0.16640721522541684907 0.00000000099999999918 0.00000000099999999918 
0.82945216586072378906 0.00000000099999999947 0.00000000099999999947 0.00000000099999999947 0.00000000099999999947 0.17054782813927646390 0.00000000099999999947 0.00000000099999999947 
0.86439267308753608976 0.00000000099999999900 0.01068995044516557816 0.00000000099999999900 0.00000000099999999900 0.12491737146729831043 0.00000000099999999900 0.00000000099999999900 
0.89853291621833009106 0.00000000099999999910 0.01005202789734020892 0.00000000099999999910 0.00000000099999999910 0.09141505088432971826 0.00000000099999999910 0.00000000099999999910 
0.87239931864329756106 0.00000000099999999894 0.00000000099999999894 0.00000000099999999894 0.00000000099999999894 0.12760067535670238659 0.00000000099999999894 0.00000000099999999894 
0.85365967949769272494 0.00000000099999999927 0.02269540000286837320 0.00000000099999999927 0.00000000099999999927 0.12364491549943908144 0.00000000099999999927 0.00000000099999999927 
0.88703865727718145262 0.00000000099999999901 0.00000000099999999901 0.00000000099999999901 0.00000000099999999901 0.11296133672281867544 0.00000000099999999901 0.00000000099999999901 
0.84818452768889840421 0.00000000099999999923 0.01301046185002700806 0.00000000099999999923 0.00000000099999999923 0.13880500546107482629 0.00000000099999999923 0.00000000099999999923 
0.88390614350216567541 0.00000000099999999960 0.00000000099999999960 0.00000000099999999960 0.01009338161928552760 0.10600046987854903902 0.00000000099999999960 0.00000000099999999960 
0.87934351560015200366 0.00000000099999999909 0.00000000099999999909 0.00000000099999999909 0.00000000099999999909 0.12065647839984817991 0.00000000099999999909 0.00000000099999999909 
0.85634118981733542419 0.00000000099999999907 0.00231122017873653740 0.00000000099999999907 0.00000000099999999907 0.14134758500392799463 0.00000000099999999907 0.00000000099999999907 
0.81742820380733072216 0.00000000099999999949 0.01302305415453445560 0.00000000099999999949 0.01016954318322202400 0.15937919485491278127 0.00000000099999999949 0.00000000099999999949 
0.85910403613991048744 0.00000000099999999924 0.02204643427700462774 0.00000000099999999924 0.00000000099999999924 0.11884952458308495338 0.00000000099999999924 0.00000000099999999924 
0.91208921768850970135 0.00000000099999999955 0.00000000099999999955 0.00000000099999999955 0.00000000099999999955 0.08791077631149039895 0.00000000099999999955 0.00000000099999999955 
0.88786868238989213875 0.00000000099999999893 0.00000000099999999893 0.00000000099999999893 0.00000000099999999893 0.11213131161010789216 0.00000000099999999893 0.00000000099999999893 
0.78504012618671337176 0.00000000099999999944 0.01026140284736107473 0.00000000099999999944 0.00000000099999999944 0.20469846596592564114 0.00000000099999999944 0.00000000099999999944 
0.82988619732532076245 0.00000000099999999948 0.00000000099999999948 0.00000000099999999948 0.00000000099999999948 0.17011379667467940724 0.00000000099999999948 0.00000000099999999948 
0.87391996004078631444 0.00000000099999999920 0.00000000099999999920 0.00000000099999999920 0.00000000099999999920 0.12608003395921379974 0.00000000099999999920 0.00000000099999999920 
0.87141467046465681534 0.00000000099999999917 0.00000000099999999917 0.00000000099999999917 0.00000000099999999917 0.12858532353534343762 0.00000000099999999917 0.00000000099999999917 
0.79339629806218425756 0.00000000099999999921 0.03778313667396213799 0.00000000099999999921 0.00000000099999999921 0.16882056026385355851 0.00000000099999999921 0.00000000099999999921 
0.83685390964367567523 0.00000000099999999899 0.00002563982748894741 0.00000000099999999899 0.00000000099999999899 0.16312044552883536719 0.00000000099999999899 0.00000000099999999899 
0.86796999598020685429 0.00000000099999999920 0.00000000099999999920 0.00000000099999999920 0.00000000099999999920 0.13202999801979320438 0.00000000099999999920 0.00000000099999999920 
0.81339670364072769182 0.00000000099999999921 0.00000000099999999921 0.00000000099999999921 0.00000000099999999921 0.18660329035927242236 0.00000000099999999921 0.00000000099999999921 
0.79476222840851862284 0.00000000099999999950 0.00000000099999999950 0.00000000099999999950 0.00000000099999999950 0.20523776559148146359 0.00000000099999999950 0.00000000099999999950 
0.87185640778511064308 0.00000000099999999907 0.00000000099999999907 0.00000000099999999907 0.00000000099999999907 0.12814358621488944334 0.00000000099999999907 0.00000000099999999907 
0.82414001293029104378 0.00000000099999999926 0.00000000099999999926 0.00000000099999999926 0.00000000099999999926 0.17585998106970904264 0.00000000099999999926 0.00000000099999999926 
0.79787429051021885318 0.00011670862717579576 0.00000000099999999990 0.00425473016246918218 0.00000000099999999990 0.19775426670013621089 0.00000000099999999990 0.00000000099999999990 
0.87120714972975954460 0.00000000099999999960 0.00000000099999999960 0.00000000099999999960 0.00000000099999999960 0.12879284427024051407 0.00000000099999999960 0.00000000099999999960 
0.82440967717378610402 0.00000000099999999930 0.00000000099999999930 0.00000000099999999930 0.00000000099999999930 0.17559031682621417669 0.00000000099999999930 0.00000000099999999930 
0.87977436607534753588 0.00000000099999999907 0.00000000099999999907 0.00000000099999999907 0.00000000099999999907 0.12022562792465268933 0.00000000099999999907 0.00000000099999999907 
0.89332440482638786339 0.00000000099999999973 0.00000000099999999973 0.00000000099999999973 0.00498422876086639360 0.10169136141274576213 0.00000000099999999973 0.00000000099999999973 
0.75466842326667982199 0.00000000099999999961 0.01142369131990183737 0.00000000099999999961 0.00000000099999999961 0.23390788041341836756 0.00000000099999999961 0.00000000099999999961 
0.83778454412566949472 0.00000000099999999956 0.00000711109561039982 0.00000000099999999956 0.00000000099999999956 0.16220833977872020637 0.00000000099999999956 0.00000000099999999956 
0.78433503697083495343 0.00000000099999999941 0.03053812565830270678 0.00000000099999999941 0.00000000099999999941 0.18512683237086249854 0.00000000099999999941 0.00000000099999999941 
0.84162923808698775208 0.00000000099999999954 0.02744778135525925353 0.00000000099999999954 0.00000000099999999954 0.13092297555775320173 0.00000000099999999954 0.00000000099999999954 
0.80914205274619133146 0.00000000099999999935 0.00000000099999999935 0.00000000099999999935 0.00000000099999999935 0.19085794125380886599 0.00000000099999999935 0.00000000099999999935 
0.81040736895440845799 0.00000000099999999941 0.00000000099999999941 0.00000000099999999941 0.00000000099999999941 0.18959262504559157292 0.00000000099999999941 0.00000000099999999941 
0.76938736242128613618 0.00000000099999999944 0.00450670744482494813 0.00000000099999999944 0.00000000099999999944 0.22610592513388905189 0.00000000099999999944 0.00000000099999999944 
0.92343087214449404154 0.00000000099999999974 0.00000002394014859336 0.00000000099999999974 0.00000000099999999974 0.07656909891535740309 0.00000000099999999974 0.00000000099999999974 
0.89030854631152667178 0.00000000099999999946 0.00000000099999999946 0.00000000099999999946 0.00000000099999999946 0.10969144768847345628 0.00000000099999999946 0.00000000099999999946 
0.88447681752082074613 0.00000000099999999975 0.02242589356185522437 0.00000000099999999975 0.00000000099999999975 0.09309728391732412234 0.00000000099999999975 0.00000000099999999975 
0.88911357937880475255 0.00000000099999999931 0.00000000099999999931 0.00000000099999999931 0.00000000099999999931 0.11088641462119533387 0.00000000099999999931 0.00000000099999999931 
0.82340301034019125481 0.00000000099999999921 0.00794185052070687549 0.00000000099999999921 0.00000000099999999921 0.16865513413910190876 0.00000000099999999921 0.00000000099999999921 
0.80203724733469383690 0.00000000099999999920 0.00000000099999999920 0.00000000099999999920 0.00000000099999999920 0.19796274666530633279 0.00000000099999999920 0.00000000099999999920 
0.83860012508151748900 0.00000000099999999925 0.00000000099999999925 0.00000000099999999925 0.00000000099999999925 0.16139986891848265294 0.00000000099999999925 0.00000000099999999925 
0.85232100627288198691 0.00000000099999999924 0.00482049196158075132 0.00000000099999999924 0.00000000099999999924 0.14285849676553741272 0.00000000099999999924 0.00000000099999999924 
0.81588898264122511339 0.00000000099999999953 0.00000000099999999953 0.00000000099999999953 0.00000000099999999953 0.18411101135877508406 0.00000000099999999953 0.00000000099999999953 
0.80352468641450158771 0.00000000099999999925 0.02920911911103946795 0.00000000099999999925 0.00000000099999999925 0.16726618947445909269 0.00000000099999999925 0.00000000099999999925 
0.79908400525211398246 0.00000000099999999935 0.00000000099999999935 0.00000000099999999935 0.00000000099999999935 0.20091598874788621498 0.00000000099999999935 0.00000000099999999935 
0.80475792141326429885 0.00000000099999999922 0.03681749088326567720 0.00000000099999999922 0.00000000099999999922 0.15842458270347023475 0.00000000099999999922 0.00000000099999999922 
0.81237896882337523596 0.00000000099999999934 0.00000000099999999934 0.00000000099999999934 0.00000000099999999934 0.18762102517662493373 0.00000000099999999934 0.00000000099999999934 
0.94361016677384690343 0.00000000099999999945 0.00000000099999999945 0.00000000099999999945 0.00000000099999999945 0.05638982722615314136 0.00000000099999999945 0.00000000099999999945 
0.89975950737480792085 0.00000000099999999946 0.01298823084898082479 0.00000000099999999946 0.00000000099999999946 0.08725225677621151199 0.00000000099999999946 0.00000000099999999946 
0.83519951850686069417 0.00000000099999999926 0.01810248113865228770 0.00000000099999999926 0.00000000099999999926 0.14669799535448715955 0.00000000099999999926 0.00000000099999999926 
0.87234838982333406943 0.00000000099999999936 0.00550841024990095327 0.00000000099999999936 0.00000000099999999936 0.12214319492676509182 0.00000000099999999936 0.00000000099999999936 
0.87347075661094908394 0.00000000099999999949 0.00000000099999999949 0.00000000099999999949 0.00000000099999999949 0.12652923738905111350 0.00000000099999999949 0.00000000099999999949 
0.88748158034113344694 0.00000000099999999951 0.00000000099999999951 0.00000000099999999951 0.00000000099999999951 0.11251841365886665336 0.00000000099999999951 0.00000000099999999951 
0.86792749056455054113 0.00000000099999999921 0.03284969810444083455 0.00000000099999999921 0.00000000099999999921 0.09922280633100877267 0.00000000099999999921 0.00000000099999999921 
0.92032588673925141975 0.00000000099999999946 0.00000000099999999946 0.00000000099999999946 0.00000000099999999946 0.07967410726074865279 0.00000000099999999946 0.00000000099999999946 
0.87303613720348327565 0.00000000099999999925 0.00000000099999999925 0.00000000099999999925 0.00000000099999999925 0.12696385679651669975 0.00000000099999999925 0.00000000099999999925 
0.86937933266262601428 0.00000000099999999958 0.00000000099999999958 0.00000000099999999958 0.00000000099999999958 0.13062066133737418316 0.00000000099999999958 0.00000000099999999958 
0.90403684079239787774 0.00000000099999999947 0.00000000099999999947 0.00000000099999999947 0.00000000099999999947 0.09596315320760227807 0.00000000099999999947 0.00000000099999999947 
0.89478460358410216724 0.00000000099999999953 0.00000000099999999953 0.00000000099999999953 0.00000000099999999953 0.10521539041589797470 0.00000000099999999953 0.00000000099999999953 
0.85345052935240062197 0.00000000099999999931 0.02918963030889763430 0.00000000099999999931 0.00000000099999999931 0.11735983533870181228 0.00000000099999999931 0.00000000099999999931 
0.87734192795149490429 0.00000000099999999973 0.00000000099999999973 0.00000000099999999973 0.00000000099999999973 0.12265806604850526540 0.00000000099999999973 0.00000000099999999973 
0.91560731807448458852 0.00242993470365669316 0.00000000099999999990 0.00000000099999999990 0.00000000099999999990 0.07475405893869067897 0.00000000099999999990 0.00720868428316822057 
0.84672419767091633425 0.00000000099999999981 0.01075930835894273359 0.00000000099999999981 0.00701977221625488083 0.13549671775388616446 0.00000000099999999981 0.00000000099999999981 
0.86985417613765858569 0.00033305079070324977 0.00000000099999999995 0.00000000099999999995 0.00000000099999999995 0.12575732849629936427 0.00405544057533876925 0.00000000099999999995 
0.88156102182726936434 0.00000000099999999993 0.00002329122407345528 0.00000000099999999993 0.00094628427945465346 0.11746939835930787777 0.00000000099999999993 0.00000000130989482956 
0.82584606037740138085 0.00354713140065244679 0.01153364281075419488 0.00000000099999999991 0.00000000099999999991 0.15907316141119198782 0.00000000099999999991 0.00000000099999999991 
0.91397067979899337953 0.00279823656632083697 0.00036112411103068312 0.00000000100000000000 0.00000000286606431430 0.08283613147456342363 0.00000000632020086211 0.00003381786282662869 
0.00000000099999999938 0.00000000099999999938 0.98924185358224969722 0.00000000099999999938 0.00000000099999999938 0.01075814041775033369 0.00000000099999999938 0.00000000099999999938 
0.00000000099999999935 0.00000000099999999935 0.99999999300000008695 0.00000000099999999935 0.00000000099999999935 0.00000000099999999935 0.00000000099999999935 0.00000000099999999935 
0.01317499760485832741 0.00000000099999999959 0.98027845322424600472 0.00000000099999999959 0.00000000099999999959 0.00654654417089580234 0.00000000099999999959 0.00000000099999999959 
0.00000000099999999986 0.00000000099999999986 0.99999999299999997593 0.00000000099999999986 0.00000000099999999986 0.00000000099999999986 0.00000000099999999986 0.00000000099999999986 
0.00000152025658281323 0.00000000099999999932 0.99349285497043504645 0.00000000099999999932 0.00000000099999999932 0.00650561977298230905 0.00000000099999999932 0.00000000099999999932 
0.00000000099999999946 0.00000000099999999946 0.99991495723933188078 0.00000000099999999946 0.00000000099999999946 0.00008503676066817530 0.00000000099999999946 0.00000000099999999946 
0.00000000099999999958 0.00000000099999999958 0.99362629694060766727 0.00000000099999999958 0.00000000099999999958 0.00637369705939234716 0.00000000099999999958 0.00000000099999999958 
0.00000000430055991310 0.00000000099999999948 0.99324280617600679832 0.00000000099999999948 0.00000000099999999948 0.00675718452343326923 0.00000000099999999948 0.00000000099999999948 
0.00000000099999999944 0.00000000099999999944 0.99524476874859280073 0.00000000099999999944 0.00000000099999999944 0.00475522525140710441 0.00000000099999999944 0.00000000099999999944 
0.00000000099999999972 0.00000000099999999972 0.99999999300000008695 0.00000000099999999972 0.00000000099999999972 0.00000000099999999972 0.00000000099999999972 0.00000000099999999972 
0.00000000099999999941 0.00000000099999999941 0.99999999300000008695 0.00000000099999999941 0.00000000099999999941 0.00000000099999999941 0.00000000099999999941 0.00000000099999999941 
0.01994691456698717558 0.00000000099999999931 0.97843908541224700048 0.00000000099999999931 0.00000000099999999931 0.00161399502076605143 0.00000000099999999931 0.00000000099999999931 
0.00000000099999999940 0.00000000099999999940 0.99999999300000008695 0.00000000099999999940 0.00000000099999999940 0.00000000099999999940 0.00000000099999999940 0.00000000099999999940 
0.01004877607635270599 0.00000000099999999946 0.98995121792364748625 0.00000000099999999946 0.00000000099999999946 0.00000000099999999946 0.00000000099999999946 0.00000000099999999946 
0.00000000099999999960 0.00102724299408767832 0.99897275100591231833 0.00000000099999999960 0.00000000099999999960 0.00000000099999999960 0.00000000099999999960 0.00000000099999999960 
0.00000000099999999948 0.00000000099999999948 0.96371290600492498513 0.00000000099999999948 0.00000000099999999948 0.03628708799507508048 0.00000000099999999948 0.00000000099999999948 
0.00047033442801146599 0.00000000099999999959 0.99696953781698127717 0.00000000099999999959 0.00000000099999999959 0.00256012275500726609 0.00000000099999999959 0.00000000099999999959 
0.00000000099999999917 0.00000000099999999917 0.99999999299999997593 0.00000000099999999917 0.00000000099999999917 0.00000000099999999917 0.00000000099999999917 0.00000000099999999917 
0.01743799356977124640 0.00000000099999999981 0.95632323765685811612 0.00000000099999999981 0.00000000099999999981 0.02292633577214344548 0.00000000099999999981 0.00331242900122743480 
0.01857401773373531378 0.00000000099999999996 0.90580970468823451824 0.00000000099999999996 0.00092178489647777053 0.07369445496160959008 0.00100003471994275484 0.00000000099999999996 
0.07709410054578047511 0.00000000099999999973 0.92290589345421958356 0.00000000099999999973 0.00000000099999999973 0.00000000099999999973 0.00000000099999999973 0.00000000099999999973 
0.00000000099999999987 0.00000000099999999987 0.92004013569467335554 0.00000000099999999987 0.00000000099999999987 0.06971444454093032872 0.00000000099999999987 0.01024541476439637389 
0.06561124288254402415 0.00000000099999999974 0.86845242597764105152 0.00000000099999999974 0.00000000099999999974 0.06198200817224650688 0.00000000099999999974 0.00395431896756847853 
0.02689981547985952764 0.00000000099999999993 0.89340204095665076700 0.00317446246356819454 0.00000000099999999993 0.07652367709992165257 0.00000000099999999993 0.00000000099999999993 
0.01767302838314330563 0.00000763446747873778 0.95570301690649983595 0.00121102975350817488 0.00000000099999999996 0.02540528748937012291 0.00000000099999999996 0.00000000099999999996 
0.01131222338600743928 0.00000000099999999974 0.90980117435540319715 0.00000000099999999974 0.00560425258740599851 0.07328234567118327436 0.00000000099999999974 0.00000000099999999974 
0.03449992192816937753 0.00000000099999999987 0.90571038902901379597 0.00000000099999999987 0.00343388602416861777 0.05635579901864831709 0.00000000099999999987 0.00000000099999999987 
0.00189577387983132185 0.00000000099999999980 0.94541473656372854162 0.00000000099999999980 0.00000000099999999980 0.05003491557366104847 0.00000000099999999980 0.00265456998277925236 
0.00000000099999999973 0.00000000099999999973 0.96037048987381234966 0.00000000099999999973 0.00000000099999999973 0.03752525980994369376 0.00000000099999999973 0.00210424531624391889 
0.00668620370253781779 0.00000000099999999971 0.91019371745531041373 0.00000000099999999971 0.00000000099999999971 0.08312007384215182315 0.00000000099999999971 0.00000000099999999971 
0.00000000099999999966 0.00000000099999999966 0.92975379339823049918 0.00000000099999999966 0.00000000099999999966 0.06630430256302453917 0.00000000099999999966 0.00394189903874504928 
0.11339760511056366787 0.00175904436408188939 0.83673175862654636248 0.00019744853650614674 0.00000000100000000000 0.04436060661338820515 0.00293816430370764372 0.00061537144520605646 
0.00894729239845002376 0.00000000099999999972 0.90816307479305680150 0.00000000099999999972 0.01322647410547967729 0.06966315470301363832 0.00000000099999999972 0.00000000099999999972 
0.06576475563606590247 0.00000000099999999990 0.90009258819345105973 0.00000000099999999990 0.00000000099999999990 0.03414265117048310288 0.00000000099999999990 0.00000000099999999990 
0.00000000099999999965 0.00000000099999999965 0.91197189304663817122 0.00000000099999999965 0.00000000099999999965 0.08802810095336180418 0.00000000099999999965 0.00000000099999999965 
0.07881565252332459193 0.00000000099999999950 0.84189026730306992796 0.00000000099999999950 0.00000000099999999950 0.07929407517360559376 0.00000000099999999950 0.00000000099999999950 
0.06992442341909892167 0.00000000099999999992 0.88058171462591883216 0.00000000099999999992 0.00000000099999999992 0.04949385695498225574 0.00000000099999999992 0.00000000099999999992 
0.09244898433535243820 0.00000000099999999997 0.83273846316990707273 0.00000000099999999997 0.00000000099999999997 0.06345659625487720668 0.00000000099999999997 0.01135595223986344236 
0.06906626168349476458 0.00000000099999999999 0.68449734167006581753 0.00000000099999999999 0.00399003877397157217 0.24244635387246790681 0.00000000099999999999 0.00000000099999999999 
0.30170846316177230007 0.00000000099999999999 0.54959218101116702471 0.00000000099999999999 0.00000000099999999999 0.11795548005780641387 0.00000000099999999999 0.03074387176925420101 
0.03342909779214296023 0.00617298802396733584 0.89438254929141303151 0.00000000099999999957 0.00000000099999999957 0.06601536089247672656 0.00000000099999999957 0.00000000099999999957 
0.12561668507643794501 0.00000000099999999998 0.75399319318163626757 0.00000000099999999998 0.02034589141419628974 0.10004422632772948243 0.00000000099999999998 0.00000000099999999998 
0.24555256731065402964 0.00000000099999999999 0.47134598608185496182 0.00000000099999999999 0.00000231513245266514 0.28309874412684316036 0.00000038434819511845 0.00000000099999999999 
0.03264298326223528945 0.00000000099999999984 0.94809408879175238738 0.00000000099999999984 0.00000000099999999984 0.01926292294601238478 0.00000000099999999984 0.00000000099999999984 
0.42220736567973010667 0.01090761828543945419 0.56688501103483057708 0.00000000099999999999 0.00000000099999999999 0.00000000099999999999 0.00000000099999999999 0.00000000099999999999 
0.10224326709470428487 0.01554593660842297151 0.84553218381056249875 0.00000000099999999980 0.00000000099999999980 0.03667860848631032678 0.00000000099999999980 0.00000000099999999980 
0.02051244589017368197 0.00167269287395699589 0.96056939069356450656 0.00000000099999999989 0.00000000099999999989 0.01724546654230485476 0.00000000099999999989 0.00000000099999999989 
0.12124886461574967134 0.00802769189726365399 0.85938734262163751776 0.00000000099999999963 0.00000000099999999963 0.01133609686534926136 0.00000000099999999963 0.00000000099999999963 
0.09056122322905424404 0.00138880855620277487 0.88376915193706018226 0.00000000099999999988 0.00077432492315576316 0.02350648835452708724 0.00000000099999999988 0.00000000099999999988 
0.03448504893989867010 0.00000000099999999927 0.92393784811037227289 0.00000000099999999927 0.00000000099999999927 0.04157709794972915679 0.00000000099999999927 0.00000000099999999927 
0.02602529964626835307 0.00000000099999999955 0.95717859250663839266 0.00000000099999999955 0.00000000099999999955 0.01679610284709327772 0.00000000099999999955 0.00000000099999999955 
0.75388392382431879124 0.00000000099999999980 0.21052938794781653198 0.00000000099999999980 0.00000000099999999980 0.03558668322786472799 0.00000000099999999980 0.00000000099999999980 
0.66282151500988206738 0.00000000099999999961 0.30063956485015091991 0.00000000099999999961 0.00000000099999999961 0.03653891513996725821 0.00000000099999999961 0.00000000099999999961 
0.37521141453146206191 0.00000000099999999992 0.24192758718859247447 0.17294965287239910667 0.00000000099999999992 0.04453432645285771568 0.16537701595468856652 0.00000000099999999992 
0.73278628764278375129 0.00471987583245152362 0.19962663661432455964 0.00000000099999999992 0.00000000099999999992 0.06053876935709750357 0.00232842755334257629 0.00000000099999999992 
0.77203911890318288602 0.00144710489435951033 0.18612154331177943600 0.00000000099999999985 0.00000000099999999985 0.03721623912393601241 0.00317599076674211214 0.00000000099999999985 
0.44070487924985579653 0.00000000099999999990 0.14558335256000395908 0.11341395693198820516 0.00000000099999999990 0.02418075994640142209 0.27611704831175065689 0.00000000099999999990 
0.44672087718502428988 0.00000000099999999987 0.14908284712532299254 0.00000000099999999987 0.00000000099999999987 0.07142533555204973184 0.33277093613760289070 0.00000000099999999987 
0.48786747932151142138 0.00000000099999999985 0.15916846901829365124 0.00531587463014009977 0.00000000099999999985 0.01927939419240138133 0.32836877983765333511 0.00000000099999999985 
0.50152867090415409468 0.00474817680835836527 0.21190423761344542863 0.15205560153908342924 0.00000000099999999994 0.02118963957044085397 0.10857367156451759593 0.00000000099999999994 
0.54379428332347823360 0.00000000099999999995 0.16834010865457219031 0.16798489701301719257 0.00000000099999999995 0.03912981528497513906 0.08075089272395719053 0.00000000099999999995 
0.73789545020390545638 0.00000000099999999945 0.23116394326120751068 0.00000000099999999945 0.00000000099999999945 0.03094060153488718476 0.00000000099999999945 0.00000000099999999945 
0.58732571328036642377 0.00000000099999999997 0.12118254401711830992 0.24828984341847040729 0.00000000099999999997 0.00804070832752241602 0.03516118795652233703 0.00000000099999999997 
0.71835547643412001051 0.00515710387359500592 0.22882521334341301977 0.00295997971336572040 0.00000000099999999995 0.04167345055025112321 0.00302877408525503407 0.00000000099999999995 
0.43452123498196326690 0.00137916061644722046 0.12176251285977608696 0.00000000099999999984 0.00000000099999999984 0.03657580393533889362 0.40576128460647442608 0.00000000099999999984 
0.75878556040113098735 0.00000000099999999950 0.19296498621589039391 0.00000000099999999950 0.00000000099999999950 0.04824944838297871158 0.00000000099999999950 0.00000000099999999950 
0.75095686877662048975 0.00000000099999999955 0.19169729718250441697 0.00000000099999999955 0.00000000099999999955 0.05734582904087500571 0.00000000099999999955 0.00000000099999999955 
0.62420484428524170006 0.00748463265758402777 0.06480274540302083386 0.27297895096996926956 0.00000000099999999999 0.00974578775854849019 0.02078303692563552782 0.00000000099999999999 
0.68911498714428398582 0.00000000099999999945 0.27611761445753713051 0.00000000099999999945 0.00000000099999999945 0.03476739339817891405 0.00000000099999999945 0.00000000099999999945 
0.71301593721735645470 0.00000000099999999979 0.21762968116846700961 0.00000000099999999979 0.00000000099999999979 0.06647824686218965773 0.00287613075198678639 0.00000000099999999979 
0.10084407625634879413 0.00000000099999999995 0.81531959034265544251 0.00000000099999999995 0.00710441688659367229 0.07673191251440207583 0.00000000099999999995 0.00000000099999999995 
0.00794591129068048657 0.00000000099999999998 0.80546980651992039490 0.00000000099999999998 0.00000000099999999998 0.09056947497174996919 0.00000000099999999998 0.09601480321764926940 
0.01095867377211593927 0.00000000099999999989 0.89663917304629137117 0.00000000099999999989 0.00000000099999999989 0.08454266100703269893 0.00000000099999999989 0.00785948817456003958 
0.00000000099999999987 0.00000000099999999987 0.99091884268482199882 0.00000000099999999987 0.00000000099999999987 0.00631308548574003019 0.00000000099999999987 0.00276806682943803086 
0.00000000099999999995 0.00000000099999999995 0.90378924604374732965 0.02215412963130556148 0.00000000099999999995 0.06714117447629307234 0.00000000099999999995 0.00691544584865400654 
0.00000000099999999942 0.00000000099999999942 0.99999999300000008695 0.00000000099999999942 0.00000000099999999942 0.00000000099999999942 0.00000000099999999942 0.00000000099999999942 
0.00000000099999999941 0.00000000099999999941 0.99999999299999997593 0.00000000099999999941 0.00000000099999999941 0.00000000099999999941 0.00000000099999999941 0.00000000099999999941 
0.00000000099999999999 0.00685229171140355493 0.85633067117574890315 0.12581173955680075016 0.00000000099999999999 0.00000000099999999999 0.01100528474385354533 0.00000000981219317069 
0.00000000099999999980 0.00000000099999999980 0.99045164449659028882 0.00000000099999999980 0.00000000099999999980 0.00912555796017766596 0.00000000099999999980 0.00042279254323206942 
0.00000000099999999965 0.00000000099999999965 0.99999999300000008695 0.00000000099999999965 0.00000000099999999965 0.00000000099999999965 0.00000000099999999965 0.00000000099999999965 
0.00000000099999999889 0.00000000099999999889 0.99999999299999986491 0.00000000099999999889 0.00000000099999999889 0.00000000099999999889 0.00000000099999999889 0.00000000099999999889 
0.00000000099999999920 0.00000000099999999920 0.99386501637328306114 0.00000000099999999920 0.00000000099999999920 0.00613497762671700274 0.00000000099999999920 0.00000000099999999920 
0.00000000099999999921 0.00000000099999999921 0.99538996004793978134 0.00000000099999999921 0.00000000099999999921 0.00461003395206017498 0.00000000099999999921 0.00000000099999999921 
0.00000000099999999922 0.00000000099999999922 0.99999999300000008695 0.00000000099999999922 0.00000000099999999922 0.00000000099999999922 0.00000000099999999922 0.00000000099999999922 
0.00000000099999999909 0.00000000099999999909 0.99999999300000008695 0.00000000099999999909 0.00000000099999999909 0.00000000099999999909 0.00000000099999999909 0.00000000099999999909 
0.00760430961441969314 0.00000000099999999945 0.97869394550276378464 0.00000000099999999945 0.00000000099999999945 0.01370173988281658296 0.00000000099999999945 0.00000000099999999945 
0.00000268562494607383 0.00000000099999999969 0.99999730837505407255 0.00000000099999999969 0.00000000099999999969 0.00000000099999999969 0.00000000099999999969 0.00000000099999999969 
0.00000000099999999933 0.00000000099999999933 0.99999999300000008695 0.00000000099999999933 0.00000000099999999933 0.00000000099999999933 0.00000000099999999933 0.00000000099999999933 
0.00000000099999999989 0.00000000099999999989 0.99122234013055432467 0.00000000099999999989 0.00000000099999999989 0.00000000099999999989 0.00877765386944566808 0.00000000099999999989 
0.00000000099999999974 0.00000000099999999974 0.94932048230063525995 0.00000000099999999974 0.00000000099999999974 0.05067951169936485423 0.00000000099999999974 0.00000000099999999974 
0.00000000099999999951 0.00000000099999999951 0.98704017537239885360 0.00000000099999999951 0.00000000099999999951 0.01295981862760105241 0.00000000099999999951 0.00000000099999999951 
0.00000000099999999977 0.00000000099999999977 0.99085017032423494676 0.00000000099999999977 0.00000000099999999977 0.00914982367576499048 0.00000000099999999977 0.00000000099999999977 
0.00000000099999999918 0.00000000099999999918 0.99999999299999997593 0.00000000099999999918 0.00000000099999999918 0.00000000099999999918 0.00000000099999999918 0.00000000099999999918 
