0.00000000099999999807 0.00000000099999999807 0.00000000099999999807 0.00000000099999999807 0.00000000099999999807 0.99999999100000003249 0.00000000099999999807 0.00000000099999999807 0.00000000099999999807 0.00000000099999999807 
0.00000000099999999818 0.00000000099999999818 0.00000000099999999818 0.00000000099999999818 0.00000000099999999818 0.99999999100000003249 0.00000000099999999818 0.00000000099999999818 0.00000000099999999818 0.00000000099999999818 
0.00000000099999999812 0.00000000099999999812 0.00000000099999999812 0.00000000099999999812 0.00000000099999999812 0.99999999099999992147 0.00000000099999999812 0.00000000099999999812 0.00000000099999999812 0.00000000099999999812 
0.00000000099999999816 0.00000000099999999816 0.00000000099999999816 0.00000000099999999816 0.00000000099999999816 0.99999999099999992147 0.00000000099999999816 0.00000000099999999816 0.00000000099999999816 0.00000000099999999816 
0.00000000099999999822 0.00000000099999999822 0.00000000099999999822 0.00000000099999999822 0.00000000099999999822 0.99999999099999992147 0.00000000099999999822 0.00000000099999999822 0.00000000099999999822 0.00000000099999999822 
0.00000000099999999823 0.00000000099999999823 0.00000000099999999823 0.00000000099999999823 0.00000000099999999823 0.99999999100000003249 0.00000000099999999823 0.00000000099999999823 0.00000000099999999823 0.00000000099999999823 
0.00000000099999999812 0.00000000099999999812 0.00000000099999999812 0.00000000099999999812 0.00000000099999999812 0.99999999099999992147 0.00000000099999999812 0.00000000099999999812 0.00000000099999999812 0.00000000099999999812 
0.00000000099999999829 0.00000000099999999829 0.00000000099999999829 0.00000000099999999829 0.00000000099999999829 0.99999999100000003249 0.00000000099999999829 0.00000000099999999829 0.00000000099999999829 0.00000000099999999829 
0.00000000099999999816 0.00000000099999999816 0.00000000099999999816 0.00000000099999999816 0.00000000099999999816 0.99999999099999992147 0.00000000099999999816 0.00000000099999999816 0.00000000099999999816 0.00000000099999999816 
0.00000000099999999826 0.00000000099999999826 0.00000000099999999826 0.00000000099999999826 0.00000000099999999826 0.99999999099999992147 0.00000000099999999826 0.00000000099999999826 0.00000000099999999826 0.00000000099999999826 
0.00000000099999999820 0.00000000099999999820 0.00000000099999999820 0.00000000099999999820 0.00000000099999999820 0.99999999100000003249 0.00000000099999999820 0.00000000099999999820 0.00000000099999999820 0.00000000099999999820 
0.00000000099999999854 0.00000000099999999854 0.00000000099999999854 0.00000000099999999854 0.00000000099999999854 0.99999999099999992147 0.00000000099999999854 0.00000000099999999854 0.00000000099999999854 0.00000000099999999854 
0.00000000099999999819 0.00000000099999999819 0.00000000099999999819 0.00000000099999999819 0.00000000099999999819 0.99999999099999992147 0.00000000099999999819 0.00000000099999999819 0.00000000099999999819 0.00000000099999999819 
0.00000000099999999815 0.00000000099999999815 0.00000000099999999815 0.00000000099999999815 0.00000000099999999815 0.99999999099999992147 0.00000000099999999815 0.00000000099999999815 0.00000000099999999815 0.00000000099999999815 
0.00000000099999999819 0.00000000099999999819 0.00000000099999999819 0.00000000099999999819 0.00000000099999999819 0.99999999099999992147 0.00000000099999999819 0.00000000099999999819 0.00000000099999999819 0.00000000099999999819 
0.00000000099999999818 0.00000000099999999818 0.00000000099999999818 0.00000000099999999818 0.00000000099999999818 0.99999999100000003249 0.00000000099999999818 0.00000000099999999818 0.00000000099999999818 0.00000000099999999818 
0.00000000099999999817 0.00000000099999999817 0.00000000099999999817 0.00000000099999999817 0.00000000099999999817 0.99999999099999992147 0.00000000099999999817 0.00000000099999999817 0.00000000099999999817 0.00000000099999999817 
0.00000000099999999831 0.00000000099999999831 0.00000000099999999831 0.00000000099999999831 0.00000000099999999831 0.99999999100000003249 0.00000000099999999831 0.00000000099999999831 0.00000000099999999831 0.00000000099999999831 
0.00000000099999999834 0.00000000099999999834 0.00000000099999999834 0.00000000099999999834 0.00000000099999999834 0.99999999100000003249 0.00000000099999999834 0.00000000099999999834 0.00000000099999999834 0.00000000099999999834 
0.00000000099999999830 0.00000000099999999830 0.00000000099999999830 0.00000000099999999830 0.00000000099999999830 0.99999999100000003249 0.00000000099999999830 0.00000000099999999830 0.00000000099999999830 0.00000000099999999830 
0.00000000099999999823 0.00000000099999999823 0.00000000099999999823 0.00000000099999999823 0.00000000099999999823 0.99999999100000003249 0.00000000099999999823 0.00000000099999999823 0.00000000099999999823 0.00000000099999999823 
0.00000000099999999826 0.00000000099999999826 0.00000000099999999826 0.00000000099999999826 0.00000000099999999826 0.99999999100000003249 0.00000000099999999826 0.00000000099999999826 0.00000000099999999826 0.00000000099999999826 
0.00000000099999999823 0.00000000099999999823 0.00000000099999999823 0.00000000099999999823 0.00000000099999999823 0.99999999099999992147 0.00000000099999999823 0.00000000099999999823 0.00000000099999999823 0.00000000099999999823 
0.00000000099999999825 0.00000000099999999825 0.00000000099999999825 0.00000000099999999825 0.00000000099999999825 0.99999999100000003249 0.00000000099999999825 0.00000000099999999825 0.00000000099999999825 0.00000000099999999825 
0.00000000099999999874 0.00000000099999999874 0.00000000099999999874 0.00000000099999999874 0.00000000099999999874 0.99999999099999992147 0.00000000099999999874 0.00000000099999999874 0.00000000099999999874 0.00000000099999999874 
0.00000000099999999822 0.00000000099999999822 0.00000000099999999822 0.00000000099999999822 0.00000000099999999822 0.99999999100000003249 0.00000000099999999822 0.00000000099999999822 0.00000000099999999822 0.00000000099999999822 
0.00000000099999999829 0.00000000099999999829 0.00000000099999999829 0.00000000099999999829 0.00000000099999999829 0.99999999099999992147 0.00000000099999999829 0.00000000099999999829 0.00000000099999999829 0.00000000099999999829 
0.00000000099999999830 0.00000000099999999830 0.00000000099999999830 0.00000000099999999830 0.00000000099999999830 0.99999999100000003249 0.00000000099999999830 0.00000000099999999830 0.00000000099999999830 0.00000000099999999830 
0.00000000099999999833 0.00000000099999999833 0.00000000099999999833 0.00000000099999999833 0.00000000099999999833 0.99999999099999992147 0.00000000099999999833 0.00000000099999999833 0.00000000099999999833 0.00000000099999999833 
0.00000000099999999828 0.00000000099999999828 0.00000000099999999828 0.00000000099999999828 0.00000000099999999828 0.99999999099999992147 0.00000000099999999828 0.00000000099999999828 0.00000000099999999828 0.00000000099999999828 
0.00000000099999999854 0.00000000099999999854 0.00000000099999999854 0.00000000099999999854 0.00000000099999999854 0.99999999099999992147 0.00000000099999999854 0.00000000099999999854 0.00000000099999999854 0.00000000099999999854 
0.00000000099999999879 0.00000000099999999879 0.00000000099999999879 0.00000000099999999879 0.00000000099999999879 0.99999999099999992147 0.00000000099999999879 0.00000000099999999879 0.00000000099999999879 0.00000000099999999879 
0.00000000099999999846 0.00000000099999999846 0.00000000099999999846 0.00000000099999999846 0.00000000099999999846 0.99999999100000003249 0.00000000099999999846 0.00000000099999999846 0.00000000099999999846 0.00000000099999999846 
0.00000000099999999869 0.00000000099999999869 0.00000000099999999869 0.00000000099999999869 0.00000000099999999869 0.99999999100000003249 0.00000000099999999869 0.00000000099999999869 0.00000000099999999869 0.00000000099999999869 
0.00000000099999999845 0.00000000099999999845 0.00000000099999999845 0.00000000099999999845 0.00000000099999999845 0.99999999100000003249 0.00000000099999999845 0.00000000099999999845 0.00000000099999999845 0.00000000099999999845 
0.00000000099999999861 0.00000000099999999861 0.00000000099999999861 0.00000000099999999861 0.00000000099999999861 0.99999999099999992147 0.00000000099999999861 0.00000000099999999861 0.00000000099999999861 0.00000000099999999861 
0.00000000099999999849 0.00000000099999999849 0.00000000099999999849 0.00000000099999999849 0.00000000099999999849 0.99999999099999992147 0.00000000099999999849 0.00000000099999999849 0.00000000099999999849 0.00000000099999999849 
0.00000000099999999852 0.00000000099999999852 0.00000000099999999852 0.00000000099999999852 0.00000000099999999852 0.99999999100000003249 0.00000000099999999852 0.00000000099999999852 0.00000000099999999852 0.00000000099999999852 
0.00000000099999999855 0.00000000099999999855 0.00000000099999999855 0.00000000099999999855 0.00000000099999999855 0.99999999099999992147 0.00000000099999999855 0.00000000099999999855 0.00000000099999999855 0.00000000099999999855 
0.00000000099999999889 0.00000000099999999889 0.00000000099999999889 0.00000000099999999889 0.00000000099999999889 0.99999999099999992147 0.00000000099999999889 0.00000000099999999889 0.00000000099999999889 0.00000000099999999889 
0.00000000099999999847 0.00000000099999999847 0.00000000099999999847 0.00000000099999999847 0.00000000099999999847 0.99999999100000003249 0.00000000099999999847 0.00000000099999999847 0.00000000099999999847 0.00000000099999999847 
0.00000000099999999869 0.00000000099999999869 0.00000000099999999869 0.00000000099999999869 0.00000000099999999869 0.99999999100000003249 0.00000000099999999869 0.00000000099999999869 0.00000000099999999869 0.00000000099999999869 
0.00000000099999999853 0.00000000099999999853 0.00000000099999999853 0.00000000099999999853 0.00000000099999999853 0.99999999099999992147 0.00000000099999999853 0.00000000099999999853 0.00000000099999999853 0.00000000099999999853 
0.00000000099999999850 0.00000000099999999850 0.00000000099999999850 0.00000000099999999850 0.00000000099999999850 0.99999999099999992147 0.00000000099999999850 0.00000000099999999850 0.00000000099999999850 0.00000000099999999850 
0.00000000099999999867 0.00000000099999999867 0.00000000099999999867 0.00000000099999999867 0.00000000099999999867 0.99999999099999992147 0.00000000099999999867 0.00000000099999999867 0.00000000099999999867 0.00000000099999999867 
0.00000000099999999855 0.00000000099999999855 0.00000000099999999855 0.00000000099999999855 0.00000000099999999855 0.99999999099999992147 0.00000000099999999855 0.00000000099999999855 0.00000000099999999855 0.00000000099999999855 
0.00000000099999999860 0.00000000099999999860 0.00000000099999999860 0.00000000099999999860 0.00000000099999999860 0.99999999099999992147 0.00000000099999999860 0.00000000099999999860 0.00000000099999999860 0.00000000099999999860 
0.00000000099999999890 0.00000000099999999890 0.00000000099999999890 0.00000000099999999890 0.00000000099999999890 0.99999999099999992147 0.00000000099999999890 0.00000000099999999890 0.00000000099999999890 0.00000000099999999890 
0.00000000099999999893 0.00000000099999999893 0.00000000099999999893 0.00000000099999999893 0.00000000099999999893 0.99999999100000003249 0.00000000099999999893 0.00000000099999999893 0.00000000099999999893 0.00000000099999999893 
0.00000000099999999909 0.00000000099999999909 0.00000000099999999909 0.00000000099999999909 0.00000000099999999909 0.99999999100000014352 0.00000000099999999909 0.00000000099999999909 0.00000000099999999909 0.00000000099999999909 
0.00000000099999999947 0.00000000099999999947 0.00000000099999999947 0.00000000099999999947 0.00000000099999999947 0.99999999100000003249 0.00000000099999999947 0.00000000099999999947 0.00000000099999999947 0.00000000099999999947 
0.00000000099999999917 0.00000000099999999917 0.00000000099999999917 0.93346677698293600844 0.00000000099999999917 0.00000000099999999917 0.00000000099999999917 0.06653321501706392638 0.00000000099999999917 0.00000000099999999917 
0.00000000099999999902 0.00000000099999999902 0.00000000099999999902 0.90118822692950850684 0.00000000099999999902 0.00000000099999999902 0.00000000099999999902 0.09881176507049156676 0.00000000099999999902 0.00000000099999999902 
0.00000000099999999944 0.00000000099999999944 0.00000000099999999944 0.89482577618117575824 0.00000000099999999944 0.00000000099999999944 0.00000000099999999944 0.10517421581882423209 0.00000000099999999944 0.00000000099999999944 
0.00000000099999999881 0.00000000099999999881 0.00000000099999999881 0.92990954245552803759 0.00000000099999999881 0.00000000099999999881 0.00000000099999999881 0.07009044954447191111 0.00000000099999999881 0.00000000099999999881 
0.00000000099999999887 0.00000000099999999887 0.00000000099999999887 0.97064836067864779245 0.00000000099999999887 0.00000000099999999887 0.00000000099999999887 0.02935163132135223257 0.00000000099999999887 0.00000000099999999887 
0.00000000099999999871 0.00000000099999999871 0.00000000099999999871 0.94161414507246410377 0.00000000099999999871 0.00000000099999999871 0.00000000099999999871 0.05838584692753582411 0.00000000099999999871 0.00000000099999999871 
0.00000000099999999913 0.00000000099999999913 0.00000000099999999913 0.93239319929403929876 0.00000000099999999913 0.00000000099999999913 0.00000000099999999913 0.06760679270596076096 0.00000000099999999913 0.00000000099999999913 
0.00000000099999999880 0.00000000099999999880 0.00000000099999999880 0.94813069122775173181 0.00000000099999999880 0.00000000099999999880 0.00000000099999999880 0.05186930077224816832 0.00000000099999999880 0.00000000099999999880 
0.00000000099999999906 0.00000000099999999906 0.00000000099999999906 0.91761610891522105149 0.00000000099999999906 0.00000000099999999906 0.00000000099999999906 0.08238388308477903599 0.00000000099999999906 0.00000000099999999906 
0.00000000099999999980 0.00000000099999999980 0.00000000099999999980 0.94515407378444837860 0.00000000099999999980 0.00000000099999999980 0.00000000099999999980 0.05113518333339858030 0.00371073588215306213 0.00000000099999999980 
0.00000000099999999890 0.00000000099999999890 0.00000000099999999890 0.94479055105787690394 0.00000000099999999890 0.00000000099999999890 0.00000000099999999890 0.05520944094212297537 0.00000000099999999890 0.00000000099999999890 
0.00000000099999999888 0.00000000099999999888 0.00000000099999999888 0.92100078543729091418 0.00000000099999999888 0.00000000099999999888 0.00000000099999999888 0.07899920656270911778 0.00000000099999999888 0.00000000099999999888 
0.00000000099999999979 0.00000000099999999979 0.00000000099999999979 0.93003038496239187616 0.00000000099999999979 0.00000000099999999979 0.00000000099999999979 0.06695953198220536140 0.00301007605540284983 0.00000000099999999979 
0.00000000099999999906 0.00000000099999999906 0.00000000099999999906 0.94508509658653783170 0.00000000099999999906 0.00000000099999999906 0.00000000099999999906 0.05491489541346225578 0.00000000099999999906 0.00000000099999999906 
0.00000000099999999942 0.00000000099999999942 0.00000000099999999942 0.96240084150202354074 0.00000000099999999942 0.00000000099999999942 0.00000000099999999942 0.03759915049797652592 0.00000000099999999942 0.00000000099999999942 
0.00000000099999999873 0.00000000099999999873 0.00000000099999999873 0.95116722451540558492 0.00000000099999999873 0.00000000099999999873 0.00000000099999999873 0.04883276748459442623 0.00000000099999999873 0.00000000099999999873 
0.00000000099999999926 0.00000333661219889785 0.00000000099999999926 0.83200184998125126246 0.00000000099999999926 0.00000000099999999926 0.00000000099999999926 0.16799480640654990138 0.00000000099999999926 0.00000000099999999926 
0.00000000099999999940 0.00000000099999999940 0.00000000099999999940 0.87646401037481003193 0.00000000099999999940 0.00000000099999999940 0.00659323428737192737 0.11694274833781818923 0.00000000099999999940 0.00000000099999999940 
0.00000000099999999901 0.00000000099999999901 0.00000000099999999901 0.92290505428891511652 0.00000000099999999901 0.00000000099999999901 0.00000000099999999901 0.07709493771108488769 0.00000000099999999901 0.00000000099999999901 
0.00000000099999999899 0.00000000099999999899 0.00000000099999999899 0.94294319581859697976 0.00000000099999999899 0.00000000099999999899 0.00000000099999999899 0.05705679618140294812 0.00000000099999999899 0.00000000099999999899 
0.00000000099999999901 0.00008159597769345199 0.00000000099999999901 0.90700240535061382730 0.00000000099999999901 0.00000000099999999901 0.00000000099999999901 0.09291599167169273255 0.00000000099999999901 0.00000000099999999901 
0.00000000099999999874 0.00000000099999999874 0.00000000099999999874 0.91631888290761953630 0.00000000099999999874 0.00000000099999999874 0.00000000099999999874 0.08368110909238035688 0.00000000099999999874 0.00000000099999999874 
0.00000000099999999903 0.00000000099999999903 0.00000000099999999903 0.92956304278235624139 0.00000000099999999903 0.00000000099999999903 0.00000000099999999903 0.07043694921764388772 0.00000000099999999903 0.00000000099999999903 
0.00000000099999999907 0.00000000099999999907 0.00000000099999999907 0.87689258084259114057 0.00000000099999999907 0.00000000099999999907 0.00000000099999999907 0.12310741115740887752 0.00000000099999999907 0.00000000099999999907 
0.00000000099999999940 0.00000000099999999940 0.00000000099999999940 0.87121915845666286771 0.00000000099999999940 0.00000000099999999940 0.00000000099999999940 0.12878083354333727528 0.00000000099999999940 0.00000000099999999940 
0.00000000099999999889 0.00000000099999999889 0.00000000099999999889 0.92628045339615583398 0.00000000099999999889 0.00000000099999999889 0.00000000099999999889 0.07371953860384403145 0.00000000099999999889 0.00000000099999999889 
0.00000000099999999911 0.00000000099999999911 0.00000000099999999911 0.88186553900380459936 0.00000000099999999911 0.00000000099999999911 0.00000000099999999911 0.11813445299619533546 0.00000000099999999911 0.00000000099999999911 
0.00000000099999999983 0.00000000099999999983 0.00000000099999999983 0.86815283423841793642 0.00498755304386752901 0.00000000099999999983 0.00000000099999999983 0.12685960571771459637 0.00000000099999999983 0.00000000099999999983 
0.00000000099999999936 0.00000000099999999936 0.00000000099999999936 0.93112498424353185023 0.00000000099999999936 0.00000000099999999936 0.00000000099999999936 0.06887500775646825113 0.00000000099999999936 0.00000000099999999936 
0.00000000099999999904 0.00000000099999999904 0.00000000099999999904 0.88992827644163796652 0.00000000099999999904 0.00000000099999999904 0.00000000099999999904 0.11007171555836205157 0.00000000099999999904 0.00000000099999999904 
0.00000000099999999890 0.00000000099999999890 0.00000000099999999890 0.94160981952318356658 0.00000000099999999890 0.00000000099999999890 0.00000000099999999890 0.05839017247681646539 0.00000000099999999890 0.00000000099999999890 
0.00270196753152132652 0.00000000099999999981 0.00000000099999999981 0.93424871940700970896 0.00000000099999999981 0.00000000099999999981 0.01468498913853130521 0.04836431792293788973 0.00000000099999999981 0.00000000099999999981 
0.00000000099999999947 0.00000000099999999947 0.00000000099999999947 0.80956670986704015736 0.00000000099999999947 0.00000000099999999947 0.00000000099999999947 0.19043328213295984686 0.00000000099999999947 0.00000000099999999947 
0.00000000099999999938 0.00000000099999999938 0.00000000099999999938 0.89574160305849426233 0.00000000099999999938 0.00000000099999999938 0.00000000099999999938 0.10425838894150579739 0.00000000099999999938 0.00000000099999999938 
0.00000000099999999931 0.00926194251033845423 0.00000000099999999931 0.84109136475983470316 0.00000000099999999931 0.00000000099999999931 0.00000000099999999931 0.14964668572982695038 0.00000000099999999931 0.00000000099999999931 
0.00000000099999999942 0.00000000420376156055 0.00000000099999999942 0.92427768658131859159 0.00000000099999999942 0.00000000099999999942 0.00000000099999999942 0.07572230221491975388 0.00000000099999999942 0.00000000099999999942 
0.00000000099999999924 0.00000000099999999924 0.00000000099999999924 0.85979779676561107760 0.00000000099999999924 0.00000000099999999924 0.00000000099999999924 0.14020219523438903764 0.00000000099999999924 0.00000000099999999924 
0.00000000099999999929 0.00000000099999999929 0.00000000099999999929 0.85924273672175555117 0.00000000099999999929 0.00000000099999999929 0.00000000099999999929 0.14075725527824442529 0.00000000099999999929 0.00000000099999999929 
0.00000000099999999935 0.00000000099999999935 0.00000000099999999935 0.80105769962152140184 0.00000000099999999935 0.00000000099999999935 0.01022386019291078932 0.18871843318556788538 0.00000000099999999935 0.00000000099999999935 
0.00000000099999999966 0.00994517225475149980 0.00000000099999999966 0.95351597197444715182 0.00000000099999999966 0.00000000099999999966 0.00000001015130452091 0.03653883961949695031 0.00000000099999999966 0.00000000099999999966 
0.00000000099999999934 0.00000000099999999934 0.00000000099999999934 0.95669658251042810626 0.00000000099999999934 0.00000000099999999934 0.00000000099999999934 0.04330340948957191877 0.00000000099999999934 0.00000000099999999934 
0.00000000099999999971 0.01886476391587371335 0.00000000099999999971 0.82539400894470538184 0.00000000099999999971 0.00000000099999999971 0.08959099656868692307 0.06615022457073405082 0.00000000099999999971 0.00000000099999999971 
0.00000000099999999918 0.00000000099999999918 0.00000000099999999918 0.92788707587715124614 0.00000000099999999918 0.00000000099999999918 0.00000000099999999918 0.07211291612284882746 0.00000000099999999918 0.00000000099999999918 
0.00000000099999999905 0.00000000099999999905 0.00000000099999999905 0.88533278197196496606 0.00000000099999999905 0.00000000099999999905 0.00000000099999999905 0.11466721002803505203 0.00000000099999999905 0.00000000099999999905 
0.00000000099999999903 0.00000000099999999903 0.00000000099999999903 0.84501667723021645084 0.00000000099999999903 0.00000000099999999903 0.00000000099999999903 0.15498331476978355337 0.00000000099999999903 0.00000000099999999903 
0.00000000099999999906 0.00000000099999999906 0.00000000099999999906 0.86985276986545556621 0.00000000099999999906 0.00000000099999999906 0.00000000099999999906 0.13014722213454457678 0.00000000099999999906 0.00000000099999999906 
0.00000000099999999910 0.00000000099999999910 0.00000000099999999910 0.90641235381153195672 0.00000000099999999910 0.00000000099999999910 0.00000000099999999910 0.09358763818846807525 0.00000000099999999910 0.00000000099999999910 
0.00000000099999999944 0.00000000099999999944 0.00000000099999999944 0.85919711329774817177 0.00000000099999999944 0.00000000099999999944 0.00000000099999999944 0.14080287870225188795 0.00000000099999999944 0.00000000099999999944 
0.00000000099999999907 0.01271400769451990105 0.00000000099999999907 0.89115378529636957161 0.00000000099999999907 0.00000000099999999907 0.00000000099999999907 0.09613220000911064378 0.00000000099999999907 0.00000000099999999907 
0.00000000099999999920 0.00000000099999999920 0.00000000099999999920 0.84654848724746989408 0.00000000099999999920 0.00000000099999999920 0.00000000099999999920 0.15345150475253027667 0.00000000099999999920 0.00000000099999999920 
0.00000000099999999906 0.02182147467347695866 0.00000000099999999906 0.87010376420392931962 0.00000000099999999906 0.00000000099999999906 0.00000000099999999906 0.10807475412259384684 0.00000000099999999906 0.00000000099999999906 
0.00000000099999999920 0.00000000099999999920 0.00000000099999999920 0.85981969854016426780 0.00000000099999999920 0.00000000099999999920 0.00000000099999999920 0.14018029345983576417 0.00000000099999999920 0.00000000099999999920 
0.00000000099999999931 0.00000000099999999931 0.00000000099999999931 0.98663653693060782146 0.00000000099999999931 0.00000000099999999931 0.00000000099999999931 0.01336345506939222959 0.00000000099999999931 0.00000000099999999931 
0.00000000099999999934 0.00000000099999999934 0.00000000099999999934 0.95977282336622959935 0.00000000099999999934 0.00000000099999999934 0.00000000438973301398 0.04022716524403743832 0.00000000099999999934 0.00000000099999999934 
0.00000000099999999910 0.00000000099999999910 0.00000000099999999910 0.90873275432283640018 0.00000000099999999910 0.00000000099999999910 0.00000000099999999910 0.09126723767716365954 0.00000000099999999910 0.00000000099999999910 
0.00000000099999999921 0.00000000426330844147 0.00000000099999999921 0.91470120896974027591 0.00000000099999999921 0.00000000099999999921 0.00015205265294002940 0.08514672811401144403 0.00000000099999999921 0.00000000099999999921 
0.00000000099999999938 0.00000000099999999938 0.00000000099999999938 0.88988500373119538978 0.00000000099999999938 0.00000000099999999938 0.00000000099999999938 0.11011498826880478097 0.00000000099999999938 0.00000000099999999938 
0.00000000099999999938 0.00000000099999999938 0.00000000099999999938 0.94742453814399019141 0.00000000099999999938 0.00000000099999999938 0.00000000099999999938 0.05257545385600983362 0.00000000099999999938 0.00000000099999999938 
0.00000000099999999902 0.00000000099999999902 0.00000000099999999902 0.98184855267892934272 0.00000000099999999902 0.00000000099999999902 0.00000000099999999902 0.01815143932107070660 0.00000000099999999902 0.00000000099999999902 
0.00000000099999999934 0.00000000099999999934 0.00000000099999999934 0.97108292996744505210 0.00000000099999999934 0.00000000099999999934 0.00000000099999999934 0.02891706203255494517 0.00000000099999999934 0.00000000099999999934 
0.00000000099999999905 0.00000000099999999905 0.00000000099999999905 0.91914687006716744300 0.00000000099999999905 0.00000000099999999905 0.00000000099999999905 0.08085312193283267224 0.00000000099999999905 0.00000000099999999905 
0.00000000099999999947 0.00000000099999999947 0.00000000099999999947 0.90654303573902650371 0.00000000099999999947 0.00000000099999999947 0.00000000099999999947 0.09345695626097359765 0.00000000099999999947 0.00000000099999999947 
0.00000000099999999932 0.00000000099999999932 0.00000000099999999932 0.93949860643933302828 0.00000000099999999932 0.00000000099999999932 0.00000000099999999932 0.06050138556066698287 0.00000000099999999932 0.00000000099999999932 
0.00000000099999999944 0.00000000099999999944 0.00000000099999999944 0.93956478868679782490 0.00000000099999999944 0.00000000099999999944 0.00000000099999999944 0.06043520331320223482 0.00000000099999999944 0.00000000099999999944 
0.00000000099999999926 0.00000000099999999926 0.00000000099999999926 0.92888720708924266134 0.00000000099999999926 0.00000000099999999926 0.00000000099999999926 0.07111278491075734287 0.00000000099999999926 0.00000000099999999926 
0.00000000099999999966 0.00000000099999999966 0.00000000099999999966 0.88954310808114855913 0.00000000099999999966 0.00000000099999999966 0.02033616263682997208 0.09012072228202151758 0.00000000099999999966 0.00000000099999999966 
0.00000000099999999980 0.00000000199909160421 0.00000000099999999980 0.92092098905257568919 0.00000000099999999980 0.00000000099999999980 0.02710079680255814485 0.04300069954010591472 0.00897750760566859776 0.00000000099999999980 
0.00000000099999999970 0.00000000099999999970 0.00000000099999999970 0.89649456123906412497 0.00000000099999999970 0.00000000099999999970 0.00000000099999999970 0.09620977816693716822 0.00729565359399876427 0.00000000099999999970 
0.00000000099999999994 0.00000000099999999994 0.00000000099999999994 0.91568456665827957508 0.00412134818850088715 0.00000000099999999994 0.00000000099999999994 0.08019407815321949462 0.00000000099999999994 0.00000000099999999994 
0.00000000099999999975 0.00000000099999999975 0.00000000099999999975 0.94433671747088188120 0.00000000099999999975 0.00000000099999999975 0.00000000099999999975 0.05566327452911815077 0.00000000099999999975 0.00000000099999999975 
0.00000000099999999986 0.00000067632256183694 0.00000000099999999986 0.84989638959110513916 0.00000000099999999986 0.00315187381083312495 0.01194209937806268301 0.13500895589743730496 0.00000000099999999986 0.00000000099999999986 
0.00000000099999999983 0.00000000099999999983 0.00000000099999999983 0.95114603357964144781 0.00000000099999999983 0.00020219057352608829 0.00000000099999999983 0.04589733990385750501 0.00275442994297501022 0.00000000099999999983 
0.00000000099999999925 0.99003062784498041538 0.00000000099999999925 0.00000000099999999925 0.00000000099999999925 0.00000000099999999925 0.00000000099999999925 0.00996936415501974496 0.00000000099999999925 0.00000000099999999925 
0.00000000099999999924 0.99999999100000025454 0.00000000099999999924 0.00000000099999999924 0.00000000099999999924 0.00000000099999999924 0.00000000099999999924 0.00000000099999999924 0.00000000099999999924 0.00000000099999999924 
0.00000000099999999951 0.98643952994278649715 0.00000000099999999951 0.00636320422606565569 0.00000000099999999951 0.00000000099999999951 0.00000000099999999951 0.00719725883114794539 0.00000000099999999951 0.00000000099999999951 
0.00000000099999999978 0.99999999100000014352 0.00000000099999999978 0.00000000099999999978 0.00000000099999999978 0.00000000099999999978 0.00000000099999999978 0.00000000099999999978 0.00000000099999999978 0.00000000099999999978 
0.00000000099999999918 0.99006692879207458535 0.00000000099999999918 0.00000000099999999918 0.00000000099999999918 0.00000000099999999918 0.00780304618830840718 0.00213001801961723840 0.00000000099999999918 0.00000000099999999918 
0.00000000099999999933 0.99879598275207126523 0.00000000099999999933 0.00000000099999999933 0.00000000099999999933 0.00000000099999999933 0.00000000099999999933 0.00120400924792902391 0.00000000099999999933 0.00000000099999999933 
0.00000000099999999951 0.98886534082408195090 0.00000000099999999951 0.00000000099999999951 0.00000000099999999951 0.00000000099999999951 0.00522677323429984655 0.00590787894161837451 0.00000000099999999951 0.00000000099999999951 
0.00000000099999999940 0.99287962197646006945 0.00000000099999999940 0.00000000099999999940 0.00000000099999999940 0.00000000099999999940 0.00000000099999999940 0.00712037002354021578 0.00000000099999999940 0.00000000099999999940 
0.00000000099999999931 0.99559370942381519853 0.00000000099999999931 0.00000000099999999931 0.00000000099999999931 0.00000000099999999931 0.00000000099999999931 0.00440628257618493405 0.00000000099999999931 0.00000000099999999931 
0.00000000099999999965 0.99999998865158501449 0.00000000099999999965 0.00000000099999999965 0.00000000099999999965 0.00000000099999999965 0.00000000334841508132 0.00000000099999999965 0.00000000099999999965 0.00000000099999999965 
0.00000000099999999930 0.99999999100000025454 0.00000000099999999930 0.00000000099999999930 0.00000000099999999930 0.00000000099999999930 0.00000000099999999930 0.00000000099999999930 0.00000000099999999930 0.00000000099999999930 
0.00000000099999999919 0.97828663381506286711 0.00000000099999999919 0.00923459766310059070 0.00000000099999999919 0.00000000099999999919 0.00941014781381948641 0.00306861470801704592 0.00000000099999999919 0.00000000099999999919 
0.00000000099999999925 0.99999999100000025454 0.00000000099999999925 0.00000000099999999925 0.00000000099999999925 0.00000000099999999925 0.00000000099999999925 0.00000000099999999925 0.00000000099999999925 0.00000000099999999925 
0.00000000099999999936 0.99651976778369177890 0.00000000099999999936 0.00000000099999999936 0.00000000099999999936 0.00000000099999999936 0.00348022421630845733 0.00000000099999999936 0.00000000099999999936 0.00000000099999999936 
0.00000000099999999957 0.99903322293213514538 0.00000000099999999957 0.00000000099999999957 0.00000000099999999957 0.00096676906786487477 0.00000000099999999957 0.00000000099999999957 0.00000000099999999957 0.00000000099999999957 
0.00000000099999999936 0.96264070221204500744 0.00000000099999999936 0.00000000099999999936 0.00000000099999999936 0.00000000099999999936 0.00000000099999999936 0.03735928978795519800 0.00000000099999999936 0.00000000099999999936 
0.00000000099999999949 0.98911661919171134372 0.00000000099999999949 0.00757322664564576403 0.00000000099999999949 0.00000000099999999949 0.00329064748631084690 0.00001950067633224690 0.00000000099999999949 0.00000000099999999949 
0.00000000099999999901 0.99999999100000025454 0.00000000099999999901 0.00000000099999999901 0.00000000099999999901 0.00000000099999999901 0.00000000099999999901 0.00000000099999999901 0.00000000099999999901 0.00000000099999999901 
0.00378914376701110917 0.94862393101142450380 0.00000000099999999964 0.00670376206812515509 0.00000000099999999964 0.00000000099999999964 0.01314483731062016970 0.02773832084281917937 0.00000000099999999964 0.00000000099999999964 
0.00000000099999999994 0.90690623352370836052 0.00000000099999999994 0.00285091336419733598 0.00169931177097018267 0.00000000099999999994 0.01423055713837145103 0.07431297920275269087 0.00000000099999999994 0.00000000099999999994 
0.00000000099999999973 0.96380114969189878416 0.00000000099999999973 0.01770157291669354968 0.00000000099999999973 0.00000000099999999973 0.01849727039140789883 0.00000000099999999973 0.00000000099999999973 0.00000000099999999973 
0.00000000099999999986 0.92020092818535614843 0.00000000099999999986 0.00000000099999999986 0.00000000099999999986 0.00000000099999999986 0.00000000099999999986 0.07089834572831840709 0.00890071908632559562 0.00000000099999999986 
0.00377929783937162520 0.87143674076165644760 0.00000000099999999968 0.06240372007490378042 0.00000000099999999968 0.00000000099999999968 0.00000000099999999968 0.06238023532406815341 0.00000000099999999968 0.00000000099999999968 
0.00204896656509859611 0.89101421986683315701 0.00000000099999999991 0.00377090862913005698 0.00000000099999999991 0.00000000099999999991 0.02345856737253236915 0.07765884255330211816 0.00000000099999999991 0.00204849101310393671 
0.00000000099999999987 0.96319480637802368239 0.00000000099999999987 0.00000000099999999987 0.00136403408916018344 0.00000000099999999987 0.01171124918955541820 0.02372990434326097825 0.00000000099999999987 0.00000000099999999987 
0.00000000099999999994 0.88391523957928841426 0.00000000099999999994 0.00000000099999999994 0.00000000099999999994 0.00000337870923001625 0.03912939474447937882 0.07444093720895586519 0.00000000099999999994 0.00251104475804631716 
0.00382038046004423183 0.90780400326654053789 0.00000000099999999972 0.00000000099999999972 0.00000000099999999972 0.00000000099999999972 0.03163288728194331434 0.05674272299147188614 0.00000000099999999972 0.00000000099999999972 
0.00000000099999999988 0.94254977266179840178 0.00000000099999999988 0.00000000099999999988 0.00134288532455094042 0.00000000099999999988 0.00412426914116110436 0.05198306687248958891 0.00000000099999999988 0.00000000099999999988 
0.00190968687988038888 0.96290541589856482041 0.00000000099999999974 0.00000000099999999974 0.00000000099999999974 0.00000000099999999974 0.00000000099999999974 0.03518489022155501383 0.00000000099999999974 0.00000000099999999974 
0.00000000099999999968 0.91906913328817185782 0.00000000099999999968 0.00000000099999999968 0.00000000099999999968 0.00000000099999999968 0.00000002821531694368 0.08093083149651124353 0.00000000099999999968 0.00000000099999999968 
0.00000000099999999990 0.92144520394802786889 0.00060821281604091671 0.00000000099999999990 0.00118173750326352632 0.00000000099999999990 0.00947988567430455009 0.06728495505836322443 0.00000000099999999990 0.00000000099999999990 
0.00000000099999999978 0.88001421595926776487 0.00000000099999999978 0.00000000480461891835 0.00000000099999999978 0.00000000099999999978 0.06679115050329328951 0.04786572867440579138 0.00532889505841429873 0.00000000099999999978 
0.00000000099999999993 0.90108738587292247502 0.00000000099999999993 0.00000000099999999993 0.00190607059327888820 0.00033567380431907660 0.02152958327874963593 0.06901342727550928424 0.00612785517522077688 0.00000000099999999993 
0.00000000099999999979 0.95349223072074185126 0.00000000099999999979 0.00383420593325707387 0.00000000099999999979 0.00000000099999999979 0.00433624392497801089 0.03833731342102313089 0.00000000099999999979 0.00000000099999999979 
0.00000000099999999961 0.89495622366480098719 0.00000000099999999961 0.00000000099999999961 0.00000000099999999961 0.00000000099999999961 0.00000017697000838875 0.10504359236519089649 0.00000000099999999961 0.00000000099999999961 
0.00000000099999999939 0.88303352842788984667 0.00000000099999999939 0.02767389374037297275 0.00000000099999999939 0.00000000099999999939 0.01055975327866048169 0.07873281855307678878 0.00000000099999999939 0.00000000099999999939 
0.00000000099999999981 0.89561159222101427435 0.00000000099999999981 0.04716300429007454914 0.00000000099999999981 0.00000000099999999981 0.00000000099999999981 0.05722539648891128428 0.00000000099999999981 0.00000000099999999981 
0.00000000099999999997 0.75385778351382637386 0.00910823724939139809 0.12569204613695983408 0.00000000099999999997 0.00331771858982903185 0.04547796164856927198 0.06254624886142400031 0.00000000099999999997 0.00000000099999999997 
0.00425769042554538599 0.40064860978676386516 0.00000000099999999998 0.10579161772334416680 0.00000000099999999998 0.00000000099999999998 0.34609029989689543694 0.14321177716745114861 0.00000000099999999998 0.00000000099999999998 
0.02243807005108084535 0.64228443276818136809 0.00000000099999999998 0.25709468479679908892 0.00000000099999999998 0.00000000099999999998 0.00005285566678495899 0.07812995171715392262 0.00000000099999999998 0.00000000099999999998 
0.00000000099999999950 0.90213950197324987990 0.00000000099999999950 0.01350618957059975325 0.00000000099999999950 0.00623231272979108981 0.01249431012577540204 0.06562768060058382646 0.00000000099999999950 0.00000000099999999950 
0.02309794536882889965 0.75584081388876112051 0.00000000099999999997 0.00636155380147097362 0.00000000099999999997 0.00000000099999999997 0.09948817250170366444 0.11521150943923545718 0.00000000099999999997 0.00000000099999999997 
0.00000000099999999998 0.34135565125021083421 0.00264668495675855937 0.00213239664919099127 0.00000000099999999998 0.00000000099999999998 0.45006860576920076911 0.20379665637463892369 0.00000000099999999998 0.00000000099999999998 
0.00000000099999999977 0.94568692946554933076 0.00000000099999999977 0.02558204956356953039 0.00000000099999999977 0.00000000099999999977 0.01090629458597674496 0.01782472038490454797 0.00000000099999999977 0.00000000099999999977 
0.00000000256115432829 0.54523804032505229777 0.00000000099999999998 0.44189958540459889358 0.00000000099999999998 0.01070848796577776769 0.00215387608359371863 0.00000000365982301306 0.00000000099999999998 0.00000000099999999998 
0.00000000099999999977 0.87681781157406013527 0.00000000099999999977 0.00000831869217950556 0.00000000099999999977 0.01612394007404373622 0.06444004667141295384 0.04260987798830371404 0.00000000099999999977 0.00000000099999999977 
0.00000000099999999988 0.96178965289178586229 0.00000000099999999988 0.00000055550180603533 0.00000000099999999988 0.00196469956511395854 0.01774818501302591681 0.01849690202826815080 0.00000000099999999988 0.00000000099999999988 
0.00000000099999999952 0.88585233320635248244 0.00000000099999999952 0.07497045670156711472 0.00000000099999999952 0.00814373518877919630 0.01756914637872026078 0.01346432352458090329 0.00000000099999999952 0.00000000099999999952 
0.00000000099999999986 0.89082208447966459985 0.00000000099999999986 0.06409670044209836437 0.00000000099999999986 0.00198806980155682034 0.02117756410447047682 0.02191557617220988088 0.00000000099999999986 0.00000000099999999986 
0.00000000099999999914 0.91669257942778381576 0.00000000099999999914 0.03197007283345180972 0.00000000099999999914 0.00000000099999999914 0.00737848572369629967 0.04395885601506818036 0.00000000099999999914 0.00000000099999999914 
