0.00000000099999999816 0.99999999200000011523 0.00000000099999999816 0.00000000099999999816 0.00000000099999999816 0.00000000099999999816 0.00000000099999999816 0.00000000099999999816 0.00000000099999999816 
0.00000000099999999825 0.99999999200000011523 0.00000000099999999825 0.00000000099999999825 0.00000000099999999825 0.00000000099999999825 0.00000000099999999825 0.00000000099999999825 0.00000000099999999825 
0.00000000099999999822 0.99999999200000000421 0.00000000099999999822 0.00000000099999999822 0.00000000099999999822 0.00000000099999999822 0.00000000099999999822 0.00000000099999999822 0.00000000099999999822 
0.00000000099999999825 0.99999999200000000421 0.00000000099999999825 0.00000000099999999825 0.00000000099999999825 0.00000000099999999825 0.00000000099999999825 0.00000000099999999825 0.00000000099999999825 
0.00000000099999999829 0.99999999200000000421 0.00000000099999999829 0.00000000099999999829 0.00000000099999999829 0.00000000099999999829 0.00000000099999999829 0.00000000099999999829 0.00000000099999999829 
0.00000000099999999833 0.99999999200000011523 0.00000000099999999833 0.00000000099999999833 0.00000000099999999833 0.00000000099999999833 0.00000000099999999833 0.00000000099999999833 0.00000000099999999833 
0.00000000099999999821 0.99999999200000011523 0.00000000099999999821 0.00000000099999999821 0.00000000099999999821 0.00000000099999999821 0.00000000099999999821 0.00000000099999999821 0.00000000099999999821 
0.00000000099999999836 0.99999999200000000421 0.00000000099999999836 0.00000000099999999836 0.00000000099999999836 0.00000000099999999836 0.00000000099999999836 0.00000000099999999836 0.00000000099999999836 
0.00000000099999999825 0.99999999200000011523 0.00000000099999999825 0.00000000099999999825 0.00000000099999999825 0.00000000099999999825 0.00000000099999999825 0.00000000099999999825 0.00000000099999999825 
0.00000000099999999835 0.99999999200000011523 0.00000000099999999835 0.00000000099999999835 0.00000000099999999835 0.00000000099999999835 0.00000000099999999835 0.00000000099999999835 0.00000000099999999835 
0.00000000099999999830 0.99999999200000000421 0.00000000099999999830 0.00000000099999999830 0.00000000099999999830 0.00000000099999999830 0.00000000099999999830 0.00000000099999999830 0.00000000099999999830 
0.00000000099999999861 0.99999999200000000421 0.00000000099999999861 0.00000000099999999861 0.00000000099999999861 0.00000000099999999861 0.00000000099999999861 0.00000000099999999861 0.00000000099999999861 
0.00000000099999999828 0.99999999200000000421 0.00000000099999999828 0.00000000099999999828 0.00000000099999999828 0.00000000099999999828 0.00000000099999999828 0.00000000099999999828 0.00000000099999999828 
0.00000000099999999825 0.99999999200000000421 0.00000000099999999825 0.00000000099999999825 0.00000000099999999825 0.00000000099999999825 0.00000000099999999825 0.00000000099999999825 0.00000000099999999825 
0.00000000099999999828 0.99999999200000000421 0.00000000099999999828 0.00000000099999999828 0.00000000099999999828 0.00000000099999999828 0.00000000099999999828 0.00000000099999999828 0.00000000099999999828 
0.00000000099999999827 0.99999999200000011523 0.00000000099999999827 0.00000000099999999827 0.00000000099999999827 0.00000000099999999827 0.00000000099999999827 0.00000000099999999827 0.00000000099999999827 
0.00000000099999999826 0.99999999200000000421 0.00000000099999999826 0.00000000099999999826 0.00000000099999999826 0.00000000099999999826 0.00000000099999999826 0.00000000099999999826 0.00000000099999999826 
0.00000000099999999839 0.99999999200000000421 0.00000000099999999839 0.00000000099999999839 0.00000000099999999839 0.00000000099999999839 0.00000000099999999839 0.00000000099999999839 0.00000000099999999839 
0.00000000099999999843 0.99999999200000000421 0.00000000099999999843 0.00000000099999999843 0.00000000099999999843 0.00000000099999999843 0.00000000099999999843 0.00000000099999999843 0.00000000099999999843 
0.00000000099999999840 0.99999999200000000421 0.00000000099999999840 0.00000000099999999840 0.00000000099999999840 0.00000000099999999840 0.00000000099999999840 0.00000000099999999840 0.00000000099999999840 
0.00000000099999999831 0.99999999200000011523 0.00000000099999999831 0.00000000099999999831 0.00000000099999999831 0.00000000099999999831 0.00000000099999999831 0.00000000099999999831 0.00000000099999999831 
0.00000000099999999834 0.99999999200000000421 0.00000000099999999834 0.00000000099999999834 0.00000000099999999834 0.00000000099999999834 0.00000000099999999834 0.00000000099999999834 0.00000000099999999834 
0.00000000099999999834 0.99999999200000011523 0.00000000099999999834 0.00000000099999999834 0.00000000099999999834 0.00000000099999999834 0.00000000099999999834 0.00000000099999999834 0.00000000099999999834 
0.00000000099999999836 0.99999999200000011523 0.00000000099999999836 0.00000000099999999836 0.00000000099999999836 0.00000000099999999836 0.00000000099999999836 0.00000000099999999836 0.00000000099999999836 
0.00000000099999999886 0.99999999200000011523 0.00000000099999999886 0.00000000099999999886 0.00000000099999999886 0.00000000099999999886 0.00000000099999999886 0.00000000099999999886 0.00000000099999999886 
0.00000000099999999832 0.99999999200000000421 0.00000000099999999832 0.00000000099999999832 0.00000000099999999832 0.00000000099999999832 0.00000000099999999832 0.00000000099999999832 0.00000000099999999832 
0.00000000099999999838 0.99999999200000000421 0.00000000099999999838 0.00000000099999999838 0.00000000099999999838 0.00000000099999999838 0.00000000099999999838 0.00000000099999999838 0.00000000099999999838 
0.00000000099999999840 0.99999999200000000421 0.00000000099999999840 0.00000000099999999840 0.00000000099999999840 0.00000000099999999840 0.00000000099999999840 0.00000000099999999840 0.00000000099999999840 
0.00000000099999999841 0.99999999200000011523 0.00000000099999999841 0.00000000099999999841 0.00000000099999999841 0.00000000099999999841 0.00000000099999999841 0.00000000099999999841 0.00000000099999999841 
0.00000000099999999837 0.99999999200000011523 0.00000000099999999837 0.00000000099999999837 0.00000000099999999837 0.00000000099999999837 0.00000000099999999837 0.00000000099999999837 0.00000000099999999837 
0.00000000099999999863 0.99999999200000011523 0.00000000099999999863 0.00000000099999999863 0.00000000099999999863 0.00000000099999999863 0.00000000099999999863 0.00000000099999999863 0.00000000099999999863 
0.00000000099999999887 0.99999999200000011523 0.00000000099999999887 0.00000000099999999887 0.00000000099999999887 0.00000000099999999887 0.00000000099999999887 0.00000000099999999887 0.00000000099999999887 
0.00000000099999999854 0.99999999200000000421 0.00000000099999999854 0.00000000099999999854 0.00000000099999999854 0.00000000099999999854 0.00000000099999999854 0.00000000099999999854 0.00000000099999999854 
0.00000000099999999874 0.99999999200000011523 0.00000000099999999874 0.00000000099999999874 0.00000000099999999874 0.00000000099999999874 0.00000000099999999874 0.00000000099999999874 0.00000000099999999874 
0.00000000099999999855 0.99999999200000000421 0.00000000099999999855 0.00000000099999999855 0.00000000099999999855 0.00000000099999999855 0.00000000099999999855 0.00000000099999999855 0.00000000099999999855 
0.00000000099999999869 0.99999999200000000421 0.00000000099999999869 0.00000000099999999869 0.00000000099999999869 0.00000000099999999869 0.00000000099999999869 0.00000000099999999869 0.00000000099999999869 
0.00000000099999999858 0.99999999200000011523 0.00000000099999999858 0.00000000099999999858 0.00000000099999999858 0.00000000099999999858 0.00000000099999999858 0.00000000099999999858 0.00000000099999999858 
0.00000000099999999859 0.99999999200000000421 0.00000000099999999859 0.00000000099999999859 0.00000000099999999859 0.00000000099999999859 0.00000000099999999859 0.00000000099999999859 0.00000000099999999859 
0.00000000099999999866 0.99999999200000000421 0.00000000099999999866 0.00000000099999999866 0.00000000099999999866 0.00000000099999999866 0.00000000099999999866 0.00000000099999999866 0.00000000099999999866 
0.00000000099999999888 0.99999999200000011523 0.00000000099999999888 0.00000000099999999888 0.00000000099999999888 0.00000000099999999888 0.00000000099999999888 0.00000000099999999888 0.00000000099999999888 
0.00000000099999999856 0.99999999200000000421 0.00000000099999999856 0.00000000099999999856 0.00000000099999999856 0.00000000099999999856 0.00000000099999999856 0.00000000099999999856 0.00000000099999999856 
0.00000000099999999871 0.99999999200000011523 0.00000000099999999871 0.00000000099999999871 0.00000000099999999871 0.00000000099999999871 0.00000000099999999871 0.00000000099999999871 0.00000000099999999871 
0.00000000099999999861 0.99999999200000000421 0.00000000099999999861 0.00000000099999999861 0.00000000099999999861 0.00000000099999999861 0.00000000099999999861 0.00000000099999999861 0.00000000099999999861 
0.00000000099999999857 0.99999999200000011523 0.00000000099999999857 0.00000000099999999857 0.00000000099999999857 0.00000000099999999857 0.00000000099999999857 0.00000000099999999857 0.00000000099999999857 
0.00000000099999999872 0.99999999200000000421 0.00000000099999999872 0.00000000099999999872 0.00000000099999999872 0.00000000099999999872 0.00000000099999999872 0.00000000099999999872 0.00000000099999999872 
0.00000000099999999862 0.99999999200000011523 0.00000000099999999862 0.00000000099999999862 0.00000000099999999862 0.00000000099999999862 0.00000000099999999862 0.00000000099999999862 0.00000000099999999862 
0.00000000099999999868 0.99999999200000000421 0.00000000099999999868 0.00000000099999999868 0.00000000099999999868 0.00000000099999999868 0.00000000099999999868 0.00000000099999999868 0.00000000099999999868 
0.00000000099999999898 0.99999999200000000421 0.00000000099999999898 0.00000000099999999898 0.00000000099999999898 0.00000000099999999898 0.00000000099999999898 0.00000000099999999898 0.00000000099999999898 
0.00000000099999999899 0.99999999200000000421 0.00000000099999999899 0.00000000099999999899 0.00000000099999999899 0.00000000099999999899 0.00000000099999999899 0.00000000099999999899 0.00000000099999999899 
0.00000000099999999915 0.99999999200000022626 0.00000000099999999915 0.00000000099999999915 0.00000000099999999915 0.00000000099999999915 0.00000000099999999915 0.00000000099999999915 0.00000000099999999915 
0.00000000099999999949 0.99999999200000011523 0.00000000099999999949 0.00000000099999999949 0.00000000099999999949 0.00000000099999999949 0.00000000099999999949 0.00000000099999999949 0.00000000099999999949 
0.00000000099999999966 0.00000000099999999966 0.00000000099999999966 0.00000000099999999966 0.00000000099999999966 0.00000000099999999966 0.40185502498214564771 0.00000000099999999966 0.59814496801785432822 
0.00000000099999999916 0.00000000099999999916 0.00000000099999999916 0.00000000099999999916 0.00000000099999999916 0.00000000099999999916 0.44288009055829563598 0.00000000099999999916 0.55711990244170428443 
0.00000000099999999975 0.00000000099999999975 0.00000000099999999975 0.00000000099999999975 0.00000000099999999975 0.00000000099999999975 0.48770452024722360518 0.00000000099999999975 0.51229547275277631524 
0.00000000099999999885 0.00000000099999999885 0.00000000099999999885 0.00000000099999999885 0.00000000099999999885 0.00000000099999999885 0.39138159109700149108 0.00000000099999999885 0.60861840190299842934 
0.00000000099999999904 0.00000000099999999904 0.00000000099999999904 0.00000000099999999904 0.00000000099999999904 0.00000000099999999904 0.39498663580440845911 0.00000000099999999904 0.60501335719559157234 
0.00000000099999999883 0.00000000099999999883 0.00000000099999999883 0.00000000099999999883 0.00000000099999999883 0.00000000099999999883 0.40120533899937504962 0.00000000099999999883 0.59879465400062503733 
0.00000000099999999940 0.00000000099999999940 0.00000000099999999940 0.00000000099999999940 0.00000000099999999940 0.00000000099999999940 0.39342742038023548190 0.00000000099999999940 0.60657257261976438301 
0.00000000099999999903 0.00000000099999999903 0.00000000099999999903 0.00000000099999999903 0.00000000099999999903 0.00000000099999999903 0.37283946633896203338 0.00000000099999999903 0.62716052666103794255 
0.00000000099999999924 0.00000000099999999924 0.00000000099999999924 0.00000000099999999924 0.00000000099999999924 0.00000000099999999924 0.40425233203587968012 0.00000000099999999924 0.59574766096412035132 
0.00000000099999999920 0.00000000099999999920 0.00000000099999999920 0.01895448950300016033 0.00000000099999999920 0.00000000099999999920 0.38789045576822217543 0.00000000099999999920 0.59315504872877755638 
0.00000000099999999902 0.00000000099999999902 0.00000000099999999902 0.00000000099999999902 0.00000000099999999902 0.00000000099999999902 0.42461757358727875156 0.00000000099999999902 0.57538241941272127988 
0.00000000099999999894 0.00000000099999999894 0.00000000099999999894 0.00000000099999999894 0.00000000099999999894 0.00000000099999999894 0.42091575817468190879 0.00000000099999999894 0.57908423482531812265 
0.00000000099999999908 0.00000000099999999908 0.00000000099999999908 0.01745627748907394375 0.00000000099999999908 0.00000000099999999908 0.41861577714886499813 0.00000000099999999908 0.56392793936206120353 
0.00000000099999999918 0.00000000099999999918 0.00000000099999999918 0.00000000099999999918 0.00000000099999999918 0.00000000099999999918 0.42929797714066042502 0.00000000099999999918 0.57070201585933943988 
0.00000000099999999980 0.00000000099999999980 0.00000000099999999980 0.00000000099999999980 0.00000000099999999980 0.00000000099999999980 0.38380888145438118997 0.00000000099999999980 0.61619111154561867494 
0.00000000099999999884 0.00000000099999999884 0.00000000099999999884 0.00000000099999999884 0.00000000099999999884 0.00000000099999999884 0.39272356442349026784 0.00000000099999999884 0.60727642857650976360 
0.00000000099999999935 0.00000000099999999935 0.00000000099999999935 0.00000000099999999935 0.00000000099999999935 0.00000000099999999935 0.48781360609092294656 0.00000000099999999935 0.51218638690907702937 
0.00000000099999999978 0.00000000099999999978 0.00000000099999999978 0.00037476950853909647 0.00000000099999999978 0.00000000099999999978 0.48266308789947498514 0.00000000099999999978 0.51696213659198597679 
0.00000000099999999908 0.00000000099999999908 0.00000000099999999908 0.00000000099999999908 0.00000000099999999908 0.00000000099999999908 0.43051820408705443466 0.00000000099999999908 0.56948178891294554127 
0.00000000099999999914 0.00000000099999999914 0.00000000099999999914 0.00000000099999999914 0.00000000099999999914 0.00000000099999999914 0.41785877938529020215 0.00000000099999999914 0.58214121361470971827 
0.00000000099999999920 0.00000000099999999920 0.00000000099999999920 0.00000000099999999920 0.00000000099999999920 0.00000000099999999920 0.41052764094509058834 0.00000000099999999920 0.58947235205490944310 
0.00000000099999999885 0.00000000099999999885 0.00000000099999999885 0.00000000099999999885 0.00000000099999999885 0.00000000099999999885 0.40708497189512821146 0.00000000099999999885 0.59291502110487170896 
0.00000000099999999926 0.00000000099999999926 0.00000000099999999926 0.00000000099999999926 0.00000000099999999926 0.00000000099999999926 0.44232437578640620979 0.00000000099999999926 0.55767561721359382165 
0.00000000099999999918 0.00000000099999999918 0.00000000099999999918 0.00000000099999999918 0.00000000099999999918 0.00000000099999999918 0.46345279198392980158 0.00000000099999999918 0.53654720101607011884 
0.00000000099999999952 0.00000000099999999952 0.00000000099999999952 0.00000000099999999952 0.00000000099999999952 0.00000000099999999952 0.49320815886477936685 0.00000000099999999952 0.50679183413522066459 
0.00000000099999999903 0.00000000099999999903 0.00000000099999999903 0.00000000099999999903 0.00000000099999999903 0.00000000099999999903 0.40402154320355554429 0.00000000099999999903 0.59597844979644454266 
0.00000000099999999925 0.00000000099999999925 0.00000000099999999925 0.00000000099999999925 0.00000000099999999925 0.00000000099999999925 0.46540233809598752224 0.00000000099999999925 0.53459765490401234267 
0.00000000099999999985 0.00000034010767556614 0.00268097079774610265 0.00000000099999999985 0.00335247150070301387 0.00000000099999999985 0.45196669284723284266 0.00000000099999999985 0.54199952074664237145 
0.00000000099999999954 0.00000000099999999954 0.00000000099999999954 0.00273908113278214550 0.00000000099999999954 0.00000000099999999954 0.39214079962583697769 0.00000000099999999954 0.60512011324138081925 
0.00000000099999999932 0.00000000099999999932 0.00000000099999999932 0.00000000099999999932 0.00000000099999999932 0.00000000099999999932 0.44981907653747682518 0.00000000099999999932 0.55018091646252320626 
0.00000000099999999909 0.00000000099999999909 0.00000000099999999909 0.00000000099999999909 0.00000000099999999909 0.00000000099999999909 0.38281313382629794662 0.00000000099999999909 0.61718685917370208482 
0.00000000099999999968 0.00000000099999999968 0.00504165352452266066 0.00000000099999999968 0.00000000099999999968 0.00000000099999999968 0.42203045095955299404 0.00000000099999999968 0.57292788951592432678 
0.00000000099999999952 0.00000000099999999952 0.00000000099999999952 0.00000000099999999952 0.00000000099999999952 0.00000000099999999952 0.53826648514735642159 0.00000000099999999952 0.46173350785264355434 
0.00000000099999999949 0.00000000099999999949 0.00000000099999999949 0.00000000099999999949 0.00000000099999999949 0.00000000099999999949 0.45847468214480635584 0.00000000099999999949 0.54152531085519362009 
0.00000000099999999929 0.00000000099999999929 0.00000000099999999929 0.00000000099999999929 0.00000000099999999929 0.00000000099999999929 0.47070272370795268602 0.00000000099999999929 0.52929726929204734542 
0.00000000099999999944 0.00000000099999999944 0.00000000099999999944 0.00000000099999999944 0.00000000099999999944 0.00000000099999999944 0.42095480648475946950 0.00000000099999999944 0.57904518651524050643 
0.00000000099999999929 0.00000000099999999929 0.00000000099999999929 0.00000000099999999929 0.00000000099999999929 0.00000000099999999929 0.48259421531293450469 0.00000000099999999929 0.51740577768706552675 
0.00000000099999999938 0.00000000099999999938 0.00000000099999999938 0.00000000099999999938 0.00000000099999999938 0.00000000099999999938 0.47967639950327423115 0.00000000099999999938 0.52032359349672585580 
0.00000000099999999933 0.00000000099999999933 0.00000000099999999933 0.00000000099999999933 0.00000000099999999933 0.00000000099999999933 0.51761836106836356386 0.00000000099999999933 0.48238163193163646758 
0.00000000099999999973 0.00000000099999999973 0.00360724824969564000 0.00000000099999999973 0.00000000099999999973 0.00000000099999999973 0.41307533370774851544 0.00000000099999999973 0.58331741204255593836 
0.00000000099999999961 0.00000000099999999961 0.00000000099999999961 0.00000000099999999961 0.00000000099999999961 0.00000000099999999961 0.42371661543804534089 0.00000000099999999961 0.57628337756195457953 
0.00000000099999999978 0.00010848416994082721 0.00000000099999999978 0.00000000099999999978 0.00000000099999999978 0.00000000099999999978 0.43544067638313277424 0.00000000099999999978 0.56445083344692636995 
0.00000000099999999946 0.00000000099999999946 0.00000000099999999946 0.00000000099999999946 0.00000000099999999946 0.00000000099999999946 0.41105178637344086390 0.00000000099999999946 0.58894820662655900101 
0.00000000099999999910 0.00000000099999999910 0.00000000099999999910 0.00000000099999999910 0.00000000099999999910 0.00000000099999999910 0.47464268440964707541 0.00000000099999999910 0.52535730859035301155 
0.00000000099999999906 0.00000000099999999906 0.00000000099999999906 0.00000000099999999906 0.00000000099999999906 0.00000000099999999906 0.45451780176693301616 0.00000000099999999906 0.54548219123306707079 
0.00000000099999999913 0.00000000099999999913 0.00000000099999999913 0.00000000099999999913 0.00000000099999999913 0.00000000099999999913 0.47047570024436247138 0.00000000099999999913 0.52952429275563750455 
0.00000000099999999921 0.00000000099999999921 0.00000000099999999921 0.00000000099999999921 0.00000000099999999921 0.00000000099999999921 0.45192307651642105171 0.00000000099999999921 0.54807691648357903524 
0.00000000099999999963 0.00000000099999999963 0.00233350281535033488 0.00000000099999999963 0.00000000099999999963 0.00000000099999999963 0.47935440578707455561 0.00000000099999999963 0.51831208539757511744 
0.00000000099999999905 0.00000000099999999905 0.00000000099999999905 0.00000000099999999905 0.00000000099999999905 0.00000000099999999905 0.44665935403660766978 0.00000000099999999905 0.55334063896339236166 
0.00000000099999999939 0.00000000099999999939 0.00000000099999999939 0.00000000099999999939 0.00000000099999999939 0.00000000099999999939 0.49826646478959213393 0.00000000099999999939 0.50173352821040795302 
0.00000000099999999914 0.00000000099999999914 0.00000000099999999914 0.00000000099999999914 0.00000000099999999914 0.00000000099999999914 0.43267609157164521605 0.00000000099999999914 0.56732390142835487090 
0.00000000099999999923 0.00000000099999999923 0.00000000099999999923 0.00000000099999999923 0.00000000099999999923 0.00000000099999999923 0.48682609496889289735 0.00000000099999999923 0.51317389803110713409 
0.00000000099999999939 0.00000000099999999939 0.00000000099999999939 0.00000000099999999939 0.00000000099999999939 0.00000000099999999939 0.46040381466034713265 0.00000000099999999939 0.53959617833965278777 
0.00000000099999999942 0.00000000099999999942 0.00000000099999999942 0.00000000099999999942 0.00000000099999999942 0.00000000099999999942 0.41787937063053609554 0.00000000099999999942 0.58212062236946382487 
0.00000000099999999926 0.00000000099999999926 0.00000000099999999926 0.00000000099999999926 0.00000000099999999926 0.00000000099999999926 0.44252276934483808501 0.00000000099999999926 0.55747722365516194643 
0.00000000099999999924 0.00000000099999999924 0.00000000099999999924 0.00000000099999999924 0.00000000099999999924 0.00000000099999999924 0.42445601329120291600 0.00000000099999999924 0.57554397970879711544 
0.00000000099999999951 0.00000000099999999951 0.00000000099999999951 0.00000000099999999951 0.00000000099999999951 0.00000000099999999951 0.43586648236501457365 0.00000000099999999951 0.56413351063498551330 
0.00000000099999999949 0.00131307191210536115 0.00000000099999999949 0.00000000099999999949 0.00000000099999999949 0.00000000099999999949 0.45212871292982309557 0.00000000099999999949 0.54655820915807140636 
0.00000000099999999916 0.00000000099999999916 0.00000000099999999916 0.00000000099999999916 0.00000000099999999916 0.00000000099999999916 0.43992159980733142044 0.00000000099999999916 0.56007839319266838896 
0.00000000099999999953 0.00000000099999999953 0.00000000099999999953 0.00000000099999999953 0.00000000099999999953 0.00000000099999999953 0.42611943846068700559 0.00000000099999999953 0.57388055453931297034 
0.00000000099999999907 0.00000000099999999907 0.00000000099999999907 0.00000000099999999907 0.00000000099999999907 0.00000000099999999907 0.46750826346518759014 0.00000000099999999907 0.53249172953481249682 
0.00000000099999999967 0.00000000099999999967 0.00000000099999999967 0.00000000099999999967 0.00000000099999999967 0.00000000099999999967 0.49100287724404889644 0.00000000099999999967 0.50899711575595107949 
0.00000000099999999954 0.00180235074127024753 0.00000000099999999954 0.00000000099999999954 0.00000000099999999954 0.00000000099999999954 0.46175101848471872268 0.00000000099999999954 0.53644662477401094947 
0.00080494336677802345 0.00000000099999999976 0.00000000099999999976 0.00000000099999999976 0.00000000099999999976 0.00000000099999999976 0.47828377351550510621 0.00000000099999999976 0.52091127711771678666 
0.00000000099999999955 0.00000000099999999955 0.00000000099999999955 0.00000000099999999955 0.00000000099999999955 0.00000000099999999955 0.43272254249789854352 0.00000000099999999955 0.56727745050210154343 
0.00000000099999999969 0.00000000099999999969 0.00000000099999999969 0.00000000099999999969 0.00000000099999999969 0.00000000099999999969 0.49896972731705413473 0.00000000099999999969 0.50103026568294584120 
0.00000000099999999966 0.00000000099999999966 0.00000000099999999966 0.01301669148801834486 0.00000000099999999966 0.00000000099999999966 0.38297887473663505542 0.00000000099999999966 0.60400442777534657512 
0.00000000099999999943 0.00000000099999999943 0.00000000099999999943 0.01532282330707079171 0.00000000099999999943 0.00000000099999999943 0.43883761535297194367 0.00000000099999999943 0.54583955533995731635 
0.00377874114724583354 0.00102105642028165475 0.00119308383546544677 0.00000000099999999991 0.00000000160276062846 0.00000000099999999991 0.44513242681268616607 0.00000000099999999991 0.54887468718156018355 
0.00000000099999999975 0.00000000099999999975 0.00000000099999999975 0.00000000099999999975 0.00000000099999999975 0.00352573447817976617 0.45798914658515166298 0.00000000099999999975 0.53848511293666867505 
0.00000000099999999980 0.00196282505813301974 0.00343715221211139980 0.00000000099999999980 0.00000000099999999980 0.00000000099999999980 0.46766690853394543570 0.00000000099999999980 0.52693310919581015650 
0.00000000099999999981 0.00111596534859990200 0.00000000099999999981 0.00000000099999999981 0.00000000099999999981 0.00000000099999999981 0.42542032261256496062 0.00434723318967944385 0.56911647384915564629 
0.00000000099999999932 0.00000000099999999932 0.00000000099999999932 0.00000000099999999932 0.00000000099999999932 0.00000000099999999932 0.00957791070443351177 0.00000000099999999932 0.99042208229556649712 
0.00000000099999999921 0.00000000099999999921 0.00000000099999999921 0.00000000099999999921 0.00000000099999999921 0.00000000099999999921 0.00000000099999999921 0.00000000099999999921 0.99999999200000000421 
0.00000000099999999959 0.00000000099999999959 0.00000000099999999959 0.00000000099999999959 0.00000000099999999959 0.00000000099999999959 0.00697620609888644806 0.00000000099999999959 0.99302378690111359205 
0.00000000099999999986 0.00000000099999999986 0.00000000099999999986 0.00000000099999999986 0.00000000099999999986 0.00000000099999999986 0.00000000099999999986 0.00000000099999999986 0.99999999200000000421 
0.00000000099999999915 0.00000000099999999915 0.00000000099999999915 0.00000000099999999915 0.00000000099999999915 0.00000000099999999915 0.00000000099999999915 0.00000000099999999915 0.99999999199999989319 
0.00000000099999999928 0.00000000099999999928 0.00000000099999999928 0.00000000099999999928 0.00000000099999999928 0.00000000099999999928 0.00000000099999999928 0.00000000099999999928 0.99999999200000000421 
0.00000000099999999942 0.00000000099999999942 0.00000000099999999942 0.00000000099999999942 0.00000000099999999942 0.00000000099999999942 0.00120464784159977217 0.00000000099999999942 0.99879534515840018294 
0.00000000099999999945 0.00000000099999999945 0.00000000099999999945 0.00000000099999999945 0.00000000099999999945 0.00000000099999999945 0.00595860056486245682 0.00000000099999999945 0.99404139243513756075 
0.00000000099999999926 0.00000000099999999926 0.00000000099999999926 0.00000000099999999926 0.00000000099999999926 0.00000000099999999926 0.00144824714314506758 0.00000000099999999926 0.99855174585685502198 
0.00000000099999999973 0.00090447505538101452 0.00000000099999999973 0.00000000099999999973 0.00000000099999999973 0.00000000099999999973 0.00000000099999999973 0.00000000099999999973 0.99909551794461903818 
0.00000000099999999929 0.00000000099999999929 0.00000000099999999929 0.00000000099999999929 0.00000000099999999929 0.00000000099999999929 0.00000000099999999929 0.00000000099999999929 0.99999999199999989319 
0.00000000099999999909 0.00000000099999999909 0.00000000099999999909 0.00000000099999999909 0.00000000099999999909 0.00000000099999999909 0.00373856362667730714 0.00000000099999999909 0.99626142937332273775 
0.00000000099999999930 0.00000000099999999930 0.00000000099999999930 0.00000000099999999930 0.00000000099999999930 0.00000000099999999930 0.00000000099999999930 0.00000000099999999930 0.99999999199999989319 
0.00000000099999999936 0.00000000099999999936 0.00000000099999999936 0.00000000099999999936 0.00000000099999999936 0.00000000099999999936 0.00133071440203761564 0.00000000099999999936 0.99866927859796239542 
0.00000000099999999956 0.00128471783936149643 0.00000000099999999956 0.00000000099999999956 0.00000000099999999956 0.00000000099999999956 0.00000000099999999956 0.00000000099999999956 0.99871527516063851593 
0.00000000099999999940 0.00000000099999999940 0.00000000099999999940 0.00000000099999999940 0.00000000099999999940 0.00000000099999999940 0.03017898076768656818 0.00000000099999999940 0.96982101223231342857 
0.00000000099999999941 0.00000000099999999941 0.00000000099999999941 0.00000000099999999941 0.00000000099999999941 0.00000000099999999941 0.00381115294519761543 0.00000000099999999941 0.99618884005480234922 
0.00000000099999999898 0.00000000099999999898 0.00000000099999999898 0.00000000099999999898 0.00000000099999999898 0.00000000099999999898 0.00000000099999999898 0.00000000099999999898 0.99999999199999989319 
0.00000000099999999952 0.00000000099999999952 0.00000000099999999952 0.00000000099999999952 0.00000000099999999952 0.00000000099999999952 0.00964342413439422258 0.00411567598949237178 0.98624089387611335589 
0.00000000099999999970 0.00000000099999999970 0.00280781979396112344 0.00000000099999999970 0.00000000099999999970 0.00000000099999999970 0.05065486921513423502 0.00000000099999999970 0.94653730499090460437 
0.00000000099999999978 0.00000000099999999978 0.00000000099999999978 0.00000000099999999978 0.00000000099999999978 0.00000000099999999978 0.00000000099999999978 0.00000000099999999978 0.99999999199999989319 
0.00000000099999999980 0.00000000099999999980 0.00000000099999999980 0.00000000099999999980 0.00000000099999999980 0.01178734028897072093 0.04394181289716189709 0.00000000099999999980 0.94427084081386736258 
0.00000000099999999959 0.00000000099999999959 0.00000000099999999959 0.00000000099999999959 0.00000000099999999959 0.00000000099999999959 0.06327796072395396043 0.00485125975269749300 0.93187077352334846125 
0.00000000099999999989 0.00000000099999999989 0.00000000099999999989 0.00000000099999999989 0.00226148596097190593 0.00000000099999999989 0.06288311595704584867 0.00162739944370414620 0.93322799363827801944 
0.00000000099999999988 0.00000000099999999988 0.00012915731343283329 0.00000000099999999988 0.00116667444681897562 0.00000000099999999988 0.01087348528911428851 0.00000000099999999988 0.98783067795063395078 
0.00000000099999999966 0.00000000099999999966 0.00000000099999999966 0.00000000099999999966 0.00000000099999999966 0.00564519076006035712 0.05485373092036587017 0.00000000099999999966 0.93950107231957380449 
0.00000000099999999965 0.00000000099999999965 0.00000000099999999965 0.00000000099999999965 0.00000000099999999965 0.00000000099999999965 0.03536251746063497764 0.00428379903861581066 0.96035367750074918103 
0.00000000099999999985 0.00000000099999999985 0.00172676903703059600 0.00009696526114010198 0.00000000099999999985 0.00000000099999999985 0.03021856313162771951 0.00000000099999999985 0.96795769757020155843 
0.00000000099999999984 0.00000000099999999984 0.00171022728989753104 0.00000000099999999984 0.00000000099999999984 0.00000000099999999984 0.02413167982438741560 0.00000000099999999984 0.97415808688571514651 
0.00000000099999999972 0.00000000099999999972 0.00000000099999999972 0.00000000099999999972 0.00000000099999999972 0.00000000099999999972 0.05978976346152740234 0.00000000099999999972 0.94021022953847266379 
0.00348412526095286936 0.00000000099999999984 0.00000000099999999984 0.00000000099999999984 0.00000000099999999984 0.00000000099999999984 0.03994223038395994241 0.00000000099999999984 0.95657363835508724126 
0.00000000099999999957 0.00000000099999999957 0.00000000099999999957 0.00842775503943661748 0.00000000099999999957 0.00000000099999999957 0.03564907108593684537 0.00000000099999999957 0.95592316787462650041 
0.00000000099999999993 0.00000000099999999993 0.00000000099999999993 0.00000000099999999993 0.00438674271305687126 0.00280768727035654846 0.05492135151461927794 0.00000000099999999993 0.93788421350196726767 
0.00000000099999999990 0.00007740279299304574 0.00000000099999999990 0.00000000099999999990 0.00000000099999999990 0.00000000099999999990 0.02207479408703780926 0.00000000099999999990 0.97784779711996905327 
0.00000000099999999966 0.00000000099999999966 0.00000000099999999966 0.00000000099999999966 0.00000000099999999966 0.00000000099999999966 0.05961159233688187453 0.00000000099999999966 0.94038840066311812915 
0.00000000099999999941 0.00000000099999999941 0.00000000099999999941 0.00000000099999999941 0.00000000099999999941 0.00000000099999999941 0.07768273085067146921 0.00000000099999999941 0.92231726214932863162 
0.00000000099999999978 0.00000000099999999978 0.00160674523519050111 0.00000000099999999978 0.00000000099999999978 0.00000000099999999978 0.04246967611734886461 0.00000000099999999978 0.95592357264746075085 
0.00000000099999999995 0.00000000099999999995 0.00000000099999999995 0.00000000099999999995 0.00000000099999999995 0.01559378255650224060 0.07172264231518542255 0.00000000099999999995 0.91268356912831227756 
0.00000968049038222654 0.00000000099999999999 0.00352849250304702053 0.00000000099999999999 0.00000000099999999999 0.00000000099999999999 0.12032802951639498534 0.00000000099999999999 0.87613379249017586670 
0.00000000099999999998 0.00000000099999999998 0.00000000099999999998 0.00000000099999999998 0.00000000099999999998 0.02938190657842880416 0.14950744354914349832 0.00000000099999999998 0.82111064387242760354 
0.00000000099999999948 0.00602967355647269620 0.00000000099999999948 0.00000000099999999948 0.00000000099999999948 0.00000000099999999948 0.05949894500681369297 0.00000000099999999948 0.93447137543671354720 
0.00000000099999999997 0.00000000099999999997 0.00000000099999999997 0.00000000099999999997 0.00000000099999999997 0.00000000099999999997 0.10401247135254838849 0.02402568019696133678 0.87196184245049035422 
0.00249099244131288818 0.00000000099999999998 0.00000000099999999998 0.00000000099999999998 0.00000000099999999998 0.00005847932528052830 0.22860320599222558324 0.00000000099999999998 0.76884731724118104967 
0.00000000099999999985 0.00067058731777480749 0.00000000099999999985 0.00000000099999999985 0.00000000099999999985 0.00000000099999999985 0.00686896029277480648 0.00000000099999999985 0.99246044638945041250 
0.00000000099999999999 0.00545120996551337177 0.00544243270768691046 0.00000000099999999999 0.00000000099999999999 0.00000000099999999999 0.00095073026303567505 0.00000000099999999999 0.98815562206376406085 
0.00000000099999999977 0.01574330297762468675 0.00000000099999999977 0.00000000099999999977 0.00000000099999999977 0.00000000099999999977 0.03509101234364423588 0.00000000099999999977 0.94916567867873102848 
0.00000000099999999984 0.00174710437093532952 0.00000000099999999984 0.00000000099999999984 0.00000000099999999984 0.00000000099999999984 0.01902247696532355717 0.00000000099999999984 0.97923041266374122316 
0.00000000099999999945 0.00829062100670187839 0.00000000099999999945 0.00000000099999999945 0.00000000099999999945 0.00000000099999999945 0.01758214086366863965 0.00000000099999999945 0.97412723212962948338 
0.00000000099999999982 0.00143087743085802579 0.00000000099999999982 0.00000000099999999982 0.00000000099999999982 0.00089492917763556883 0.02204161163868375781 0.00000000099999999982 0.97563257675282266668 
0.00000000099999999910 0.00000000099999999910 0.00000000099999999910 0.00000000099999999910 0.00000000099999999910 0.00000000099999999910 0.03919091610228824657 0.00000000099999999910 0.96080907689771166691 
0.00000000099999999942 0.00000000099999999942 0.00000000099999999942 0.00000000099999999942 0.00000000099999999942 0.00000000099999999942 0.00681825197708648984 0.00000000099999999942 0.99318174102291356675 
0.00000000099999999972 0.00000000099999999972 0.00000000099999999972 0.00000000099999999972 0.00000000099999999972 0.00000000099999999972 0.24766046823396437038 0.00264148972517829882 0.74969803604085738513 
0.00010807295543670934 0.00142961877315645022 0.00000035302834230521 0.00000000099999999980 0.00000000099999999980 0.00000000099999999980 0.22111047506051223488 0.00000000099999999980 0.77735147618255240332 
0.08400367844459716293 0.00000000099999999991 0.00706922777896086974 0.00000000099999999991 0.24858671140748361816 0.00000000099999999991 0.10673950780259341964 0.00000000099999999991 0.55360087056636497760 
0.00083991713103979851 0.00430896299759775218 0.00349536514484206744 0.00000000099999999986 0.00084378634996493530 0.00000000099999999986 0.27132499340854604464 0.00000000099999999986 0.71918697196800929206 
0.00166055096032594312 0.00163276520300175234 0.00290024970895362859 0.00000000099999999987 0.00112769003795210087 0.00000000099999999987 0.24615947985258618269 0.00000000099999999987 0.74651926123718037598 
0.09313851402319658912 0.00000000099999999992 0.00000000160609840390 0.00000000099999999992 0.27055438951884130949 0.00000000099999999992 0.10505664848963247593 0.00000000099999999992 0.53125044236223117888 
0.07134479455557676819 0.00000000099999999991 0.00000000776047080253 0.00000000099999999991 0.21225486033784485285 0.00000000099999999991 0.17384345823494887218 0.00000000099999999991 0.54255687511115857635 
0.04072732620575552492 0.00000000099999999992 0.02579172872618184717 0.00000000099999999992 0.21606759957831472851 0.00000000099999999992 0.11149739855280578482 0.00000000099999999992 0.60591594293694206463 
0.00000000099999999990 0.00001553195213990022 0.06680926566733559613 0.00000000099999999990 0.19834665134177142942 0.00000000099999999990 0.12913803545640606396 0.00000000099999999990 0.60569051158234699095 
0.00000000099999999988 0.00001808887757476833 0.07883354682126880730 0.00000000099999999988 0.18537163882025620154 0.00000000099999999988 0.14975611660753712640 0.00000000099999999988 0.58602060487336316008 
0.00000000099999999956 0.00000000099999999956 0.00161553512362354822 0.00000000099999999956 0.00000000099999999956 0.00000000099999999956 0.23421450367597373976 0.00000000099999999956 0.76416995520040276180 
0.00000000099999999972 0.00000000099999999972 0.21897208764343906173 0.00000000099999999972 0.15630952423430791165 0.00000000099999999972 0.07900349544620337283 0.00000000099999999972 0.54571488767604958703 
0.00121055866846093074 0.00609993204552302260 0.00698883653028262598 0.00000000099999999987 0.00189875412770230088 0.00000000099999999987 0.22661742349322122614 0.00000000099999999987 0.75718449213480998328 
0.00508139464722395361 0.00000000099999999991 0.08767269581813463830 0.00000000099999999991 0.25426455866554692475 0.00000000099999999991 0.13185015015522416615 0.00000000099999999991 0.52113119671387020393 
0.00000000099999999964 0.00298497345944426229 0.00000000099999999964 0.00000000099999999964 0.00000000099999999964 0.00000000099999999964 0.25625776074461092957 0.00000000099999999964 0.74075725979594475579 
0.00000000099999999956 0.00000000099999999956 0.00000000099999999956 0.00000000099999999956 0.00000000099999999956 0.00000000099999999956 0.26954828851199491568 0.00000000099999999956 0.73045170448800500473 
0.00000000099999999975 0.00408487724193325012 0.32826197078368202220 0.00000000099999999975 0.09092756331741456977 0.00000000099999999975 0.10503657519982452506 0.00000000099999999975 0.47168900945714564710 
0.00000000902953919249 0.00050323213850245858 0.00070267381756757388 0.00000000099999999975 0.00000000099999999975 0.00000000099999999975 0.22260645985090740662 0.00000000099999999975 0.77618762116348327673 
