0.00000000099999999799 0.00000000099999999799 0.99999999099999981045 0.00000000099999999799 0.00000000099999999799 0.00000000099999999799 0.00000000099999999799 0.00000000099999999799 0.00000000099999999799 0.00000000099999999799 
0.00000000099999999808 0.00000000099999999808 0.99999999099999992147 0.00000000099999999808 0.00000000099999999808 0.00000000099999999808 0.00000000099999999808 0.00000000099999999808 0.00000000099999999808 0.00000000099999999808 
0.00000000099999999804 0.00000000099999999804 0.99999999099999992147 0.00000000099999999804 0.00000000099999999804 0.00000000099999999804 0.00000000099999999804 0.00000000099999999804 0.00000000099999999804 0.00000000099999999804 
0.00000000099999999807 0.00000000099999999807 0.99999999099999992147 0.00000000099999999807 0.00000000099999999807 0.00000000099999999807 0.00000000099999999807 0.00000000099999999807 0.00000000099999999807 0.00000000099999999807 
0.00000000099999999814 0.00000000099999999814 0.99999999099999992147 0.00000000099999999814 0.00000000099999999814 0.00000000099999999814 0.00000000099999999814 0.00000000099999999814 0.00000000099999999814 0.00000000099999999814 
0.00000000099999999816 0.00000000099999999816 0.99999999100000003249 0.00000000099999999816 0.00000000099999999816 0.00000000099999999816 0.00000000099999999816 0.00000000099999999816 0.00000000099999999816 0.00000000099999999816 
0.00000000099999999802 0.00000000099999999802 0.99999999100000003249 0.00000000099999999802 0.00000000099999999802 0.00000000099999999802 0.00000000099999999802 0.00000000099999999802 0.00000000099999999802 0.00000000099999999802 
0.00000000099999999819 0.00000000099999999819 0.99999999099999992147 0.00000000099999999819 0.00000000099999999819 0.00000000099999999819 0.00000000099999999819 0.00000000099999999819 0.00000000099999999819 0.00000000099999999819 
0.00000000099999999807 0.00000000099999999807 0.99999999100000003249 0.00000000099999999807 0.00000000099999999807 0.00000000099999999807 0.00000000099999999807 0.00000000099999999807 0.00000000099999999807 0.00000000099999999807 
0.00000000099999999818 0.00000000099999999818 0.99999999100000003249 0.00000000099999999818 0.00000000099999999818 0.00000000099999999818 0.00000000099999999818 0.00000000099999999818 0.00000000099999999818 0.00000000099999999818 
0.00000000099999999813 0.00000000099999999813 0.99999999100000003249 0.00000000099999999813 0.00000000099999999813 0.00000000099999999813 0.00000000099999999813 0.00000000099999999813 0.00000000099999999813 0.00000000099999999813 
0.00000000099999999847 0.00000000099999999847 0.99999999099999992147 0.00000000099999999847 0.00000000099999999847 0.00000000099999999847 0.00000000099999999847 0.00000000099999999847 0.00000000099999999847 0.00000000099999999847 
0.00000000099999999811 0.00000000099999999811 0.99999999100000003249 0.00000000099999999811 0.00000000099999999811 0.00000000099999999811 0.00000000099999999811 0.00000000099999999811 0.00000000099999999811 0.00000000099999999811 
0.00000000099999999807 0.00000000099999999807 0.99999999099999992147 0.00000000099999999807 0.00000000099999999807 0.00000000099999999807 0.00000000099999999807 0.00000000099999999807 0.00000000099999999807 0.00000000099999999807 
0.00000000099999999811 0.00000000099999999811 0.99999999099999992147 0.00000000099999999811 0.00000000099999999811 0.00000000099999999811 0.00000000099999999811 0.00000000099999999811 0.00000000099999999811 0.00000000099999999811 
0.00000000099999999811 0.00000000099999999811 0.99999999100000003249 0.00000000099999999811 0.00000000099999999811 0.00000000099999999811 0.00000000099999999811 0.00000000099999999811 0.00000000099999999811 0.00000000099999999811 
0.00000000099999999810 0.00000000099999999810 0.99999999100000003249 0.00000000099999999810 0.00000000099999999810 0.00000000099999999810 0.00000000099999999810 0.00000000099999999810 0.00000000099999999810 0.00000000099999999810 
0.00000000099999999823 0.00000000099999999823 0.99999999099999992147 0.00000000099999999823 0.00000000099999999823 0.00000000099999999823 0.00000000099999999823 0.00000000099999999823 0.00000000099999999823 0.00000000099999999823 
0.00000000099999999825 0.00000000099999999825 0.99999999099999992147 0.00000000099999999825 0.00000000099999999825 0.00000000099999999825 0.00000000099999999825 0.00000000099999999825 0.00000000099999999825 0.00000000099999999825 
0.00000000099999999822 0.00000000099999999822 0.99999999100000003249 0.00000000099999999822 0.00000000099999999822 0.00000000099999999822 0.00000000099999999822 0.00000000099999999822 0.00000000099999999822 0.00000000099999999822 
0.00000000099999999815 0.00000000099999999815 0.99999999099999992147 0.00000000099999999815 0.00000000099999999815 0.00000000099999999815 0.00000000099999999815 0.00000000099999999815 0.00000000099999999815 0.00000000099999999815 
0.00000000099999999818 0.00000000099999999818 0.99999999100000003249 0.00000000099999999818 0.00000000099999999818 0.00000000099999999818 0.00000000099999999818 0.00000000099999999818 0.00000000099999999818 0.00000000099999999818 
0.00000000099999999815 0.00000000099999999815 0.99999999100000003249 0.00000000099999999815 0.00000000099999999815 0.00000000099999999815 0.00000000099999999815 0.00000000099999999815 0.00000000099999999815 0.00000000099999999815 
0.00000000099999999819 0.00000000099999999819 0.99999999099999992147 0.00000000099999999819 0.00000000099999999819 0.00000000099999999819 0.00000000099999999819 0.00000000099999999819 0.00000000099999999819 0.00000000099999999819 
0.00000000099999999870 0.00000000099999999870 0.99999999099999992147 0.00000000099999999870 0.00000000099999999870 0.00000000099999999870 0.00000000099999999870 0.00000000099999999870 0.00000000099999999870 0.00000000099999999870 
0.00000000099999999815 0.00000000099999999815 0.99999999099999992147 0.00000000099999999815 0.00000000099999999815 0.00000000099999999815 0.00000000099999999815 0.00000000099999999815 0.00000000099999999815 0.00000000099999999815 
0.00000000099999999821 0.00000000099999999821 0.99999999100000003249 0.00000000099999999821 0.00000000099999999821 0.00000000099999999821 0.00000000099999999821 0.00000000099999999821 0.00000000099999999821 0.00000000099999999821 
0.00000000099999999824 0.00000000099999999824 0.99999999100000003249 0.00000000099999999824 0.00000000099999999824 0.00000000099999999824 0.00000000099999999824 0.00000000099999999824 0.00000000099999999824 0.00000000099999999824 
0.00000000099999999826 0.00000000099999999826 0.99999999100000003249 0.00000000099999999826 0.00000000099999999826 0.00000000099999999826 0.00000000099999999826 0.00000000099999999826 0.00000000099999999826 0.00000000099999999826 
0.00000000099999999821 0.00000000099999999821 0.99999999099999992147 0.00000000099999999821 0.00000000099999999821 0.00000000099999999821 0.00000000099999999821 0.00000000099999999821 0.00000000099999999821 0.00000000099999999821 
0.00000000099999999848 0.00000000099999999848 0.99999999100000003249 0.00000000099999999848 0.00000000099999999848 0.00000000099999999848 0.00000000099999999848 0.00000000099999999848 0.00000000099999999848 0.00000000099999999848 
0.00000000099999999874 0.00000000099999999874 0.99999999100000003249 0.00000000099999999874 0.00000000099999999874 0.00000000099999999874 0.00000000099999999874 0.00000000099999999874 0.00000000099999999874 0.00000000099999999874 
0.00000000099999999840 0.00000000099999999840 0.99999999100000003249 0.00000000099999999840 0.00000000099999999840 0.00000000099999999840 0.00000000099999999840 0.00000000099999999840 0.00000000099999999840 0.00000000099999999840 
0.00000000099999999862 0.00000000099999999862 0.99999999100000003249 0.00000000099999999862 0.00000000099999999862 0.00000000099999999862 0.00000000099999999862 0.00000000099999999862 0.00000000099999999862 0.00000000099999999862 
0.00000000099999999840 0.00000000099999999840 0.99999999099999992147 0.00000000099999999840 0.00000000099999999840 0.00000000099999999840 0.00000000099999999840 0.00000000099999999840 0.00000000099999999840 0.00000000099999999840 
0.00000000099999999855 0.00000000099999999855 0.99999999100000003249 0.00000000099999999855 0.00000000099999999855 0.00000000099999999855 0.00000000099999999855 0.00000000099999999855 0.00000000099999999855 0.00000000099999999855 
0.00000000099999999843 0.00000000099999999843 0.99999999100000003249 0.00000000099999999843 0.00000000099999999843 0.00000000099999999843 0.00000000099999999843 0.00000000099999999843 0.00000000099999999843 0.00000000099999999843 
0.00000000099999999845 0.00000000099999999845 0.99999999100000003249 0.00000000099999999845 0.00000000099999999845 0.00000000099999999845 0.00000000099999999845 0.00000000099999999845 0.00000000099999999845 0.00000000099999999845 
0.00000000099999999851 0.00000000099999999851 0.99999999099999992147 0.00000000099999999851 0.00000000099999999851 0.00000000099999999851 0.00000000099999999851 0.00000000099999999851 0.00000000099999999851 0.00000000099999999851 
0.00000000099999999882 0.00000000099999999882 0.99999999099999992147 0.00000000099999999882 0.00000000099999999882 0.00000000099999999882 0.00000000099999999882 0.00000000099999999882 0.00000000099999999882 0.00000000099999999882 
0.00000000099999999843 0.00000000099999999843 0.99999999099999992147 0.00000000099999999843 0.00000000099999999843 0.00000000099999999843 0.00000000099999999843 0.00000000099999999843 0.00000000099999999843 0.00000000099999999843 
0.00000000099999999862 0.00000000099999999862 0.99999999099999992147 0.00000000099999999862 0.00000000099999999862 0.00000000099999999862 0.00000000099999999862 0.00000000099999999862 0.00000000099999999862 0.00000000099999999862 
0.00000000099999999846 0.00000000099999999846 0.99999999100000003249 0.00000000099999999846 0.00000000099999999846 0.00000000099999999846 0.00000000099999999846 0.00000000099999999846 0.00000000099999999846 0.00000000099999999846 
0.00000000099999999844 0.00000000099999999844 0.99999999099999992147 0.00000000099999999844 0.00000000099999999844 0.00000000099999999844 0.00000000099999999844 0.00000000099999999844 0.00000000099999999844 0.00000000099999999844 
0.00000000099999999860 0.00000000099999999860 0.99999999099999992147 0.00000000099999999860 0.00000000099999999860 0.00000000099999999860 0.00000000099999999860 0.00000000099999999860 0.00000000099999999860 0.00000000099999999860 
0.00000000099999999847 0.00000000099999999847 0.99999999099999992147 0.00000000099999999847 0.00000000099999999847 0.00000000099999999847 0.00000000099999999847 0.00000000099999999847 0.00000000099999999847 0.00000000099999999847 
0.00000000099999999854 0.00000000099999999854 0.99999999099999992147 0.00000000099999999854 0.00000000099999999854 0.00000000099999999854 0.00000000099999999854 0.00000000099999999854 0.00000000099999999854 0.00000000099999999854 
0.00000000099999999887 0.00000000099999999887 0.99999999099999992147 0.00000000099999999887 0.00000000099999999887 0.00000000099999999887 0.00000000099999999887 0.00000000099999999887 0.00000000099999999887 0.00000000099999999887 
0.00000000099999999889 0.00000000099999999889 0.99999999099999992147 0.00000000099999999889 0.00000000099999999889 0.00000000099999999889 0.00000000099999999889 0.00000000099999999889 0.00000000099999999889 0.00000000099999999889 
0.00000000099999999906 0.00000000099999999906 0.99999999100000014352 0.00000000099999999906 0.00000000099999999906 0.00000000099999999906 0.00000000099999999906 0.00000000099999999906 0.00000000099999999906 0.00000000099999999906 
0.00000000099999999946 0.00000000099999999946 0.99999999100000014352 0.00000000099999999946 0.00000000099999999946 0.00000000099999999946 0.00000000099999999946 0.00000000099999999946 0.00000000099999999946 0.00000000099999999946 
0.00000000099999999923 0.00000000099999999923 0.00000000099999999923 0.00000000099999999923 0.00000000099999999923 0.00000000099999999923 0.14800863882879947142 0.00000000099999999923 0.85199135317120044952 0.00000000099999999923 
0.00000000099999999896 0.00000000099999999896 0.00000000099999999896 0.00000000099999999896 0.00000000099999999896 0.00000000099999999896 0.19227119418268837081 0.00000000099999999896 0.80772879781731143911 0.00000000099999999896 
0.00000000099999999947 0.00000000099999999947 0.00000000099999999947 0.00000000099999999947 0.00000000099999999947 0.00000000099999999947 0.19795455918764434666 0.00000000099999999947 0.80204543281235551877 0.00000000099999999947 
0.00000000099999999871 0.00000069942610311197 0.00000000099999999871 0.00000000099999999871 0.00000000099999999871 0.00000000099999999871 0.14643676619632173264 0.00000000099999999871 0.85356252737757498661 0.00000000099999999871 
0.00000000099999999884 0.00000000099999999884 0.00000000099999999884 0.00000000099999999884 0.00000000099999999884 0.00000000099999999884 0.12426959637267565029 0.00000000099999999884 0.87573039562732424290 0.00000000099999999884 
0.00000000099999999861 0.00000000099999999861 0.00000000099999999861 0.00000000099999999861 0.00000000099999999861 0.00000000099999999861 0.14976550568332450131 0.00000000099999999861 0.85023448631667553066 0.00000000099999999861 
0.00000000099999999913 0.03323488503624084933 0.00000000099999999913 0.00000000099999999913 0.00000000099999999913 0.00000000099999999913 0.15080572058057914453 0.00000000099999999913 0.81595938738317996819 0.00000000099999999913 
0.00000000099999999873 0.00000000099999999873 0.00000000099999999873 0.00000000099999999873 0.00000000099999999873 0.00000000099999999873 0.13201561480700765849 0.00000000099999999873 0.86798437719299226245 0.00000000099999999873 
0.00000000099999999905 0.01869560125980438206 0.00000000099999999905 0.00000000099999999905 0.00000000099999999905 0.00000000099999999905 0.16751990623000664882 0.00000000099999999905 0.81378448551018900403 0.00000000099999999905 
0.00000000099999999932 0.00000000099999999932 0.00000000099999999932 0.00000000099999999932 0.00000000099999999932 0.00000000099999999932 0.13612141885792580775 0.01202943068695607950 0.85184914345511797418 0.00000000099999999932 
0.00000000099999999885 0.00000000099999999885 0.00000000099999999885 0.00000000099999999885 0.00000000099999999885 0.00000000099999999885 0.15046587255553942053 0.00000000099999999885 0.84953411944446055593 0.00000000099999999885 
0.00000000099999999880 0.00000003839273576965 0.00000000099999999880 0.00000000099999999880 0.00000000099999999880 0.00000000099999999880 0.16484000359906758604 0.00000000099999999880 0.83515995100819651054 0.00000000099999999880 
0.00000000099999999919 0.00000000099999999919 0.00000000099999999919 0.00000000099999999919 0.00000000099999999919 0.00000000099999999919 0.17988352168266269482 0.01196651522458916719 0.80814995609274808963 0.00000000099999999919 
0.00000000099999999907 0.02016670415862499913 0.00000000099999999907 0.00000000099999999907 0.00000000099999999907 0.00000000099999999907 0.15778652982461865983 0.00000000099999999907 0.82204675901675616778 0.00000000099999999907 
0.00000000099999999950 0.00000000099999999950 0.00000000099999999950 0.00000000099999999950 0.00000000099999999950 0.00000000099999999950 0.12229899694979030900 0.00000000099999999950 0.87770099505020970909 0.00000000099999999950 
0.00000000099999999862 0.00000000099999999862 0.00000000099999999862 0.00000000099999999862 0.00000000099999999862 0.00000000099999999862 0.13535238147911046735 0.00000000099999999862 0.86464761052088956461 0.00000000099999999862 
0.00000000099999999927 0.01133005197163398751 0.00000000099999999927 0.00000000099999999927 0.00000000099999999927 0.00000000099999999927 0.23851008457364475390 0.00000000099999999927 0.75015985645472127441 0.00000000099999999927 
0.00000000099999999942 0.00000000099999999942 0.00000000099999999942 0.00000000099999999942 0.00000000099999999942 0.00000000099999999942 0.19754585749274561346 0.00000000099999999942 0.80245413450725433524 0.00000000099999999942 
0.00000000099999999898 0.00000000099999999898 0.00000000099999999898 0.00000000099999999898 0.00000000099999999898 0.00000000099999999898 0.16044727555177698552 0.00000000099999999898 0.83955271644822293542 0.00000000099999999898 
0.00000000099999999898 0.00000000099999999898 0.00000000099999999898 0.00000000099999999898 0.00000000099999999898 0.00000000099999999898 0.15276196111676879075 0.00000000099999999898 0.84723803088323113020 0.00000000099999999898 
0.00000000099999999900 0.02423423617176721778 0.00000000099999999900 0.00000000099999999900 0.00000000099999999900 0.00000000099999999900 0.18736992267026916781 0.00000000099999999900 0.78839583415796354871 0.00000000099999999900 
0.00000000099999999867 0.00000000099999999867 0.00000000099999999867 0.00000000099999999867 0.00000000099999999867 0.00000000099999999867 0.17615021297523758559 0.00000000099999999867 0.82384977902476241862 0.00000000099999999867 
0.00000000099999999899 0.00000000099999999899 0.00000000099999999899 0.00000000099999999899 0.00000000099999999899 0.00000000099999999899 0.15567317773176903017 0.00000000099999999899 0.84432681426823086301 0.00000000099999999899 
0.00000000099999999902 0.00000000099999999902 0.00000000099999999902 0.00000000099999999902 0.00000000099999999902 0.00000000099999999902 0.21349233373208506559 0.00000000099999999902 0.78650765826791502189 0.00000000099999999902 
0.00000000099999999939 0.00000000099999999939 0.00000000099999999939 0.00000000099999999939 0.00000000099999999939 0.00000000099999999939 0.22357629042369425720 0.00000000099999999939 0.77642370157630580252 0.00000000099999999939 
0.00000000099999999884 0.00000000099999999884 0.00000000099999999884 0.00000000099999999884 0.00000000099999999884 0.00000000099999999884 0.15615765705918149830 0.00000000099999999884 0.84384233494081828386 0.00000000099999999884 
0.00000000099999999906 0.00000000099999999906 0.00000000099999999906 0.00000000099999999906 0.00000000099999999906 0.00000000099999999906 0.20648567164764353166 0.00000000099999999906 0.79351432035235647255 0.00000000099999999906 
0.00000000099999999980 0.00000000099999999980 0.00000000099999999980 0.00000000099999999980 0.00000000099999999980 0.00000000099999999980 0.21740603040308234539 0.00000000099999999980 0.77722891682413930425 0.00536504577277838440 
0.00000000099999999955 0.00000000099999999955 0.00000000099999999955 0.00000000099999999955 0.00000000099999999955 0.00000000099999999955 0.14902835453946078337 0.00000000099999999955 0.85097163746053927635 0.00000000099999999955 
0.00000000099999999917 0.00000000099999999917 0.00000000099999999917 0.00000000099999999917 0.00000000099999999917 0.00000000099999999917 0.19279816498305557548 0.00000000099999999917 0.80720182701694442873 0.00000000099999999917 
0.00000000099999999888 0.00000000099999999888 0.00000000099999999888 0.00000000099999999888 0.00000000099999999888 0.00000000099999999888 0.14641507791128563487 0.00000000099999999888 0.85358491408871428607 0.00000000099999999888 
0.00000000099999999963 0.00000000099999999963 0.00000000099999999963 0.00000000099999999963 0.00496675153165667977 0.00000000099999999963 0.13555236046896312896 0.00000000099999999963 0.85948088099938013684 0.00000000099999999963 
0.00000000099999999949 0.00973891436132735475 0.00000000099999999949 0.00000000099999999949 0.00000000099999999949 0.00000000099999999949 0.27793252545213870119 0.00000000099999999949 0.71232855318653387489 0.00000000099999999949 
0.00000000099999999941 0.01543624472269535843 0.00000000099999999941 0.00000000099999999941 0.00000000099999999941 0.00000000099999999941 0.19227286747229027641 0.00000000099999999941 0.79229088080501430813 0.00000000099999999941 
0.00000000099999999925 0.03664633478921697912 0.00000000099999999925 0.00000000099999999925 0.00000000099999999925 0.00000000099999999925 0.21587749348880583278 0.00000000099999999925 0.74747616472197708770 0.00000000099999999925 
0.00000000099999999940 0.03030485597294985817 0.00000000099999999940 0.00000000099999999940 0.00000000099999999940 0.00000000099999999940 0.16516593597750392486 0.00000000099999999940 0.80452920104954617209 0.00000000099999999940 
0.00000000099999999920 0.00000000099999999920 0.00000000099999999920 0.00000000099999999920 0.00000000099999999920 0.00000000099999999920 0.22113087091703334530 0.00000000099999999920 0.77886912108296657564 0.00000000099999999920 
0.00000000099999999925 0.00000032916897333823 0.00000000099999999925 0.00000000099999999925 0.00000000099999999925 0.00000000099999999925 0.22327732321835477847 0.00000000099999999925 0.77672234061267175775 0.00000000099999999925 
0.00000000099999999927 0.01579588987351864676 0.00000000099999999927 0.00000000099999999927 0.00000000099999999927 0.00000000099999999927 0.25686291784305020913 0.00000000099999999927 0.72734118528343094656 0.00000000099999999927 
0.00000000099999999983 0.02055332006471211059 0.00000000099999999983 0.00000000099999999983 0.00004149706125679641 0.00000000099999999983 0.11905685221151576791 0.00000000099999999983 0.86034832466251531802 0.00000000099999999983 
0.00000000099999999936 0.00000000099999999936 0.00000000099999999936 0.00000000099999999936 0.00000000099999999936 0.00000000099999999936 0.13851507465154727639 0.00000000099999999936 0.86148491734845267231 0.00000000099999999936 
0.00000000099999999969 0.02078799360908139410 0.00000000099999999969 0.00000000099999999969 0.00000000099999999969 0.00000000099999999969 0.12806398544347591395 0.00000000099999999969 0.85114801394744277196 0.00000000099999999969 
0.00000000099999999922 0.00000000099999999922 0.00000000099999999922 0.00000000099999999922 0.00000000099999999922 0.00000000099999999922 0.15196810521523862469 0.00000000099999999922 0.84803188678476149054 0.00000000099999999922 
0.00000000099999999897 0.01609225272488427200 0.00000000099999999897 0.00000000099999999897 0.00000000099999999897 0.00000000099999999897 0.20872151578010078588 0.00000000099999999897 0.77518622449501495275 0.00000000099999999897 
0.00000000099999999896 0.00000056314573445771 0.00000000099999999896 0.00000000099999999896 0.00000000099999999896 0.00000000099999999896 0.22726680047786612660 0.00000000099999999896 0.77273262937639930481 0.00000000099999999896 
0.00000000099999999907 0.00000000099999999907 0.00000000099999999907 0.00000000099999999907 0.00000000099999999907 0.00000000099999999907 0.20475987978418314084 0.00000000099999999907 0.79524011221581680786 0.00000000099999999907 
0.00000000099999999906 0.00685688817525838962 0.00000000099999999906 0.00000000099999999906 0.00000000099999999906 0.00000000099999999906 0.17472460702492004225 0.00000000099999999906 0.81841849779982145385 0.00000000099999999906 
0.00000000099999999953 0.00000000099999999953 0.00000000099999999953 0.00000000099999999953 0.00000000099999999953 0.00000000099999999953 0.21854230962636464475 0.00000000099999999953 0.78145768237363533171 0.00000000099999999953 
0.00000000099999999900 0.02583994456981725252 0.00000000099999999900 0.00000000099999999900 0.00000000099999999900 0.00000000099999999900 0.18672465443614535974 0.00000000099999999900 0.78743539399403739143 0.00000000099999999900 
0.00000000099999999924 0.00000000099999999924 0.00000000099999999924 0.00000000099999999924 0.00000000099999999924 0.00000000099999999924 0.23470625085759153072 0.00000000099999999924 0.76529374114240844573 0.00000000099999999924 
0.00000000099999999900 0.04180204584550162306 0.00000000099999999900 0.00000000099999999900 0.00000000099999999900 0.00000000099999999900 0.18774955972839990626 0.00000000099999999900 0.77044838742609833560 0.00000000099999999900 
0.00000000099999999914 0.00000000099999999914 0.00000000099999999914 0.00000000099999999914 0.00000000099999999914 0.00000000099999999914 0.21987365844493911293 0.00000000099999999914 0.78012633355506089128 0.00000000099999999914 
0.00000000099999999930 0.00000000099999999930 0.00000000099999999930 0.00000000099999999930 0.00000000099999999930 0.00000000099999999930 0.11882871310655288011 0.00000000099999999930 0.88117127889344704084 0.00000000099999999930 
0.00000000099999999931 0.00000000099999999931 0.00000000099999999931 0.00000000099999999931 0.00000000099999999931 0.00000000099999999931 0.12375909378379683357 0.00000000099999999931 0.87624089821620321228 0.00000000099999999931 
0.00000000099999999907 0.03375114583925924172 0.00000000099999999907 0.00000000099999999907 0.00000000099999999907 0.00000000099999999907 0.17211551088385931840 0.00000000099999999907 0.79413333627688131866 0.00000000099999999907 
0.00000000099999999916 0.03626157425209488444 0.00000000099999999916 0.00000000099999999916 0.00000000099999999916 0.00000000099999999916 0.15180963810652406409 0.00000000099999999916 0.81192878064138096494 0.00000000099999999916 
0.00000000099999999938 0.00001126638912858562 0.00000000099999999938 0.00000000099999999938 0.00000000099999999938 0.00000000099999999938 0.16447407372427599870 0.00000000099999999938 0.83551465288659543251 0.00000000099999999938 
0.00000000099999999943 0.00000929546863746462 0.00000000099999999943 0.00000000099999999943 0.00000000099999999943 0.00000000099999999943 0.14926275890519474787 0.00000000099999999943 0.85072793862616769012 0.00000000099999999943 
0.00000000099999999896 0.03305082673723771375 0.00000000099999999896 0.00000000099999999896 0.00000000099999999896 0.00000000099999999896 0.13110272417288099112 0.00000000099999999896 0.83584644208988123637 0.00000000099999999896 
0.00000000099999999933 0.00000000099999999933 0.00000000099999999933 0.00000000099999999933 0.00000000099999999933 0.00000000099999999933 0.10919949099394496428 0.00000000099999999933 0.89080050100605490115 0.00000000099999999933 
0.00000000099999999903 0.00002661240927279682 0.00000000099999999903 0.00000000099999999903 0.00000000099999999903 0.00000000099999999903 0.16181888910729574915 0.00000000099999999903 0.83815449148343146302 0.00000000099999999903 
0.00000000099999999955 0.00000000099999999955 0.00000000099999999955 0.00000000099999999955 0.00000000099999999955 0.00000000099999999955 0.16538730974505400084 0.00000000099999999955 0.83461268225494600337 0.00000000099999999955 
0.00000000099999999936 0.00000000099999999936 0.00000000099999999936 0.00000000099999999936 0.00000000099999999936 0.00000000099999999936 0.13202570913705249933 0.00000000099999999936 0.86797428286294742161 0.00000000099999999936 
0.00000000099999999954 0.00000000099999999954 0.00000000099999999954 0.00000000099999999954 0.00000000099999999954 0.00000000099999999954 0.14476325838655684786 0.00000000099999999954 0.85523673361344310084 0.00000000099999999954 
0.00000000099999999915 0.02899086014066912936 0.00000000099999999915 0.00000000099999999915 0.00000000099999999915 0.00000000099999999915 0.15587602309855100313 0.00000000099999999915 0.81513310976077990588 0.00000000099999999915 
0.00000000099999999969 0.00000000099999999969 0.00000000099999999969 0.00000000099999999969 0.00000000099999999969 0.00000000099999999969 0.16091649821777673224 0.00000000099999999969 0.83908349378222324422 0.00000000099999999969 
0.00000000099999999995 0.01904171700965143904 0.00291449076550514717 0.00000000099999999995 0.00000000099999999995 0.00000000099999999995 0.10606869149763957505 0.00000000099999999995 0.86642524504480056269 0.00554985068240334938 
0.00000000099999999967 0.01400976563831796140 0.00000000099999999967 0.00000000099999999967 0.00814977906845347662 0.00000000099999999967 0.17332879014994007072 0.00000000099999999967 0.80451165914328848228 0.00000000099999999967 
0.00051247508339271664 0.01010246236398740227 0.00101495117535146040 0.00000000099999999993 0.00000000099999999993 0.00000000099999999993 0.17666432269916917952 0.00000000099999999993 0.80810536099335572580 0.00360042368474365821 
0.00301594420404793957 0.00000067028141004817 0.00000000099999999975 0.00000000099999999975 0.00000000099999999975 0.00000000099999999975 0.15610274217017611198 0.00000000099999999975 0.84088063734436579999 0.00000000099999999975 
0.00000000099999999984 0.00944370470288167889 0.00153176863151619261 0.00000000099999999984 0.00286001831174030607 0.00000000099999999984 0.19911128705034597530 0.00000000099999999984 0.78705321630351576800 0.00000000099999999984 
0.00000000099999999987 0.02011788149923513652 0.00138639530424873461 0.00000000099999999987 0.00000000099999999987 0.00000000099999999987 0.11994587112748103519 0.00000000099999999987 0.85601630998193456445 0.00253353708710050843 
0.00000000099999999915 0.98974439309992878755 0.00000000099999999915 0.00000000099999999915 0.00000000099999999915 0.00000000099999999915 0.01025559890007126176 0.00000000099999999915 0.00000000099999999915 0.00000000099999999915 
0.00000000099999999912 0.99999999100000014352 0.00000000099999999912 0.00000000099999999912 0.00000000099999999912 0.00000000099999999912 0.00000000099999999912 0.00000000099999999912 0.00000000099999999912 0.00000000099999999912 
0.00000000099999999944 0.99265130277625190924 0.00000000099999999944 0.00000000099999999944 0.00000000099999999944 0.00000000099999999944 0.00733901406246573011 0.00000000099999999944 0.00000967616128255672 0.00000000099999999944 
0.00000000099999999978 0.99999999100000025454 0.00000000099999999978 0.00000000099999999978 0.00000000099999999978 0.00000000099999999978 0.00000000099999999978 0.00000000099999999978 0.00000000099999999978 0.00000000099999999978 
0.00000000099999999908 0.99388588049084591880 0.00000000099999999908 0.00000000099999999908 0.00000000099999999908 0.00000000099999999908 0.00611411150915432307 0.00000000099999999908 0.00000000099999999908 0.00000000099999999908 
0.00000000099999999925 0.99995007873584740299 0.00000000099999999925 0.00000000099999999925 0.00000000099999999925 0.00000000099999999925 0.00004991326415290910 0.00000000099999999925 0.00000000099999999925 0.00000000099999999925 
0.00000000099999999942 0.99416039143836965053 0.00000000099999999942 0.00000000099999999942 0.00000000099999999942 0.00000000099999999942 0.00583960056163054624 0.00000000099999999942 0.00000000099999999942 0.00000000099999999942 
0.00000000099999999932 0.99278771434928692052 0.00000000099999999932 0.00000000099999999932 0.00000000099999999932 0.00000000099999999932 0.00721227765071324068 0.00000000099999999932 0.00000000099999999932 0.00000000099999999932 
0.00000000099999999920 0.99507311792157893127 0.00000000099999999920 0.00000000099999999920 0.00000000099999999920 0.00000000099999999920 0.00492687407842119611 0.00000000099999999920 0.00000000099999999920 0.00000000099999999920 
0.00000000099999999961 0.99999999100000025454 0.00000000099999999961 0.00000000099999999961 0.00000000099999999961 0.00000000099999999961 0.00000000099999999961 0.00000000099999999961 0.00000000099999999961 0.00000000099999999961 
0.00000000099999999922 0.99999999100000025454 0.00000000099999999922 0.00000000099999999922 0.00000000099999999922 0.00000000099999999922 0.00000000099999999922 0.00000000099999999922 0.00000000099999999922 0.00000000099999999922 
0.00000000099999999909 0.98087137073470820336 0.00000000099999999909 0.00000000099999999909 0.00000000099999999909 0.00000000099999999909 0.00344080985464316697 0.00000000099999999909 0.01568781241064881246 0.00000000099999999909 
0.00000000099999999916 0.99999999100000014352 0.00000000099999999916 0.00000000099999999916 0.00000000099999999916 0.00000000099999999916 0.00000000099999999916 0.00000000099999999916 0.00000000099999999916 0.00000000099999999916 
0.00000000099999999931 0.99439482168302717469 0.00000000099999999931 0.00000000099999999931 0.00000000099999999931 0.00000000099999999931 0.00000000099999999931 0.00000000099999999931 0.00560517031697294835 0.00000000099999999931 
0.00000000099999999949 0.99889614224483924687 0.00110384975516089048 0.00000000099999999949 0.00000000099999999949 0.00000000099999999949 0.00000000099999999949 0.00000000099999999949 0.00000000099999999949 0.00000000099999999949 
0.00000000099999999931 0.96259476403056409843 0.00000000099999999931 0.00000000099999999931 0.00000000099999999931 0.00000000099999999931 0.03740522796943597517 0.00000000099999999931 0.00000000099999999931 0.00000000099999999931 
0.00000000099999999944 0.98967592775081214551 0.00000000099999999944 0.00000000099999999944 0.00000000099999999944 0.00000000099999999944 0.00017964593977718885 0.00000000099999999944 0.01014441930941090836 0.00000000099999999944 
0.00000000099999999889 0.99999999100000014352 0.00000000099999999889 0.00000000099999999889 0.00000000099999999889 0.00000000099999999889 0.00000000099999999889 0.00000000099999999889 0.00000000099999999889 0.00000000099999999889 
0.00000000099999999957 0.94747857475233898672 0.00000000099999999957 0.00000000099999999957 0.00405216173454552193 0.00000000099999999957 0.02397015126808812319 0.00000000099999999957 0.02449910624502753612 0.00000000099999999957 
0.00000000099999999961 0.92336802576050458491 0.00000000099999999961 0.00000000099999999961 0.00320004283343093901 0.00000000099999999961 0.07273394865460262870 0.00000000099999999961 0.00069797675146193933 0.00000000099999999961 
0.00000000099999999967 0.96436947196513900238 0.00000000099999999967 0.00000000099999999967 0.00000000099999999967 0.00000000099999999967 0.00000000099999999967 0.00000000099999999967 0.03563052003486111979 0.00000000099999999967 
0.00000000099999999978 0.92283320979630067971 0.00000000099999999978 0.00000000099999999978 0.00000000099999999978 0.00000000099999999978 0.06506952424527616408 0.01209725895842328133 0.00000000099999999978 0.00000000099999999978 
0.00500521572995940318 0.88442505693024464630 0.00000000099999999960 0.00000000099999999960 0.00000000099999999960 0.00000000099999999960 0.06404197308421107071 0.00000000099999999960 0.04652774825558488730 0.00000000099999999960 
0.00000000099999999951 0.89546071943840621632 0.00000000099999999951 0.00000000099999999951 0.00000000099999999951 0.00000000099999999951 0.07284746734333739926 0.00776404961284208640 0.02392775760541430985 0.00000000099999999951 
0.00000000099999999988 0.96214644443724162137 0.00000000099999999988 0.00000000099999999988 0.00000000099999999988 0.00000000099999999988 0.02186922434036923588 0.00000000099999999988 0.01463611309118993849 0.00134821213119942535 
0.00672537741758527825 0.91851478438901512646 0.00000000099999999960 0.00000000099999999960 0.00000000099999999960 0.00000000099999999960 0.07475983119339985050 0.00000000099999999960 0.00000000099999999960 0.00000000099999999960 
0.00000000099999999969 0.93209046164675291024 0.00000000099999999969 0.00000000099999999969 0.00424047602401080460 0.00000000099999999969 0.05602193088313315444 0.00000000099999999969 0.00764712544610322842 0.00000000099999999969 
0.00000000099999999954 0.94860426655970164767 0.00000000099999999954 0.00000000099999999954 0.00000000099999999954 0.00000000099999999954 0.04764483746270611886 0.00375088897759245790 0.00000000099999999954 0.00000000099999999954 
0.00000000099999999971 0.96314730648205959529 0.00000000099999999971 0.00000000099999999971 0.00207736589799362116 0.00000000099999999971 0.03477532061994688395 0.00000000099999999971 0.00000000099999999971 0.00000000099999999971 
0.00000000099999999963 0.92218144030781679099 0.00000000099999999963 0.00000000099999999963 0.00000000099999999963 0.00000000099999999963 0.07781441298775824966 0.00000000099999999963 0.00000413970442514706 0.00000000099999999963 
0.00525848374759718944 0.93374674642137267533 0.00000000099999999939 0.00000000099999999939 0.00000000099999999939 0.00000000099999999939 0.06099476283103039825 0.00000000099999999939 0.00000000099999999939 0.00000000099999999939 
0.00000000099999999959 0.87041314908214562074 0.00000000099999999959 0.00000000099999999959 0.00000000099999999959 0.00000000099999999959 0.04663929207712395192 0.00790371118354461256 0.07504384165718584743 0.00000000099999999959 
0.01423382433185413874 0.91702887276950395545 0.00000000099999999956 0.00000000099999999956 0.00000000099999999956 0.00000000099999999956 0.06873726548505595946 0.00000000099999999956 0.00000003141358604427 0.00000000099999999956 
0.00000000099999999979 0.94918270944735427808 0.00000000099999999979 0.00000000099999999979 0.00000000099999999979 0.00000000099999999979 0.03588500228531531222 0.00000000099999999979 0.01493228126733071696 0.00000000099999999979 
0.00000000099999999955 0.89997877451980545782 0.00000000099999999955 0.00000000099999999955 0.00000000099999999955 0.00000000099999999955 0.10002121748019462966 0.00000000099999999955 0.00000000099999999955 0.00000000099999999955 
0.00000000099999999938 0.87992329549130399169 0.00000000099999999938 0.00000000099999999938 0.00000000099999999938 0.00000000099999999938 0.07880259143061026095 0.00000000099999999938 0.04127410607808595228 0.00000000099999999938 
0.00000000099999999961 0.88680713157991519768 0.00000000099999999961 0.00000000099999999961 0.00000000099999999961 0.00000000099999999961 0.05608775012075369049 0.00185961376119925573 0.05524549853813196659 0.00000000099999999961 
0.00000000099999999996 0.78452708264534976035 0.00000000099999999996 0.00000000099999999996 0.01298801927340561234 0.00000000099999999996 0.06175606163207437299 0.00000000099999999996 0.14072883044917014472 0.00000000099999999996 
0.00000000099999999998 0.50733172252765024179 0.00000000099999999998 0.00000000099999999998 0.00000000099999999998 0.00000000099999999998 0.18362981374974601811 0.00446468961927602541 0.30457376810332781325 0.00000000099999999998 
0.00000000099999999998 0.64938082587482570673 0.00000000099999999998 0.00000000099999999998 0.00000000099999999998 0.00000000099999999998 0.07681660493941450119 0.03927031059880932429 0.23453225258695062361 0.00000000099999999998 
0.00000000099999999945 0.90283909229531156271 0.00624667744458758979 0.00000000099999999945 0.00000000099999999945 0.00000000099999999945 0.06504915854401763231 0.00000000099999999945 0.02586506571608333110 0.00000000099999999945 
0.03090761067953631119 0.76040816684772905010 0.00000000099999999996 0.00000000099999999996 0.00000000099999999996 0.00000000099999999996 0.10535340735145784508 0.00000000099999999996 0.10333080912127706741 0.00000000099999999996 
0.00559415755618784035 0.39960363626842221318 0.00000000099999999998 0.00000000099999999998 0.00000000099999999998 0.00000000099999999998 0.27129197472964999838 0.00000000099999999998 0.32351022544573976303 0.00000000099999999998 
0.00000000099999999979 0.94709011659472641664 0.00000000099999999979 0.00000000099999999979 0.00000000099999999979 0.00000000099999999979 0.01601609245264630846 0.00000000099999999979 0.03689378395262737226 0.00000000099999999979 
0.00084890027995804631 0.55400095406069227444 0.00993136766217743959 0.00000000099999999998 0.00000000099999999998 0.00000000099999999998 0.00000002991920936801 0.00000000099999999998 0.43521874307796304393 0.00000000099999999998 
0.00000000099999999977 0.86795538575258646130 0.01588187126837967839 0.00000000099999999977 0.00000000099999999977 0.00000000099999999977 0.03942083573319646317 0.00000000099999999977 0.07674190124583743500 0.00000000099999999977 
0.00000000099999999987 0.95721144275614478136 0.00192138330270581140 0.00000000099999999987 0.00000000099999999987 0.00000000099999999987 0.01794300741163068827 0.00000000099999999987 0.02292416052951881666 0.00000000099999999987 
0.00000000099999999946 0.88571356851295546253 0.00841816943411398920 0.00000000099999999946 0.00000000099999999946 0.00000000099999999946 0.01419229301667127019 0.00000000099999999946 0.09167596303625938359 0.00000000099999999946 
0.00000000099999999985 0.89018298147938845766 0.00204054734987536672 0.00000000099999999985 0.00000000099999999985 0.00000000099999999985 0.02097254715120783555 0.00004946678601870408 0.08675445223350963797 0.00000000099999999985 
0.00000000099999999903 0.91402706938937705594 0.00000000099999999903 0.00000000099999999903 0.00000000099999999903 0.00000000099999999903 0.04275477722637564815 0.00000000099999999903 0.04321814638424731347 0.00000000099999999903 
