0.99999999699999997382 0.00000000099999999941 0.00000000099999999941 0.00000000099999999941 
0.99999999700000008485 0.00000000099999999944 0.00000000099999999944 0.00000000099999999944 
0.99999999700000008485 0.00000000099999999942 0.00000000099999999942 0.00000000099999999942 
0.99999999700000008485 0.00000000099999999944 0.00000000099999999944 0.00000000099999999944 
0.99999999700000008485 0.00000000099999999945 0.00000000099999999945 0.00000000099999999945 
0.99999999700000008485 0.00000000099999999945 0.00000000099999999945 0.00000000099999999945 
0.99999999700000008485 0.00000000099999999942 0.00000000099999999942 0.00000000099999999942 
0.99999999700000008485 0.00000000099999999947 0.00000000099999999947 0.00000000099999999947 
0.99999999699999997382 0.00000000099999999943 0.00000000099999999943 0.00000000099999999943 
0.99999999699999997382 0.00000000099999999946 0.00000000099999999946 0.00000000099999999946 
0.99999999700000008485 0.00000000099999999945 0.00000000099999999945 0.00000000099999999945 
0.99999999700000008485 0.00000000099999999954 0.00000000099999999954 0.00000000099999999954 
0.99999999700000008485 0.00000000099999999944 0.00000000099999999944 0.00000000099999999944 
0.99999999700000008485 0.00000000099999999942 0.00000000099999999942 0.00000000099999999942 
0.99999999699999997382 0.00000000099999999944 0.00000000099999999944 0.00000000099999999944 
0.99999999699999997382 0.00000000099999999944 0.00000000099999999944 0.00000000099999999944 
0.99999999699999997382 0.00000000099999999944 0.00000000099999999944 0.00000000099999999944 
0.99999999699999997382 0.00000000099999999948 0.00000000099999999948 0.00000000099999999948 
0.99999999700000008485 0.00000000099999999949 0.00000000099999999949 0.00000000099999999949 
0.99999999700000008485 0.00000000099999999947 0.00000000099999999947 0.00000000099999999947 
0.99999999700000008485 0.00000000099999999945 0.00000000099999999945 0.00000000099999999945 
0.99999999699999997382 0.00000000099999999946 0.00000000099999999946 0.00000000099999999946 
0.99999999699999997382 0.00000000099999999945 0.00000000099999999945 0.00000000099999999945 
0.99999999700000008485 0.00000000099999999946 0.00000000099999999946 0.00000000099999999946 
0.99999999700000008485 0.00000000099999999960 0.00000000099999999960 0.00000000099999999960 
0.99999999700000008485 0.00000000099999999945 0.00000000099999999945 0.00000000099999999945 
0.99999999700000008485 0.00000000099999999947 0.00000000099999999947 0.00000000099999999947 
0.99999999700000008485 0.00000000099999999947 0.00000000099999999947 0.00000000099999999947 
0.99999999699999997382 0.00000000099999999949 0.00000000099999999949 0.00000000099999999949 
0.99999999700000008485 0.00000000099999999947 0.00000000099999999947 0.00000000099999999947 
0.99999999700000008485 0.00000000099999999954 0.00000000099999999954 0.00000000099999999954 
0.99999999699999997382 0.00000000099999999963 0.00000000099999999963 0.00000000099999999963 
0.99999999700000008485 0.00000000099999999953 0.00000000099999999953 0.00000000099999999953 
0.99999999700000008485 0.00000000099999999960 0.00000000099999999960 0.00000000099999999960 
0.99999999700000008485 0.00000000099999999951 0.00000000099999999951 0.00000000099999999951 
0.99999999699999997382 0.00000000099999999957 0.00000000099999999957 0.00000000099999999957 
0.99999999700000008485 0.00000000099999999953 0.00000000099999999953 0.00000000099999999953 
0.99999999700000008485 0.00000000099999999954 0.00000000099999999954 0.00000000099999999954 
0.99999999699999997382 0.00000000099999999955 0.00000000099999999955 0.00000000099999999955 
0.99999999699999997382 0.00000000099999999967 0.00000000099999999967 0.00000000099999999967 
0.99999999700000008485 0.00000000099999999952 0.00000000099999999952 0.00000000099999999952 
0.99999999699999997382 0.00000000099999999960 0.00000000099999999960 0.00000000099999999960 
0.99999999699999997382 0.00000000099999999955 0.00000000099999999955 0.00000000099999999955 
0.99999999699999997382 0.00000000099999999954 0.00000000099999999954 0.00000000099999999954 
0.99999999700000008485 0.00000000099999999959 0.00000000099999999959 0.00000000099999999959 
0.99999999700000008485 0.00000000099999999955 0.00000000099999999955 0.00000000099999999955 
0.99999999699999997382 0.00000000099999999956 0.00000000099999999956 0.00000000099999999956 
0.99999999699999997382 0.00000000099999999966 0.00000000099999999966 0.00000000099999999966 
0.99999999699999997382 0.00000000099999999968 0.00000000099999999968 0.00000000099999999968 
0.99999999700000008485 0.00000000099999999972 0.00000000099999999972 0.00000000099999999972 
0.99999999699999997382 0.00000000099999999984 0.00000000099999999984 0.00000000099999999984 
0.00000000099999999986 0.40137751883067718239 0.59862247916932276315 0.00000000099999999986 
0.00000000099999999972 0.44301232367677056967 0.55698767432322926485 0.00000000099999999972 
0.00000000099999999987 0.48815060183167191532 0.51184939616832791920 0.00000000099999999987 
0.00000000099999999963 0.39265073463031741063 0.60734926336968242389 0.00000000099999999963 
0.00000000099999999968 0.39585391137789971427 0.60414608662210034229 0.00000000099999999968 
0.00000000099999999963 0.40180200529762138961 0.59819799270237850042 0.00000000099999999963 
0.00000000099999999979 0.39628941908493453550 0.60371057891506541004 0.00000000099999999979 
0.00000000099999999968 0.37379119318989290077 0.62620880481010710028 0.00000000099999999968 
0.00000000099999999975 0.40450667517137461893 0.59549332282862521559 0.00000000099999999975 
0.00000000099999999999 0.39927380085576874569 0.59627042259078311126 0.00445577555344814358 
0.00000000099999999970 0.42527604078189906733 0.57472395721810087821 0.00000000099999999970 
0.00000000099999999971 0.42113389731680361816 0.57886610068319632738 0.00000000099999999971 
0.00000000099999999997 0.42725951076607593393 0.56823994100437591470 0.00450054722954818312 
0.00000000099999999974 0.42989848924952783760 0.57010150875047216346 0.00000000099999999974 
0.00000000099999999990 0.37886307607502661687 0.62113692192497327316 0.00000000099999999990 
0.00000000099999999964 0.39178305197766388757 0.60821694602233600246 0.00000000099999999964 
0.00000000099999999982 0.48862642876138107084 0.51137356923861887470 0.00000000099999999982 
0.00000000099999999990 0.48088638809859080014 0.51911360990140908989 0.00000000099999999990 
0.00000000099999999971 0.43184488116324376561 0.56815511683675612442 0.00000000099999999971 
0.00000000099999999969 0.41878708334174191696 0.58121291465825797307 0.00000000099999999969 
0.00000000099999999974 0.41094893941253057834 0.58905105858746931169 0.00000000099999999974 
0.00000000099999999962 0.40715221955356289962 0.59284777844643687938 0.00000000099999999962 
0.00000000099999999975 0.44329527780950195304 0.55670472019049788148 0.00000000099999999975 
0.00000000099999999974 0.46479058362379854774 0.53520941437620139780 0.00000000099999999974 
0.00000000099999999984 0.49228691593718809649 0.50771308206281184905 0.00000000099999999984 
0.00000000099999999969 0.40474125493485951788 0.59525874306514048317 0.00000000099999999969 
0.00000000099999999974 0.46621765469585801922 0.53378234330414198183 0.00000000099999999974 
0.00049550532626528652 0.45346321337855005629 0.54150822757183925127 0.00453305372334542912 
0.00000000100000000000 0.40218963129265900003 0.59773595641875842954 0.00007441128858260810 
0.00000000099999999978 0.45001573631582525437 0.54998426168417458015 0.00000000099999999978 
0.00000000099999999970 0.38341710536574441504 0.61658289263425547500 0.00000000099999999970 
0.00262473086515259326 0.42708793161675112637 0.56919244982153471835 0.00109488769656168258 
0.00000000099999999987 0.54017215133483420519 0.45982784666516579586 0.00000000099999999987 
0.00000000099999999985 0.46134046354953750502 0.53865953445046232950 0.00000000099999999985 
0.00000000099999999979 0.47274670819071024086 0.52725328980928964917 0.00000000099999999979 
0.00000000099999999985 0.42260648340381690158 0.57739351459618293294 0.00000000099999999985 
0.00000000099999999979 0.48448567388742425077 0.51551432411257558375 0.00000000099999999979 
0.00000000099999999981 0.48299453195895691859 0.51700546604104302695 0.00000000099999999981 
0.00000000099999999981 0.51989792340837193141 0.48010207459162812516 0.00000000099999999981 
0.00000000099999999998 0.42159169008462976658 0.57741113713434333299 0.00099717178102692395 
0.00000000099999999987 0.42408913860031344223 0.57591085939968655882 0.00000000099999999987 
0.00000000099999999994 0.43560111235479359593 0.56439888564520623859 0.00000000099999999994 
0.00000000099999999981 0.41191811161686225917 0.58808188638313774188 0.00000000099999999981 
0.00000000099999999971 0.47598448980962076993 0.52401550819037923112 0.00000000099999999971 
0.00000000099999999972 0.45578772022972563471 0.54421227777027425532 0.00000000099999999972 
0.00000000099999999972 0.47159428791273239057 0.52840571008726766600 0.00000000099999999972 
0.00000000099999999973 0.45306584407616129484 0.54693415392383870621 0.00000000099999999973 
0.00000000099999999992 0.49664109501584763340 0.50335890298415242317 0.00000000099999999992 
0.00000000099999999973 0.44852168605258746492 0.55147831194741248062 0.00000000099999999973 
0.00000000099999999982 0.49789310936141784047 0.50210688863858210507 0.00000000099999999982 
0.00000000099999999974 0.43445787478912073487 0.56554212321087915516 0.00000000099999999974 
0.00000000099999999977 0.48936084494980230941 0.51063915305019758062 0.00000000099999999977 
0.00000000099999999983 0.46235557702495144738 0.53764442097504838713 0.00000000099999999983 
0.00000000099999999986 0.41992272589299800556 0.58007727210700199549 0.00000000099999999986 
0.00000000099999999978 0.44380034190562206442 0.55619965609437771459 0.00000000099999999978 
0.00000000099999999979 0.42627952538982488706 0.57372047261017500297 0.00000000099999999979 
0.00000000099999999986 0.43667969593876670986 0.56332030206123318017 0.00000000099999999986 
0.00024954416773634145 0.45535611245613744069 0.54439434237612616130 0.00000000099999999988 
0.00000000099999999974 0.44115790457465237084 0.55884209342534763021 0.00000000099999999974 
0.00000000099999999985 0.42743329047112937902 0.57256670752887062203 0.00000000099999999985 
0.00000000099999999972 0.47040010084352673614 0.52959989715647315389 0.00000000099999999972 
0.00000000099999999994 0.49112638811565251240 0.50887360988434737763 0.00000000099999999994 
0.00148466320738871514 0.46420800032860326523 0.53430733546400810408 0.00000000099999999990 
0.00000022917727659549 0.47937023042725146471 0.52062953939547185200 0.00000000099999999997 
0.00000000099999999983 0.42979702973848876724 0.57020296826151106728 0.00000000099999999983 
0.00000000099999999992 0.49989044818062250419 0.50010954981937738584 0.00000000099999999992 
0.00433036094259997648 0.38700621913720173461 0.60426093905363775782 0.00440248086656052414 
0.00156467621540838349 0.43938197581635907163 0.55545202663357984285 0.00360132133465264478 
0.00059591793416820238 0.44714106011998877577 0.54949383585948030628 0.00276918608636285337 
0.00059919896394778694 0.46309209888574948133 0.53535822926064391414 0.00095047288965883082 
0.00325654951291736057 0.47046299518806472539 0.52501306683025039668 0.00126738846876760323 
0.00284088217616140695 0.42986696526993450895 0.56555319717263641266 0.00173895538126760856 
0.00000000099999999976 0.00959742314846798346 0.99040257485153204708 0.00000000099999999976 
0.00000000099999999979 0.00000000099999999979 0.99999999699999997382 0.00000000099999999979 
0.00000000099999999983 0.00687100668912985369 0.99312899131087006843 0.00000000099999999983 
0.00000000099999999995 0.00000000099999999995 0.99999999699999986280 0.00000000099999999995 
0.00000000099999999973 0.00000000099999999973 0.99999999699999997382 0.00000000099999999973 
0.00000000099999999979 0.00000000099999999979 0.99999999699999997382 0.00000000099999999979 
0.00000000099999999985 0.00161537672659369880 0.99838462127340632524 0.00000000099999999985 
0.00000000099999999980 0.00600348906989185693 0.99399650893010804698 0.00000000099999999980 
0.00000000099999999977 0.00164337074563241812 0.99835662725436757903 0.00000000099999999977 
0.00016076702030884827 0.00000000099999999993 0.99983923097969107374 0.00000000099999999993 
0.00000000099999999977 0.00000000099999999977 0.99999999699999986280 0.00000000099999999977 
0.00000000099999999975 0.00376636553777206845 0.99623363246222784717 0.00000000099999999975 
0.00000000099999999976 0.00000000099999999976 0.99999999699999986280 0.00000000099999999976 
0.00000000099999999978 0.00000000099999999978 0.99999999699999997382 0.00000000099999999978 
0.00039099428083281455 0.00000000099999999985 0.99960900371916727725 0.00000000099999999985 
0.00000000099999999981 0.03072208757179629643 0.96927791042820365952 0.00000000099999999981 
0.00000000099999999985 0.00220145882770408138 0.99779853917229577309 0.00000000099999999985 
0.00000000099999999967 0.00000000099999999967 0.99999999699999986280 0.00000000099999999967 
0.00025100125105461573 0.01167910066382441860 0.98632459121259730139 0.00174530687252372673 
0.00000000099999999998 0.05224945778997695800 0.94638481583583711210 0.00136572537418582027 
0.00000000099999999991 0.00000000099999999991 0.99999999699999997382 0.00000000099999999991 
0.00241841802380037213 0.05255819088608400247 0.94083148792283866069 0.00419190316727695474 
0.00000000099999999996 0.07100211404642400859 0.92728098821212900926 0.00171689674144695904 
0.00000000099999999998 0.06388652762362484472 0.93305776985540778146 0.00305570152096741859 
0.00018696330169603467 0.01093254356999129318 0.98790303525039768751 0.00097745787791494077 
0.00000000100000000000 0.06188626020468433742 0.93567765954489878766 0.00243607925041683902 
0.00018112871068898942 0.03892858505015346637 0.95917445133833434401 0.00171583490082328864 
0.00000000100000000000 0.03022713097657412154 0.96893245686059414901 0.00084041116283177888 
0.00070214351113409232 0.02328164719491738338 0.97569656342696597928 0.00031964586698250257 
0.00000000099999999991 0.05899897302565723645 0.94100102497434279236 0.00000000099999999991 
0.00045152443465195892 0.03904008146509647947 0.95948830695304410110 0.00102008714720737761 
0.00077554935221346808 0.04119369183046660277 0.95509106462610471322 0.00293969419121513365 
0.00000000100000000000 0.05765227125773845357 0.93678988943691821056 0.00555783830534323751 
0.00000000099999999997 0.01974815383347845038 0.98025184416652144659 0.00000000099999999997 
0.00000000099999999988 0.06016030255068578747 0.93983969544931411644 0.00000000099999999988 
0.00000000099999999981 0.07877988444466596518 0.92122011355533406363 0.00000000099999999981 
0.00000000099999999998 0.04090471597195949327 0.95905436015180722809 0.00004092287623326261 
0.00343833839012092557 0.08801335949554557614 0.90433516834779237303 0.00421313376654105023 
0.00093019189804220931 0.12201070967506254250 0.87458203634168496521 0.00247706208521026152 
0.00915707044656323410 0.16573595441167202069 0.81542224894738446483 0.00968472619438029599 
0.00593611533897132459 0.05909805915980046592 0.93496582450122822650 0.00000000099999999986 
0.00000000100000000000 0.11139484394455025085 0.87742654910613138153 0.01117860594931839417 
0.00000000099999999999 0.25991604976867416221 0.74008394823132583884 0.00000000099999999999 
0.00064748586142619941 0.00511899976398827537 0.99423351337458543142 0.00000000099999999995 
0.01099431370026915898 0.00648573409214830542 0.98251995120758250923 0.00000000100000000000 
0.01566854458581843149 0.03307862875994806856 0.95125282565423352477 0.00000000099999999993 
0.00170998313113780677 0.01958348192010450281 0.97870653394875772868 0.00000000099999999997 
0.00809171234300519980 0.01676172281417195875 0.97514656384282272228 0.00000000099999999988 
0.00213680131793247963 0.02191473317687186312 0.97594846450519567860 0.00000000099999999997 
0.00000000099999999971 0.03848266661603366029 0.96151733138396622280 0.00000000099999999971 
0.00000000099999999983 0.00516378727482975398 0.99483621072517014472 0.00000000099999999983 
0.00000000099999999998 0.24817440670996243623 0.75073338522248822535 0.00109220706754938166 
0.00135460863515908005 0.22087594319168551982 0.77776944717315543709 0.00000000099999999990 
0.00386206647476219651 0.12217351291803139890 0.58814186940985357932 0.28582255119735283655 
0.00451887111321599196 0.27676534632601373920 0.71617809818675692846 0.00253768437401347352 
0.00243425929148883592 0.24923643088451993832 0.74566529306341622352 0.00266401676057493372 
0.00000369229622469628 0.11319167245991466897 0.57668966834379564723 0.31011496690006506993 
0.00000000100000000000 0.17508349052416094516 0.58216142535614578968 0.24275508311969323794 
0.00522931694018833639 0.12161443114087787387 0.62939306697907637655 0.24376318493985740798 
0.00768450129488056251 0.14696720261082776848 0.61665041164762790515 0.22869788444666369620 
0.00444013368809212990 0.17165291611384850268 0.60095919964273714076 0.22294775055532212171 
0.00000000099999999989 0.24078332995767062763 0.75921666804232945669 0.00000000099999999989 
0.00912171074427438854 0.13201303542294259841 0.58669711775764865624 0.27216813607513434814 
0.00681037187812322514 0.23371986343352951776 0.75420264042397766602 0.00526712426436963966 
0.00513926360773779740 0.15032598538611610661 0.54694774868905793319 0.29758700231708812289 
0.00258836284261959853 0.25663613034063109675 0.74077550581674933561 0.00000000099999999987 
0.00000000099999999986 0.26914230344606143719 0.73085769455393856386 0.00000000099999999986 
0.01358499267310884703 0.15305738813866334724 0.54570657651924225906 0.28765104266898544605 
0.00046714664447705060 0.22504936123639962542 0.77448349111912329068 0.00000000099999999991 
0.00000000099999999999 0.25922944562052618878 0.73862415075802168030 0.00214640262145218783 
0.00000000100000000000 0.12215425906965583780 0.87465237269514650720 0.00319336723519759221 
0.00000000100000000000 0.05119791834793992191 0.90131617066067515331 0.04748590999138491836 
0.00000000099999999999 0.06437019540536707829 0.93460211231702328138 0.00102769127760978093 
0.00000000100000000000 0.00642394173107947719 0.99266463368281387947 0.00091142358610674177 
0.00000000100000000000 0.05577691141357340315 0.91860942988345217763 0.02561365770297455158 
0.00000000099999999978 0.00000000099999999978 0.99999999699999997382 0.00000000099999999978 
0.00000000099999999979 0.00000000099999999979 0.99999999699999997382 0.00000000099999999979 
0.00702919253324166445 0.00000000100000000000 0.86055605127649903441 0.13241475519025919239 
0.00000000099999999994 0.00000000099999999994 0.99999999699999986280 0.00000000099999999994 
0.00000000099999999989 0.00000000099999999989 0.99999999699999986280 0.00000000099999999989 
0.00000000099999999955 0.00000000099999999955 0.99999999699999986280 0.00000000099999999955 
0.00000000099999999970 0.00050822766893992948 0.99949177033106006984 0.00000000099999999970 
0.00000000099999999970 0.00118386630736343440 0.99881613169263661067 0.00000000099999999970 
0.00000000099999999970 0.00000000099999999970 0.99999999699999997382 0.00000000099999999970 
0.00000000099999999962 0.00000000099999999962 0.99999999699999986280 0.00000000099999999962 
0.00000000099999999979 0.00818609621966751543 0.99181390178033257410 0.00000000099999999979 
0.00000000099999999990 0.00303560542397816272 0.99696439257602176287 0.00000000099999999990 
0.00000000099999999968 0.00000000099999999968 0.99999999699999986280 0.00000000099999999968 
0.00000000099999999999 0.00000000099999999999 0.99371151706170113282 0.00628848093829880318 
0.00031894037270597549 0.03325113424886028124 0.96642992437843378006 0.00000000099999999992 
0.00000000099999999983 0.00603795775358669743 0.99396204024641321428 0.00000000099999999983 
0.00000000099999999991 0.00639531529051251980 0.99360468270948731906 0.00000000099999999991 
0.00000000099999999968 0.00000000099999999968 0.99999999699999986280 0.00000000099999999968 
0.00000000099999999982 0.00000000099999999982 0.99999999699999986280 0.00000000099999999982 
0.00018094506620700427 0.00688235076737211699 0.99293670316642079765 0.00000000099999999997 
0.00000000099999999999 0.03991113623547087180 0.95552046731049555817 0.00456839545403357663 
0.00000000099999999982 0.00970859484321090309 0.99029140315678909623 0.00000000099999999982 
0.00000000099999999979 0.00646904392315023665 0.99353095407684965945 0.00000000099999999979 
0.00000000099999999966 0.00000000099999999966 0.99999999699999986280 0.00000000099999999966 
0.00000000099999999977 0.00449727304191516099 0.99550272495808478368 0.00000000099999999977 
0.00000000099999999982 0.02373487078538021045 0.97626512721461977673 0.00000000099999999982 
0.00000000099999999986 0.00718729677022933444 0.99281270122977061110 0.00000000099999999986 
0.00202235733091346527 0.07640850604429859361 0.92156913562478792734 0.00000000099999999997 
0.00154478069754909850 0.01155904039420127885 0.98689617790824968324 0.00000000099999999998 
0.00000000099999999992 0.00000000099999999992 0.99999999699999997382 0.00000000099999999992 
0.00000000099999999997 0.05308209500588054880 0.94636178660971104204 0.00055611738440845208 
0.00167693323963456048 0.00000000099999999986 0.99832306476036536402 0.00000000099999999986 
0.00313385089942931671 0.00000000100000000000 0.99371419032942465144 0.00315195777114611175 
0.00000000099999999998 0.00000000099999999998 0.99801896810809154204 0.00198102989190851973 
0.00798016187358739984 0.01146375154925931110 0.97456995739587382044 0.00598612918127959439 
0.00000000099999999999 0.00004523167733045075 0.99383125418583173616 0.00612351313683781248 
0.00000000099999999998 0.00000000099999999998 0.99809539050771978186 0.00190460749228013463 
0.00000000099999999988 0.01056510615205385507 0.98943489184794597424 0.00000000099999999988 
0.00000000099999999989 0.00467408908210199120 0.99532590891789796128 0.00000000099999999989 
0.00000000099999999986 0.03066043893945259030 0.96933955906054736218 0.00000000099999999986 
0.00435825426975033816 0.00000023707418145736 0.99564150765606806992 0.00000000099999999997 
0.00000000099999999980 0.00000000099999999980 0.99999999699999986280 0.00000000099999999980 
0.00312225667131824829 0.00408571184620829236 0.99186700481444423083 0.00092502666802911815 
0.00297738233783179400 0.13766300623039343098 0.85935961043177477858 0.00000000099999999998 
0.00000000099999999987 0.07041714399320649076 0.92958285400679352417 0.00000000099999999987 
0.00000598842146065181 0.00021080037126837027 0.99971029390769161616 0.00007291729957933090 
0.00000000099999999996 0.00000000099999999996 0.99999999699999997382 0.00000000099999999996 
0.00261271319628732061 0.00000000099999999999 0.99738728480371274809 0.00000000099999999999 
0.00440182967002003718 0.00000000100000000000 0.99404298504364396738 0.00155518428633603456 
0.00000000099999999991 0.01916324419728738029 0.98083675380271262423 0.00000000099999999991 
0.00000000099999999990 0.00032594710526081242 0.99967405089473915236 0.00000000099999999990 
0.00000000099999999985 0.04260975075018653274 0.95739024724981336423 0.00000000099999999985 
0.00200777462984932107 0.00000000099999999995 0.99799222337015069950 0.00000000099999999995 
0.00000000099999999984 0.00000000099999999984 0.99999999699999997382 0.00000000099999999984 
0.00000000099999999978 0.00000000099999999978 0.99999999699999986280 0.00000000099999999978 
0.00000000099999999999 0.00000000099999999999 0.99245474066067296270 0.00754525733932693947 
0.00000000099999999978 0.00000000099999999978 0.99999999699999986280 0.00000000099999999978 
0.00000000099999999999 0.01203627162154548118 0.98796372637845453202 0.00000000099999999999 
0.00000000099999999980 0.00000000099999999980 0.99999999699999986280 0.00000000099999999980 
0.00000000099999999995 0.00000000099999999995 0.99999999699999986280 0.00000000099999999995 
0.00000000099999999997 0.00502533508696409274 0.99443962162421695172 0.00053504228881905212 
0.00474071510161434406 0.01773703463727045390 0.97460199920694390308 0.00292025105417131458 
0.00000000099999999997 0.00000000099999999997 0.99871908668645270613 0.00128091131354717567 
0.00000000099999999994 0.00000000099999999994 0.99999999699999997382 0.00000000099999999994 
0.00000000099999999996 0.00604780821689356561 0.99307439531355257145 0.00087779546955403412 
0.00000000099999999998 0.01593574713798389525 0.98377850964004742718 0.00028574222196879015 
0.00000000099999999996 0.00909327021098411438 0.99090672778901589535 0.00000000099999999996 
0.00135898288406300803 0.00000000099999999997 0.99864101511593705851 0.00000000099999999997 
0.00000000099999999999 0.00105102756759478579 0.99055716189757270218 0.00839180953483241107 
0.00116733305065502444 0.00000000100000000000 0.99591685887589787018 0.00291580707344706296 
0.00414139548439161880 0.00568644742848407013 0.98965187202869997485 0.00052028505842435281 
0.00577077131557562212 0.08593798234972403749 0.89687714127421447330 0.01141410506048577515 
0.00025492615765099761 0.01045027069161015912 0.98648905679238740873 0.00280574635835131392 
0.00000000100000000000 0.03008930333658262415 0.96748532412428978056 0.00242537153912745921 
0.00000000099999999992 0.00000000099999999992 0.99999999699999986280 0.00000000099999999992 
0.00000000099999999979 0.00000000099999999979 0.99999999699999997382 0.00000000099999999979 
0.00090792653586402197 0.00000000099999999990 0.99909207146413592238 0.00000000099999999990 
0.00000000099999999997 0.00595038138829932090 0.99404961661170054832 0.00000000099999999997 
0.00000000099999999993 0.01018776106599272868 0.98981223693400710584 0.00000000099999999993 
0.00000000099999999999 0.00000000099999999999 0.99906968394694362079 0.00093031405305645887 
0.00000000099999999999 0.00000000099999999999 0.99535386544214432547 0.00464613255785557497 
0.00000000099999999998 0.00000000099999999998 0.99999999699999997382 0.00000000099999999998 
0.00117121946541822873 0.00000000100000000000 0.99347715758296795130 0.00535162195161390571 
0.00130803505310170720 0.00620297188795853899 0.99059085571834726291 0.00189813734059242996 
0.00208212365468363626 0.00000273175659547784 0.99229037207336956428 0.00562477251535139881 
0.00895133379575010178 0.00000000100000000000 0.98557834244975006666 0.00547032275449967857 
0.00000000100000000000 0.01166680959430718874 0.97612556159774965803 0.01220762780794311907 
0.00000000099999999998 0.00093755645752017819 0.99906244154247969558 0.00000000099999999998 
0.00000000099999999987 0.00000000099999999987 0.99999999699999986280 0.00000000099999999987 
0.00004638057212098209 0.00000000099999999992 0.99995361742787891579 0.00000000099999999992 
0.00380544128371823479 0.00132376611639378554 0.99487079159988800470 0.00000000099999999996 
0.00000000099999999992 0.00490180864453037581 0.99509818935546945351 0.00000000099999999992 
0.00196896206560233464 0.03259978055365590766 0.96543125638074167583 0.00000000099999999995 
0.00000000099999999993 0.01261970599883190450 0.98738029200116816941 0.00000000099999999993 
0.00000000099999999990 0.00000000099999999990 0.99999999699999986280 0.00000000099999999990 
0.00000000099999999966 0.00259640631004359138 0.99740359168995629258 0.00000000099999999966 
0.00000000099999999996 0.00000000099999999996 0.99999999699999986280 0.00000000099999999996 
0.00000000099999999998 0.00001126298691054209 0.99998873501308949141 0.00000000099999999998 
0.00000000099999999996 0.04076427265145185497 0.95923572534854806282 0.00000000099999999996 
0.00219705321586449905 0.02389029744777385403 0.97391264833636148612 0.00000000099999999995 
0.00000000099999999995 0.00595711520361234988 0.99404288279638763903 0.00000000099999999995 
0.00000000099999999999 0.02263013151757947358 0.97676453595890111448 0.00060533152351935099 
0.00000000099999999992 0.00000000099999999992 0.99999999699999997382 0.00000000099999999992 
0.00106486929824341388 0.01339583129107446181 0.97960150780392940550 0.00593779160675281595 
0.00000000099999999999 0.01363703515684938812 0.97908211869030103980 0.00728084515284970184 
0.00000000099999999999 0.00000000099999999999 0.99903496730890184452 0.00096503069109819069 
0.00000000099999999999 0.00000000099999999999 0.99798948432371925588 0.00201051367628068359 
0.00000000099999999976 0.00000000099999999976 0.99999999699999986280 0.00000000099999999976 
0.00000000099999999992 0.01651549199355446459 0.98348450600644543584 0.00000000099999999992 
0.00000000099999999986 0.00000000099999999986 0.99999999699999986280 0.00000000099999999986 
0.00000000099999999990 0.00843462182968427246 0.99156537617031581533 0.00000000099999999990 
0.00000000099999999986 0.00000579143810438974 0.99999420656189563772 0.00000000099999999986 
0.00000000099999999990 0.01981271099690886175 0.98018728700309110113 0.00000000099999999990 
0.00000000099999999981 0.00488255832988686474 0.99511743967011312417 0.00000000099999999981 
0.00052651680852137906 0.07436501349951153694 0.92374793509008346071 0.00136053460188375057 
0.00000000099999999986 0.00000000099999999986 0.99999999699999997382 0.00000000099999999986 
0.00000000099999999988 0.00000000099999999988 0.99999999699999997382 0.00000000099999999988 
0.00000000099999999991 0.01794117061175527078 0.98205882738824468170 0.00000000099999999991 
0.00000000099999999982 0.00181799294687797082 0.99818200505312204562 0.00000000099999999982 
0.00000000099999999984 0.00000000099999999984 0.99999999699999997382 0.00000000099999999984 
0.00000000099999999995 0.00000000405087716397 0.99999999394912286732 0.00000000099999999995 
0.00000000099999999985 0.00000000099999999985 0.99999999699999997382 0.00000000099999999985 
0.00000000099999999986 0.00488631866332534838 0.99511367933667460584 0.00000000099999999986 
0.00000000099999999980 0.00000000099999999980 0.99999999699999986280 0.00000000099999999980 
0.00000000099999999978 0.00304249994133987296 0.99695749805865996329 0.00000000099999999978 
0.00000000099999999983 0.00000000099999999983 0.99999999699999986280 0.00000000099999999983 
0.00090091096334998528 0.00000000100000000000 0.99706855807520777812 0.00203052996144215776 
0.00079147921883657060 0.00000000100000000000 0.99787896846625923075 0.00132955131490428038 
0.00000000099999999999 0.00181267848845144690 0.99707300650481911486 0.00111431400672952941 
0.00000000099999999992 0.00000000099999999992 0.99999999699999997382 0.00000000099999999992 
0.00000000099999999963 0.00000000099999999963 0.99999999699999986280 0.00000000099999999963 
0.00000000099999999966 0.00000000099999999966 0.99999999699999986280 0.00000000099999999966 
0.00000000099999999979 0.00254382015363385002 0.99745617784636619874 0.00000000099999999979 
0.00000000099999999975 0.00000000099999999975 0.99999999699999997382 0.00000000099999999975 
0.00000000099999999969 0.00228958814963453388 0.99771040985036552051 0.00000000099999999969 
0.00000000099999999967 0.00183596954770669620 0.99816402845229335039 0.00000000099999999967 
0.00000000099999999978 0.00000000099999999978 0.99999999699999997382 0.00000000099999999978 
0.00000000099999999963 0.00000000099999999963 0.99999999699999986280 0.00000000099999999963 
0.00000000099999999984 0.00420197198575622023 0.99579802601424383113 0.00000000099999999984 
0.00000000099999999972 0.00137608585291053732 0.99862391214708945419 0.00000000099999999972 
0.00000000099999999969 0.00000000099999999969 0.99999999699999986280 0.00000000099999999969 
0.00000000099999999990 0.01021548008225176690 0.98978451791774813007 0.00000000099999999990 
0.00000000099999999983 0.00000000099999999983 0.99999999699999997382 0.00000000099999999983 
0.00000000099999999985 0.00000000099999999985 0.99999999699999986280 0.00000000099999999985 
0.00000000099999999981 0.00000000099999999981 0.99999999699999986280 0.00000000099999999981 
0.00000000099999999977 0.00239755701700695815 0.99760244098299288851 0.00000000099999999977 
0.00000000099999999972 0.00000000099999999972 0.99999999699999997382 0.00000000099999999972 
0.00000000099999999971 0.00282019625435234568 0.99717980174564768703 0.00000000099999999971 
0.00000000099999999981 0.00000000099999999981 0.99999999699999986280 0.00000000099999999981 
0.00000000099999999985 0.00753233724677813358 0.99246766075322179201 0.00000000099999999985 
0.00000000099999999975 0.00754663388025544370 0.99245336411974460766 0.00000000099999999975 
0.00000000099999999999 0.00861681307445393355 0.98747755708570106314 0.00390562883984505978 
0.00000000099999999999 0.01950697099500904239 0.97416274885064557676 0.00633027915434533281 
0.00000209245644058260 0.00000000099999999992 0.99999790554355938443 0.00000000099999999992 
0.00000000099999999999 0.01919956082247004092 0.97807100901810617444 0.00272942915942373963 
0.00082020403898288251 0.00439281712643547692 0.99057528077597545302 0.00421169805860620305 
0.00000000099999999999 0.00000000099999999999 0.99494984965917743214 0.00505014834082252988 
0.00000000099999999998 0.00000000099999999998 0.99864297665330048481 0.00135702134669952491 
0.00000000099999999997 0.00000000099999999997 0.99999999699999986280 0.00000000099999999997 
0.00000000099999999998 0.00000000099999999998 0.99707279161750761443 0.00292720638249232244 
0.00000000099999999999 0.00433590157228845412 0.99307903015157616977 0.00258506727613542564 
0.00000000099999999987 0.00018107291054420680 0.99981892508945569009 0.00000000099999999987 
0.00056839964114423767 0.01623736982590163330 0.97712643885600436455 0.00606779167694968674 
0.00035931734424650690 0.00474177755613396090 0.99211656249349555736 0.00278234260612397278 
0.00000000100000000000 0.66739505350628502978 0.33260494449371491577 0.00000000100000000000 
0.00867475076501640109 0.61072387227846824942 0.38060137595651538645 0.00000000100000000000 
0.00513448957561073605 0.37410265995717778553 0.61729512056564528333 0.00346772990156618468 
0.00000000099999999985 0.01074154139541511066 0.98925845660458489039 0.00000000099999999985 
0.00000000099999999986 0.00214342945543246613 0.99785656854456761256 0.00000000099999999986 
0.00000000099999999976 0.00000000099999999976 0.99999999699999997382 0.00000000099999999976 
0.00000000099999999976 0.00000000099999999976 0.99999999699999986280 0.00000000099999999976 
0.00000000100000000000 0.00187935162968727934 0.98955715753870077123 0.00856348983161185108 
0.00083231775557511165 0.00000000099999999992 0.99916768024442492724 0.00000000099999999992 
0.00000000099999999998 0.01366168614477731094 0.98538643353947108494 0.00095187931575170970 
0.00000000099999999978 0.00000000099999999978 0.99999999699999986280 0.00000000099999999978 
0.00000000099999999984 0.00000000099999999984 0.99999999699999986280 0.00000000099999999984 
0.00000000099999999987 0.00000000099999999987 0.99999999699999986280 0.00000000099999999987 
0.00000000099999999983 0.00000000099999999983 0.99999999699999986280 0.00000000099999999983 
0.00877837953779001673 0.00000000099999999995 0.99122161846221001902 0.00000000099999999995 
0.00234338625018743699 0.00000000099999999979 0.99765661174981257187 0.00000000099999999979 
0.00752677924658536578 0.00000000099999999990 0.99247321875341454334 0.00000000099999999990 
0.00000000099999999974 0.00000000099999999974 0.99999999699999997382 0.00000000099999999974 
0.00000000099999999968 0.00000000099999999968 0.99999999699999997382 0.00000000099999999968 
0.01154658156384023859 0.00000000099999999982 0.98845341643615980409 0.00000000099999999982 
0.00000000099999999977 0.00000000099999999977 0.99999999699999986280 0.00000000099999999977 
0.00000000099999999970 0.00000000099999999970 0.99999999699999986280 0.00000000099999999970 
0.00061042129094999206 0.00000000099999999981 0.99938957670905004260 0.00000000099999999981 
0.00000000099999999973 0.00194582927581145163 0.99805416872418861729 0.00000000099999999973 
0.00000000099999999981 0.00000000099999999981 0.99999999699999997382 0.00000000099999999981 
0.00010810373446438512 0.00000000100000000000 0.99723704510902422271 0.00265485015651138355 
0.00000000099999999976 0.00565304169347224592 0.99434695630652769616 0.00000000099999999976 
0.00000000099999999983 0.00000000099999999983 0.99999999699999997382 0.00000000099999999983 
0.00000000099999999969 0.00689772823565186228 0.99310226976434823332 0.00000000099999999969 
0.00000000099999999999 0.00292879371592823668 0.99448859289633173564 0.00258261238774004772 
0.00000000099999999969 0.00000000099999999969 0.99999999699999986280 0.00000000099999999969 
0.00000000099999999968 0.00282248924739527405 0.99717750875260480203 0.00000000099999999968 
0.00000000099999999978 0.01134461861793007245 0.98865537938206993207 0.00000000099999999978 
0.00000000099999999959 0.00000000099999999959 0.99999999699999997382 0.00000000099999999959 
0.00000000099999999965 0.00328271730800976753 0.99671728069199017064 0.00000000099999999965 
0.00000000099999999983 0.00000000099999999983 0.99999999699999986280 0.00000000099999999983 
0.00000000099999999975 0.01126750637826470086 0.98873249162173537652 0.00000000099999999975 
0.00000000099999999973 0.00000000099999999973 0.99999999699999986280 0.00000000099999999973 
0.00000000099999999988 0.04027789274163579014 0.95972210525836409989 0.00000000099999999988 
0.00000000099999999982 0.01000045219892535531 0.98999954580107474289 0.00000000099999999982 
0.00082172496673006267 0.00000000099999999994 0.99917827303327000354 0.00000000099999999994 
0.00000000099999999979 0.00271924385816414487 0.99728075414183570135 0.00000000099999999979 
0.00066414796673314907 0.01517852810698802797 0.98415732292627888800 0.00000000099999999993 
0.00000000099999999985 0.01197952727158657464 0.98802047072841336917 0.00000000099999999985 
0.00000000099999999974 0.00347869160052421272 0.99652130639947578139 0.00000000099999999974 
0.00000000099999999972 0.00000000099999999972 0.99999999699999997382 0.00000000099999999972 
0.00000000099999999977 0.00673884237925196500 0.99326115562074812626 0.00000000099999999977 
0.00000000099999999991 0.04002461667317971233 0.95997538132682025402 0.00000000099999999991 
0.00000000099999999964 0.00000000099999999964 0.99999999699999997382 0.00000000099999999964 
0.00000000099999999986 0.00164122132064762737 0.99835877667935246649 0.00000000099999999986 
0.00000000099999999999 0.00154218915015074233 0.99455195365872062219 0.00390585619112856705 
0.00000000099999999975 0.00000000099999999975 0.99999999699999997382 0.00000000099999999975 
0.00000000099999999979 0.00000000099999999979 0.99999999699999997382 0.00000000099999999979 
0.00000000099999999956 0.00000000099999999956 0.99999999699999997382 0.00000000099999999956 
0.00148553244703236460 0.00111005933202509605 0.99624628559718320098 0.00115812262375934922 
0.00000000099999999996 0.00000000099999999996 0.99885556429279509505 0.00114443370720485526 
0.00000000099999999973 0.00000000099999999973 0.99999999699999997382 0.00000000099999999973 
0.00000000099999999968 0.00000000099999999968 0.99999999699999986280 0.00000000099999999968 
0.00000000099999999988 0.00000000099999999988 0.99999999699999986280 0.00000000099999999988 
0.00000000099999999959 0.00000000099999999959 0.99999999699999997382 0.00000000099999999959 
0.00000000099999999996 0.00000000099999999996 0.99999999699999997382 0.00000000099999999996 
0.00000000099999999993 0.00000000099999999993 0.99999999699999986280 0.00000000099999999993 
0.00000000099999999983 0.00000000099999999983 0.99999999699999986280 0.00000000099999999983 
0.00000000099999999990 0.00000000099999999990 0.99999999699999997382 0.00000000099999999990 
0.00000000099999999997 0.00285571119836071363 0.99621945899938624258 0.00092482880225311544 
0.00000000099999999992 0.00000000099999999992 0.99999999699999986280 0.00000000099999999992 
0.00024982264918349241 0.00000000100000000000 0.99653000134457647707 0.00322017500624004497 
0.00000000099999999998 0.00655737930021040982 0.99123896894065344210 0.00220365075913626050 
