0.99999999600000011313 0.00000000099999999915 0.00000000099999999915 0.00000000099999999915 0.00000000099999999915 
0.99999999600000011313 0.00000000099999999920 0.00000000099999999920 0.00000000099999999920 0.00000000099999999920 
0.99999999600000011313 0.00000000099999999917 0.00000000099999999917 0.00000000099999999917 0.00000000099999999917 
0.99999999600000011313 0.00000000099999999919 0.00000000099999999919 0.00000000099999999919 0.00000000099999999919 
0.99999999600000000211 0.00000000099999999922 0.00000000099999999922 0.00000000099999999922 0.00000000099999999922 
0.99999999600000000211 0.00000000099999999922 0.00000000099999999922 0.00000000099999999922 0.00000000099999999922 
0.99999999600000000211 0.00000000099999999917 0.00000000099999999917 0.00000000099999999917 0.00000000099999999917 
0.99999999600000011313 0.00000000099999999924 0.00000000099999999924 0.00000000099999999924 0.00000000099999999924 
0.99999999600000000211 0.00000000099999999918 0.00000000099999999918 0.00000000099999999918 0.00000000099999999918 
0.99999999600000011313 0.00000000099999999924 0.00000000099999999924 0.00000000099999999924 0.00000000099999999924 
0.99999999600000011313 0.00000000099999999921 0.00000000099999999921 0.00000000099999999921 0.00000000099999999921 
0.99999999600000011313 0.00000000099999999935 0.00000000099999999935 0.00000000099999999935 0.00000000099999999935 
0.99999999600000011313 0.00000000099999999921 0.00000000099999999921 0.00000000099999999921 0.00000000099999999921 
0.99999999600000000211 0.00000000099999999918 0.00000000099999999918 0.00000000099999999918 0.00000000099999999918 
0.99999999600000000211 0.00000000099999999920 0.00000000099999999920 0.00000000099999999920 0.00000000099999999920 
0.99999999600000000211 0.00000000099999999920 0.00000000099999999920 0.00000000099999999920 0.00000000099999999920 
0.99999999600000000211 0.00000000099999999919 0.00000000099999999919 0.00000000099999999919 0.00000000099999999919 
0.99999999600000000211 0.00000000099999999926 0.00000000099999999926 0.00000000099999999926 0.00000000099999999926 
0.99999999600000011313 0.00000000099999999927 0.00000000099999999927 0.00000000099999999927 0.00000000099999999927 
0.99999999600000011313 0.00000000099999999925 0.00000000099999999925 0.00000000099999999925 0.00000000099999999925 
0.99999999600000011313 0.00000000099999999922 0.00000000099999999922 0.00000000099999999922 0.00000000099999999922 
0.99999999600000000211 0.00000000099999999924 0.00000000099999999924 0.00000000099999999924 0.00000000099999999924 
0.99999999600000011313 0.00000000099999999922 0.00000000099999999922 0.00000000099999999922 0.00000000099999999922 
0.99999999600000000211 0.00000000099999999923 0.00000000099999999923 0.00000000099999999923 0.00000000099999999923 
0.99999999600000011313 0.00000000099999999944 0.00000000099999999944 0.00000000099999999944 0.00000000099999999944 
0.99999999600000011313 0.00000000099999999922 0.00000000099999999922 0.00000000099999999922 0.00000000099999999922 
0.99999999600000000211 0.00000000099999999924 0.00000000099999999924 0.00000000099999999924 0.00000000099999999924 
0.99999999600000000211 0.00000000099999999925 0.00000000099999999925 0.00000000099999999925 0.00000000099999999925 
0.99999999600000011313 0.00000000099999999927 0.00000000099999999927 0.00000000099999999927 0.00000000099999999927 
0.99999999600000011313 0.00000000099999999925 0.00000000099999999925 0.00000000099999999925 0.00000000099999999925 
0.99999999600000000211 0.00000000099999999935 0.00000000099999999935 0.00000000099999999935 0.00000000099999999935 
0.99999999600000000211 0.00000000099999999947 0.00000000099999999947 0.00000000099999999947 0.00000000099999999947 
0.99999999600000000211 0.00000000099999999933 0.00000000099999999933 0.00000000099999999933 0.00000000099999999933 
0.99999999600000011313 0.00000000099999999942 0.00000000099999999942 0.00000000099999999942 0.00000000099999999942 
0.99999999600000000211 0.00000000099999999931 0.00000000099999999931 0.00000000099999999931 0.00000000099999999931 
0.99999999600000000211 0.00000000099999999938 0.00000000099999999938 0.00000000099999999938 0.00000000099999999938 
0.99999999600000000211 0.00000000099999999933 0.00000000099999999933 0.00000000099999999933 0.00000000099999999933 
0.99999999600000000211 0.00000000099999999934 0.00000000099999999934 0.00000000099999999934 0.00000000099999999934 
0.99999999600000011313 0.00000000099999999936 0.00000000099999999936 0.00000000099999999936 0.00000000099999999936 
0.99999999600000000211 0.00000000099999999951 0.00000000099999999951 0.00000000099999999951 0.00000000099999999951 
0.99999999600000011313 0.00000000099999999933 0.00000000099999999933 0.00000000099999999933 0.00000000099999999933 
0.99999999600000011313 0.00000000099999999941 0.00000000099999999941 0.00000000099999999941 0.00000000099999999941 
0.99999999600000000211 0.00000000099999999935 0.00000000099999999935 0.00000000099999999935 0.00000000099999999935 
0.99999999600000011313 0.00000000099999999934 0.00000000099999999934 0.00000000099999999934 0.00000000099999999934 
0.99999999600000011313 0.00000000099999999941 0.00000000099999999941 0.00000000099999999941 0.00000000099999999941 
0.99999999600000011313 0.00000000099999999935 0.00000000099999999935 0.00000000099999999935 0.00000000099999999935 
0.99999999600000011313 0.00000000099999999938 0.00000000099999999938 0.00000000099999999938 0.00000000099999999938 
0.99999999600000000211 0.00000000099999999951 0.00000000099999999951 0.00000000099999999951 0.00000000099999999951 
0.99999999600000000211 0.00000000099999999953 0.00000000099999999953 0.00000000099999999953 0.00000000099999999953 
0.99999999600000011313 0.00000000099999999960 0.00000000099999999960 0.00000000099999999960 0.00000000099999999960 
0.99999999600000011313 0.00000000099999999977 0.00000000099999999977 0.00000000099999999977 0.00000000099999999977 
0.00000000099999999970 0.00370837579571293985 0.99629162120428715887 0.00000000099999999970 0.00000000099999999970 
0.00000000099999999956 0.06679254343970469909 0.93320745356029521922 0.00000000099999999956 0.00000000099999999956 
0.00000000099999999976 0.05283525036938457181 0.94716474663061533956 0.00000000099999999976 0.00000000099999999976 
0.00000000099999999944 0.06472772547608307558 0.93527227152391700926 0.00000000099999999944 0.00000000099999999944 
0.00000000099999999951 0.02086146597437819883 0.97913853102562176112 0.00000000099999999951 0.00000000099999999951 
0.00000000099999999940 0.01360936185955596497 0.98639063514044400538 0.00000000099999999940 0.00000000099999999940 
0.00000000099999999963 0.05055690040386483924 0.94944309659613523866 0.00000000099999999963 0.00000000099999999963 
0.00000000099999999944 0.05364885102996611727 0.94635114597003389125 0.00000000099999999944 0.00000000099999999944 
0.00000000099999999958 0.07146619035025843225 0.92853380664974149994 0.00000000099999999958 0.00000000099999999958 
0.00000000099999999997 0.00000111362163283860 0.99567788696331571696 0.00000000099999999997 0.00432099741505144724 
0.00000000099999999953 0.00020259495357048072 0.99979740204642963963 0.00000000099999999953 0.00000000099999999953 
0.00000000099999999950 0.07469118927040223344 0.92530880772959767100 0.00000000099999999950 0.00000000099999999950 
0.00000000099999999993 0.05507628314118655222 0.94049090179985550542 0.00000000099999999993 0.00443281305895781852 
0.00000000099999999961 0.06662014326998540181 0.93337985373001475242 0.00000000099999999961 0.00000000099999999961 
0.00000000099999999979 0.04448380434761971952 0.95551619265238019185 0.00000000099999999979 0.00000000099999999979 
0.00000000099999999941 0.01413429978217310874 0.98586569721782679743 0.00000000099999999941 0.00000000099999999941 
0.00000000099999999969 0.08219123063751318514 0.91780876636248698297 0.00000000099999999969 0.00000000099999999969 
0.00000000099999999977 0.04998028807716030364 0.95001970892283971182 0.00000000099999999977 0.00000000099999999977 
0.00000000099999999956 0.01402736079893688627 0.98597263620106301296 0.00000000099999999956 0.00000000099999999956 
0.00000000099999999955 0.03306800821975358629 0.96693198878024644305 0.00000000099999999955 0.00000000099999999955 
0.00000000099999999961 0.10104862057965072197 0.89895137642034939063 0.00000000099999999961 0.00000000099999999961 
0.00000000099999999943 0.04100539407218549426 0.95899460292781457671 0.00000000099999999943 0.00000000099999999943 
0.00000000099999999957 0.00200883522001944238 0.99799116177998070665 0.00000000099999999957 0.00000000099999999957 
0.00000000099999999958 0.09114353144768980175 0.90885646555231025534 0.00000000099999999958 0.00000000099999999958 
0.00000000099999999974 0.07103657426129568464 0.92896342273870435857 0.00000000099999999974 0.00000000099999999974 
0.00000000099999999952 0.03941950427792535738 0.96058049272207457481 0.00000000099999999952 0.00000000099999999952 
0.00000000099999999958 0.08347891556391352774 0.91652108143608645996 0.00000000099999999958 0.00000000099999999958 
0.00010493030188723402 0.07920205796210559590 0.91611528964713118128 0.00000000099999999994 0.00457772108887595681 
0.00000000099999999985 0.05023173816621256949 0.94976825883378745985 0.00000000099999999985 0.00000000099999999985 
0.00000000099999999962 0.05030078992391894682 0.94969920707608102006 0.00000000099999999962 0.00000000099999999962 
0.00000000099999999950 0.04558771269072679072 0.95441228430927316229 0.00000000099999999950 0.00000000099999999950 
0.00248851595561148812 0.01300199356710847118 0.98321810424104705284 0.00071382250879193125 0.00057756372744098084 
0.00000000099999999981 0.08712904883785677068 0.91287094816214309212 0.00000000099999999981 0.00000000099999999981 
0.00000000099999999980 0.12906645449685538729 0.87093354250314447551 0.00000000099999999980 0.00000000099999999980 
0.00000000099999999970 0.11271651542527741374 0.88728348157472269886 0.00000000099999999970 0.00000000099999999970 
0.00000000099999999975 0.10187867837893822831 0.89812131862106181490 0.00000000099999999975 0.00000000099999999975 
0.00000000099999999968 0.09721363054892698252 0.90278636645107313008 0.00000000099999999968 0.00000000099999999968 
0.00000000099999999970 0.09743620376301054264 0.90256379323698954220 0.00000000099999999970 0.00000000099999999970 
0.00000000099999999969 0.12563733975433133416 0.87436265724566875068 0.00000000099999999969 0.00000000099999999969 
0.00000000099999999991 0.03776119900083343278 0.96223879799916667288 0.00000000099999999991 0.00000000099999999991 
0.00000000099999999974 0.00185565180325822734 0.99814434519674188895 0.00000000099999999974 0.00000000099999999974 
0.00000000099999999988 0.04745802756759836399 0.95254196943240165840 0.00000000099999999988 0.00000000099999999988 
0.00000000099999999966 0.04166324841637862597 0.95833674858362138949 0.00000000099999999966 0.00000000099999999966 
0.00000000099999999956 0.10559471906071041247 0.89440527793928947808 0.00000000099999999956 0.00000000099999999956 
0.00000000099999999956 0.14142310081114739528 0.85857689618885257854 0.00000000099999999956 0.00000000099999999956 
0.00000000099999999959 0.07087119116763833382 0.92912880583236157062 0.00000000099999999959 0.00000000099999999959 
0.00000000099999999959 0.10345110548192390509 0.89654889151807615200 0.00000000099999999959 0.00000000099999999959 
0.00000000099999999978 0.06110724683029173515 0.93889275016970819010 0.00000000099999999978 0.00000000099999999978 
0.00000000099999999957 0.06728132158788292794 0.93271867541211705976 0.00000000099999999957 0.00000000099999999957 
0.00000000099999999971 0.09924448911923644534 0.90075550788076363951 0.00000000099999999971 0.00000000099999999971 
0.00000000099999999959 0.13857826126600975014 0.86142173573399027919 0.00000000099999999959 0.00000000099999999959 
0.00000000099999999965 0.07167190595180103485 0.92832809104819891122 0.00000000099999999965 0.00000000099999999965 
0.00000000099999999971 0.03549656871122209428 0.96450342828877788648 0.00000000099999999971 0.00000000099999999971 
0.00000000099999999974 0.03985791082012420800 0.96014208617987573113 0.00000000099999999974 0.00000000099999999974 
0.00000000099999999963 0.14385446135499352360 0.85614553564500650573 0.00000000099999999963 0.00000000099999999963 
0.00000000099999999966 0.12560758544117250901 0.87439241155882763135 0.00000000099999999966 0.00000000099999999966 
0.00000000099999999975 0.12262500132682307985 0.87737499567317689397 0.00000000099999999975 0.00000000099999999975 
0.00000000099999999980 0.06760906145847744853 0.93239093554152252530 0.00000000099999999980 0.00000000099999999980 
0.00000000099999999956 0.08649412860324842689 0.91350586839675151918 0.00000000099999999956 0.00000000099999999956 
0.00000000099999999972 0.03053274123298332227 0.96946725576701653360 0.00000000099999999972 0.00000000099999999972 
0.00000000099999999959 0.07121667232055053920 0.92878332467944946238 0.00000000099999999959 0.00000000099999999959 
0.00000000099999999981 0.05698252642528225248 0.94301747057471774216 0.00000000099999999981 0.00000000099999999981 
0.00000000099999999979 0.05891889947037972503 0.94108109752962032513 0.00000000099999999979 0.00000000099999999979 
0.00000000099999999983 0.02229834370375740130 0.97770165329624270090 0.00000000099999999983 0.00000000099999999983 
0.00000000099999999965 0.08550842232604569104 0.91449157467395425503 0.00000000099999999965 0.00000000099999999965 
0.00000000099999999987 0.00083040027573490509 0.99916959672426497452 0.00000000099999999987 0.00000000099999999987 
0.00374265158170953693 0.09555242205482795959 0.89594706195851736563 0.00077678429506246912 0.00398108010988262612 
0.00122655725936469734 0.12400335920503044451 0.87096137675476226203 0.00000000754597155673 0.00380869923487109439 
0.00047766829728568993 0.10836788209928034654 0.88724588892806088847 0.00139030067303305368 0.00251826000233998284 
0.00000000099999999999 0.08035334291156447095 0.91839668909763827465 0.00000000099999999999 0.00124996599079720927 
0.00324705342300368434 0.11331834341644872466 0.88263733323423743116 0.00000038488616153487 0.00079688504014873644 
0.00191386442914218548 0.10527471491434527151 0.89075945966842540180 0.00000000099999999997 0.00205195998808732714 
0.00000000099999999963 0.99999999600000011313 0.00000000099999999963 0.00000000099999999963 0.00000000099999999963 
0.00000000099999999967 0.99999999600000000211 0.00000000099999999967 0.00000000099999999967 0.00000000099999999967 
0.00000000099999999979 0.97538452603614278491 0.02461547096385713340 0.00000000099999999979 0.00000000099999999979 
0.00000000099999999992 0.99997474466461400144 0.00002525233538593535 0.00000000099999999992 0.00000000099999999992 
0.00000000099999999963 0.99985127173544230406 0.00014872526455759732 0.00000000099999999963 0.00000000099999999963 
0.00000000099999999968 0.99999999600000000211 0.00000000099999999968 0.00000000099999999968 0.00000000099999999968 
0.00000000099999999975 0.99357745126352781107 0.00642254573647216710 0.00000000099999999975 0.00000000099999999975 
0.00000000099999999970 0.99413186418645871356 0.00586813281354141032 0.00000000099999999970 0.00000000099999999970 
0.00000000099999999967 0.99999999600000000211 0.00000000099999999967 0.00000000099999999967 0.00000000099999999967 
0.00000000099999999985 0.99998392865927709927 0.00001606834072305766 0.00000000099999999985 0.00000000099999999985 
0.00000000099999999966 0.99088394929342915596 0.00911604770657100522 0.00000000099999999966 0.00000000099999999966 
0.00000000099999999961 0.95531115122554588481 0.04468884577445408901 0.00000000099999999961 0.00000000099999999961 
0.00000000099999999965 0.99999999246455728574 0.00000000453544264655 0.00000000099999999965 0.00000000099999999965 
0.00000000099999999970 0.97585626662025637401 0.02414373037974355124 0.00000000099999999970 0.00000000099999999970 
0.00100982207335361318 0.99333068811969083001 0.00565948780695558953 0.00000000099999999981 0.00000000099999999981 
0.00000000099999999970 0.99999998731338346492 0.00000000968661657418 0.00000000099999999970 0.00000000099999999970 
0.00000000099999999979 0.96320180010668143833 0.03679819689331847304 0.00000000099999999979 0.00000000099999999979 
0.00000000099999999951 0.99999999474153999923 0.00000000225846004234 0.00000000099999999951 0.00000000099999999951 
0.00013266874428298278 0.94688761004563204438 0.05115654045676049089 0.00000011782562810232 0.00182306292769625995 
0.00000000099999999996 0.98239005684083169356 0.01550097783439105190 0.00210896332477722350 0.00000000099999999996 
0.00000000099999999987 0.90996309227234606354 0.09003690472765397967 0.00000000099999999987 0.00000000099999999987 
0.00212045648725556549 0.99355760279912308519 0.00011160503001527072 0.00000000099999999999 0.00421033468360608107 
0.00000000099999999994 0.90926090872390241682 0.08916139349820409454 0.00000000099999999994 0.00157769577789335135 
0.00000000099999999996 0.96526219504409671579 0.03162887274493684370 0.00000000099999999996 0.00310893021096640253 
0.00047810950712380080 0.98638694040097374405 0.01236431615588176949 0.00000000099999999995 0.00077063293602077255 
0.00000000099999999998 0.96641518554766658866 0.03102949298603252526 0.00000000099999999998 0.00255531946630081558 
0.00000000099999999998 0.94929090901975821115 0.04888643132257688984 0.00000000099999999998 0.00182265765766485279 
0.00000000099999999998 0.99609259964418617184 0.00275719670876812921 0.00115020164704557923 0.00000000099999999998 
0.00000000099999999996 0.99896995994976500732 0.00000078953251576062 0.00102924851771921230 0.00000000099999999996 
0.00000000099999999985 0.99985058954434802292 0.00014940745565206949 0.00000000099999999985 0.00000000099999999985 
0.00000000099999999994 0.98275887735649647414 0.01521328530888944874 0.00202783533461404304 0.00000000099999999994 
0.00098987984249567862 0.89128035479891631887 0.10485555939290880367 0.00000000100000000000 0.00287420496567929607 
0.00000000099999999999 0.95520405233500627062 0.03916956936669586248 0.00000000099999999999 0.00562637629829786101 
0.00000000099999999991 0.93034422110387871019 0.06965577589612133302 0.00000000099999999991 0.00000000099999999991 
0.00000000099999999980 0.97858633874165878996 0.02141365825834127060 0.00000000099999999980 0.00000000099999999980 
0.00000000099999999970 0.94304365627740704969 0.05695634072259291025 0.00000000099999999970 0.00000000099999999970 
0.00000000099999999990 0.93159565637704000451 0.06840434062296005258 0.00000000099999999990 0.00000000099999999990 
0.00432319828113350915 0.84288395968681617543 0.14641530723104298484 0.00637753380100716197 0.00000000099999999999 
0.00082559869545181406 0.78786147266769368525 0.20880826022433549016 0.00000001010276866594 0.00250465830975037367 
0.01320965360135533534 0.76087788373474130044 0.21134008216220157017 0.01423122244090929342 0.00034115806079228119 
0.00615673317747416141 0.96887536274200092290 0.02496790208052487858 0.00000000099999999979 0.00000000099999999979 
0.00000000100000000000 0.86408230374860217626 0.12473094859858450956 0.00000002557960839106 0.01118672107320499431 
0.00000000099999999999 0.47014320216027399857 0.52744140851585741281 0.00241538732386846174 0.00000000099999999999 
0.00000000099999999991 0.94720569552040956296 0.05279430147959041086 0.00000000099999999991 0.00000000099999999991 
0.01110933073890055765 0.37779438347923705033 0.61109628378186242603 0.00000000099999999999 0.00000000099999999999 
0.01565002634204383861 0.90299330965683577421 0.08135666200112039170 0.00000000099999999989 0.00000000099999999989 
0.00195002440208525731 0.96205584274869859751 0.03599413084921622430 0.00000000099999999995 0.00000000099999999995 
0.00817334671413804358 0.88878334932423086467 0.10304330196163120903 0.00000000099999999981 0.00000000099999999981 
0.00180370205226427788 0.86333017790322852392 0.13486611804450715502 0.00000000099999999992 0.00000000099999999992 
0.00000000099999999958 0.92864284405497921071 0.07135715294502074924 0.00000000099999999958 0.00000000099999999958 
0.00000000099999999974 0.91882940571193594259 0.08117059128806407287 0.00000000099999999974 0.00000000099999999974 
0.00000000099999999994 0.15201852281169112024 0.84798147418830882582 0.00000000099999999994 0.00000000099999999994 
0.00000003799025514325 0.20047604320284595492 0.79952391680689893771 0.00000000099999999983 0.00000000099999999983 
0.00000000100000000000 0.18310060196722999226 0.50182730555794130556 0.06072239683124344700 0.25434969464358531122 
0.00382517971465409518 0.18956232051201321598 0.80406973968261541419 0.00004355648044818491 0.00249920361026910063 
0.00188760142011703755 0.14669109862095799923 0.84916002962695724676 0.00000000099999999998 0.00226126933196785966 
0.00000000099999999999 0.12099522061835697728 0.54614493633483396362 0.05123449831372279412 0.28162534373308634184 
0.00000000099999999999 0.13436912918852941812 0.60354613687574465430 0.04334653445826943535 0.21873819847745648581 
0.00000000100000000000 0.14789138356815623165 0.59583169719696305044 0.02476769598449637261 0.23150922225038417235 
0.00085745688626535682 0.16045682644579628562 0.60785837394437636227 0.00000000099999999998 0.23082734172356195179 
0.00347224629613361764 0.13809771929793610012 0.63527982378089575821 0.00000000100000000000 0.22315020962503462343 
0.00000000099999999972 0.16679745843800269922 0.83320253856199733011 0.00000000099999999972 0.00000000099999999972 
0.00008394253407803900 0.04472406170923645674 0.68116966568772419066 0.00000000099999999998 0.27402232906896145659 
0.00544912008042900721 0.14382009969357539836 0.84554642116523848205 0.00000000100000000000 0.00518435806075707474 
0.00052789327510565005 0.13713542191590549768 0.55243366997120135764 0.02335014052363203543 0.28655287431415543686 
0.00149167851196858794 0.16683643484066945639 0.83167188464736185871 0.00000000099999999977 0.00000000099999999977 
0.00000000099999999974 0.17802726905203608565 0.82197272794796394368 0.00000000099999999974 0.00000000099999999974 
0.00733698163041211250 0.04741180347570678189 0.65586564993500817700 0.00000000099999999997 0.28938556395887282680 
0.00000000099999999972 0.17305003526920251233 0.82694996173079748925 0.00000000099999999972 0.00000000099999999972 
0.00000000099999999997 0.19709193264778210319 0.80100264892571160225 0.00000000099999999997 0.00190541642650633052 
0.00000000099999999999 0.89681676501355522824 0.09735848327822059500 0.00582474970822431833 0.00000000099999999999 
0.00000000100000000000 0.86146041472223733315 0.09032806441729768210 0.00002542585328416430 0.04818609400718085189 
0.00000000099999999999 0.97400557897610395841 0.02475456665394475814 0.00123985236995136864 0.00000000099999999999 
0.00000000099999999995 0.99807351962705848081 0.00000003551881891087 0.00192644285412273933 0.00000000099999999995 
0.00000000099999999998 0.97434142749904140146 0.00000000099999999998 0.00000000099999999998 0.02565856950095871461 
0.00000000099999999971 0.99999999600000011313 0.00000000099999999971 0.00000000099999999971 0.00000000099999999971 
0.00000000099999999966 0.99999999600000011313 0.00000000099999999966 0.00000000099999999966 0.00000000099999999966 
0.00488475130105141351 0.86015217710866209710 0.00000000100000000000 0.00306065253842165977 0.13190241805186492252 
0.00000000099999999990 0.99999999600000011313 0.00000000099999999990 0.00000000099999999990 0.00000000099999999990 
0.00000000099999999982 0.99999999600000000211 0.00000000099999999982 0.00000000099999999982 0.00000000099999999982 
0.00000000099999999937 0.99999999600000011313 0.00000000099999999937 0.00000000099999999937 0.00000000099999999937 
0.00000000099999999955 0.99999999600000000211 0.00000000099999999955 0.00000000099999999955 0.00000000099999999955 
0.00000000099999999956 0.99999999600000011313 0.00000000099999999956 0.00000000099999999956 0.00000000099999999956 
0.00000000099999999958 0.99999999600000011313 0.00000000099999999958 0.00000000099999999958 0.00000000099999999958 
0.00000000099999999947 0.99999999600000000211 0.00000000099999999947 0.00000000099999999947 0.00000000099999999947 
0.00000000099999999966 0.99200521398888685809 0.00799478301111304288 0.00000000099999999966 0.00000000099999999966 
0.00000000099999999986 0.99996961690862806726 0.00003038009137207241 0.00000000099999999986 0.00000000099999999986 
0.00000000099999999964 0.98164401416372493170 0.01835598283627507682 0.00000000099999999964 0.00000000099999999964 
0.00000000099999999999 0.99384775609773767791 0.00000000099999999999 0.00000000957674644156 0.00615223232551608337 
0.00000000099999999984 0.99999999600000011313 0.00000000099999999984 0.00000000099999999984 0.00000000099999999984 
0.00000000099999999973 0.99999999600000000211 0.00000000099999999973 0.00000000099999999973 0.00000000099999999973 
0.00000000099999999989 0.99999999600000000211 0.00000000099999999989 0.00000000099999999989 0.00000000099999999989 
0.00000000099999999954 0.99999999600000011313 0.00000000099999999954 0.00000000099999999954 0.00000000099999999954 
0.00000000099999999973 0.99999999600000011313 0.00000000099999999973 0.00000000099999999973 0.00000000099999999973 
0.00000000099999999990 0.96591752133688546511 0.03294419071449755654 0.00113828594861700304 0.00000000099999999990 
0.00000000099999999997 0.99454330984489991430 0.00094538394762632241 0.00000000099999999997 0.00451130420747382268 
0.00000000099999999974 0.99999999600000000211 0.00000000099999999974 0.00000000099999999974 0.00000000099999999974 
0.00000000099999999975 0.99999455627471989239 0.00000544072528008900 0.00000000099999999975 0.00000000099999999975 
0.00000000099999999948 0.99999999600000000211 0.00000000099999999948 0.00000000099999999948 0.00000000099999999948 
0.00000000099999999964 0.99999998410752133360 0.00000001289247878823 0.00000000099999999964 0.00000000099999999964 
0.00000000099999999971 0.99998458454605398948 0.00001541245394616111 0.00000000099999999971 0.00000000099999999971 
0.00000000099999999977 0.99999999600000000211 0.00000000099999999977 0.00000000099999999977 0.00000000099999999977 
0.00199768033172233097 0.99800231666827765586 0.00000000099999999991 0.00000000099999999991 0.00000000099999999991 
0.00137044992678596409 0.99862954707321405223 0.00000000099999999991 0.00000000099999999991 0.00000000099999999991 
0.00000000099999999982 0.99999999251909588160 0.00000000448090424869 0.00000000099999999982 0.00000000099999999982 
0.00000000099999999992 0.97394888127738410422 0.02605111572261597022 0.00000000099999999992 0.00000000099999999992 
0.00000000099999999986 0.98940028742302155162 0.01059970957697844995 0.00000000099999999986 0.00000000099999999986 
0.00287113332804106794 0.99411810599132344191 0.00000000099999999998 0.00000000099999999998 0.00301075868063552243 
0.00000000099999999998 0.99811051043172049901 0.00000000099999999998 0.00000000099999999998 0.00188948656827971182 
0.00614064853877909888 0.98677598077846839786 0.00000000100000000000 0.00108697613224879668 0.00599639355050372424 
0.00000000099999999997 0.99396971611755779996 0.00000000099999999997 0.00000000099999999997 0.00603028088244231437 
0.00000000099999999998 0.99775995432384156913 0.00000000099999999998 0.00000240482091621884 0.00223763885524218969 
0.00000000099999999984 0.99883004640192929457 0.00116995059807060661 0.00000000099999999984 0.00000000099999999984 
0.00000000099999999986 0.96818581800171177321 0.03181417899828831164 0.00000000099999999986 0.00000000099999999986 
0.00000000099999999972 0.98222706371932821945 0.01777293328067178213 0.00000000099999999972 0.00000000099999999972 
0.00271724523595679758 0.99465640517155695655 0.00080119750941392773 0.00182515108307235554 0.00000000100000000000 
0.00000000099999999967 0.99103147174227845806 0.00896852525772151923 0.00000000099999999967 0.00000000099999999967 
0.00000050959690314986 0.99647430876794917953 0.00000546536348238408 0.00351971527166518739 0.00000000099999999998 
0.00151276710580069301 0.99447413672305196020 0.00401309417114730990 0.00000000099999999995 0.00000000099999999995 
0.00000000099999999980 0.99497143657074049727 0.00502856042925960752 0.00000000099999999980 0.00000000099999999980 
0.00000000099999999996 0.98844415020575659980 0.01155584679424352841 0.00000000099999999996 0.00000000099999999996 
0.00000385805932981750 0.99882801686543065678 0.00116812307523950915 0.00000000099999999995 0.00000000099999999995 
0.00215547534635767302 0.95691010407611876154 0.04093441857752348062 0.00000000099999999996 0.00000000099999999996 
0.00448236367868808626 0.97169521869344388509 0.02215673625635143640 0.00000000099999999999 0.00166568037151667279 
0.00000000099999999984 0.99630922830930968015 0.00369076869069047148 0.00000000099999999984 0.00000000099999999984 
0.00000000099999999985 0.98599480018611040943 0.01400519681388958868 0.00000000099999999985 0.00000000099999999985 
0.00000000099999999979 0.96965948031003112995 0.03034051668996877102 0.00000000099999999979 0.00000000099999999979 
0.00241446534098998297 0.99758546893040267456 0.00000006372860723845 0.00000000099999999994 0.00000000099999999994 
0.00000000099999999976 0.99999999600000000211 0.00000000099999999976 0.00000000099999999976 0.00000000099999999976 
0.00000000099999999969 0.99999999600000000211 0.00000000099999999969 0.00000000099999999969 0.00000000099999999969 
0.00000000099999999999 0.94656040480547687377 0.04476963859005776702 0.00260817080106814014 0.00606178480339732411 
0.00000000099999999968 0.99999790952780887032 0.00000208747219124150 0.00000000099999999968 0.00000000099999999968 
0.00000000099999999996 0.99978214475371318670 0.00000000123997880807 0.00021785200630795160 0.00000000099999999996 
0.00000000099999999967 0.99239193892967947352 0.00760805807032045953 0.00000000099999999967 0.00000000099999999967 
0.00000000099999999986 0.98543420950666260616 0.01456578749333750991 0.00000000099999999986 0.00000000099999999986 
0.00000000099999999994 0.99999998341097484644 0.00000001358902519822 0.00000000099999999994 0.00000000099999999994 
0.00443598169011312840 0.98052492933245649631 0.01264438927204136059 0.00000000099999999998 0.00239469870538895971 
0.00000000099999999997 0.99283232669316423546 0.00593420567341269682 0.00000000099999999997 0.00123346563342317957 
0.00000000099999999992 0.99999996066002205808 0.00000003633997798503 0.00000000099999999992 0.00000000099999999992 
0.00000000099999999991 0.99907862407905001501 0.00006996701592600696 0.00000000099999999991 0.00085140690502389044 
0.00000000099999999993 0.99999965180958305666 0.00000034519041683835 0.00000000099999999993 0.00000000099999999993 
0.00000000099999999993 0.97020038916036677179 0.02979960783963328877 0.00000000099999999993 0.00000000099999999993 
0.00099075656581090765 0.98379566878732238600 0.01521357264686663303 0.00000000099999999994 0.00000000099999999994 
0.00000000099999999997 0.99152958576821248471 0.00000000099999999997 0.00000000099999999997 0.00847041123178755330 
0.00113753560948935727 0.98867857043040130449 0.00723216967564072142 0.00000000099999999997 0.00295172328446859176 
0.00412110152389740057 0.96324133983557125305 0.03250426292344801155 0.00013329471708341148 0.00000000100000000000 
0.00614726928168000172 0.87953718984859574626 0.10203537935148064564 0.00184669348001826228 0.01043346803822532698 
0.00000000100000000000 0.98909316588630447065 0.00749664552341978204 0.00153400770716358745 0.00187617988311228117 
0.00000000099999999999 0.99756353993266710933 0.00000000117592342069 0.00000000099999999999 0.00243645689140936997 
0.00000000099999999988 0.99999999600000000211 0.00000000099999999988 0.00000000099999999988 0.00000000099999999988 
0.00000000099999999967 0.99999999600000011313 0.00000000099999999967 0.00000000099999999967 0.00000000099999999967 
0.00012645097650881487 0.99987354602349109989 0.00000000099999999980 0.00000000099999999980 0.00000000099999999980 
0.00000000099999999988 0.98955825873861646969 0.01044173826138351281 0.00000000099999999988 0.00000000099999999988 
0.00000000099999999983 0.95885862836202806481 0.04114136863797186738 0.00000000099999999983 0.00000000099999999983 
0.00030398133823671456 0.99935981846308341581 0.00000000099999999998 0.00000000099999999998 0.00033619819867986977 
0.00000000099999999997 0.97351303772829733685 0.01873044714500630287 0.00775651312669622343 0.00000000099999999997 
0.00000000099999999990 0.99999999600000011313 0.00000000099999999990 0.00000000099999999990 0.00000000099999999990 
0.00172807378338919672 0.96310778124334983641 0.02900630753297032960 0.00224161999646897139 0.00391621744382154337 
0.00132890592837435419 0.99642617788079645980 0.00000032825397606503 0.00095172652625423850 0.00129286141059886217 
0.00213885580347634953 0.99260850422318147590 0.00000215607902878758 0.00000000100000000000 0.00525048289431327871 
0.01107704889007379845 0.98098873644211204148 0.00000086296176315273 0.00793335070605102888 0.00000000099999999999 
0.00156335391241110280 0.98504089018055629445 0.00165165013810092322 0.00000000100000000000 0.01174410476893175855 
0.00000000099999999994 0.96776345538646335598 0.03223654161353663866 0.00000000099999999994 0.00000000099999999994 
0.00000000099999999981 0.99535684646596900294 0.00464315053403095441 0.00000000099999999981 0.00000000099999999981 
0.00000000099999999985 0.98114543012544652711 0.01885456687455354732 0.00000000099999999985 0.00000000099999999985 
0.00373249894266612170 0.99626708448011180863 0.00000041457722221198 0.00000000099999999995 0.00000000099999999995 
0.00000000099999999992 0.96735308975492728667 0.03264690724507272879 0.00000000099999999992 0.00000000099999999992 
0.00176472183901777596 0.98486772016705792510 0.01336755599392419266 0.00000000099999999993 0.00000000099999999993 
0.00000000099999999988 0.99952404381499670993 0.00047595318500330536 0.00000000099999999988 0.00000000099999999988 
0.00000000099999999986 0.98250583793355050766 0.01749415906644956331 0.00000000099999999986 0.00000000099999999986 
0.00000000099999999954 0.99992765994721977130 0.00007233705278029120 0.00000000099999999954 0.00000000099999999954 
0.00000000099999999995 0.95382836996507525118 0.04617162703492475734 0.00000000099999999995 0.00000000099999999995 
0.00000000099999999994 0.97651855496536799084 0.02348144203463209401 0.00000000099999999994 0.00000000099999999994 
0.00000000099999999994 0.87043853578292873507 0.12956146121707134977 0.00000000099999999994 0.00000000099999999994 
0.00250934325520170897 0.98571224530331402747 0.01177840944148416703 0.00000000099999999992 0.00000000099999999992 
0.00000000099999999992 0.99941972811663759568 0.00058026888336239224 0.00000000099999999992 0.00000000099999999992 
0.00000000099999999999 0.90249171800528971144 0.09743571496852693192 0.00000000099999999999 0.00007256502618348339 
0.00000000099999999989 0.99998990318043012859 0.00001009381957002046 0.00000000099999999989 0.00000000099999999989 
0.00017192065101277206 0.99368626528836423439 0.00001365996796339996 0.00000000099999999999 0.00612815309265961339 
0.00000000099999999997 0.99266818023045244601 0.00000581733047039042 0.00000000099999999997 0.00732600043907708984 
0.00000000099999999999 0.99704684644733332366 0.00164241758032299210 0.00131073397234371305 0.00000000099999999999 
0.00000000099999999996 0.99764554510019720635 0.00021339019973259788 0.00000000099999999996 0.00214106270007034848 
0.00000000099999999968 0.99999999600000011313 0.00000000099999999968 0.00000000099999999968 0.00000000099999999968 
0.00000000099999999987 0.99998185639428815996 0.00001814060571182798 0.00000000099999999987 0.00000000099999999987 
0.00021203025742534053 0.99978790538093975648 0.00000006236163489676 0.00000000099999999980 0.00000000099999999980 
0.00000000099999999983 0.97901074606422322510 0.02098925093577678341 0.00000000099999999983 0.00000000099999999983 
0.00000000099999999976 0.99998036325745243147 0.00001963374254766046 0.00000000099999999976 0.00000000099999999976 
0.00000000099999999986 0.99989534133910817904 0.00010465566089180170 0.00000000099999999986 0.00000000099999999986 
0.00000000099999999973 0.99999999600000000211 0.00000000099999999973 0.00000000099999999973 0.00000000099999999973 
0.00085859033990683857 0.99762075593601862167 0.00000363131205276481 0.00000000100000000000 0.00151702141202170095 
0.00000000099999999982 0.96358822862112980534 0.03641176837887013379 0.00000000099999999982 0.00000000099999999982 
0.00000000099999999981 0.99999999600000011313 0.00000000099999999981 0.00000000099999999981 0.00000000099999999981 
0.00000000099999999984 0.99999522905944349116 0.00000476794055657872 0.00000000099999999984 0.00000000099999999984 
0.00000000099999999973 0.99141370742756818046 0.00858628957243193561 0.00000000099999999973 0.00000000099999999973 
0.00000000099999999980 0.99999999600000011313 0.00000000099999999980 0.00000000099999999980 0.00000000099999999980 
0.00000000099999999991 0.99999999600000000211 0.00000000099999999991 0.00000000099999999991 0.00000000099999999991 
0.00000000099999999971 0.99999996782267841500 0.00000002917732161593 0.00000000099999999971 0.00000000099999999971 
0.00000000099999999979 0.99999999600000011313 0.00000000099999999979 0.00000000099999999979 0.00000000099999999979 
0.00000000099999999968 0.99999999600000011313 0.00000000099999999968 0.00000000099999999968 0.00000000099999999968 
0.00000000099999999967 0.99999999600000011313 0.00000000099999999967 0.00000000099999999967 0.00000000099999999967 
0.00000000099999999974 0.99999999600000000211 0.00000000099999999974 0.00000000099999999974 0.00000000099999999974 
0.00105131050762582328 0.96025987992579098229 0.03685173386647634663 0.00000000099999999998 0.00183707470010693787 
0.00000000099999999994 0.97864238342880471855 0.01990090679086521652 0.00000000099999999994 0.00145670778033014903 
0.00000000099999999999 0.98322930946013287201 0.01524749636439041468 0.00119525041009069786 0.00032794276538609360 
0.00000000099999999984 0.98443591714336642351 0.01556407985663352429 0.00000000099999999984 0.00000000099999999984 
0.00000000099999999951 0.98618926063178735664 0.01381073636821254780 0.00000000099999999951 0.00000000099999999951 
0.00000000099999999954 0.96079722502133524387 0.03920277197866481322 0.00000000099999999954 0.00000000099999999954 
0.00000000099999999972 0.97652419290093395166 0.02347580409906598053 0.00000000099999999972 0.00000000099999999972 
0.00000000099999999962 0.99999999600000011313 0.00000000099999999962 0.00000000099999999962 0.00000000099999999962 
0.00000000099999999957 0.97942364057247710551 0.02057635642752294811 0.00000000099999999957 0.00000000099999999957 
0.00000000099999999957 0.94653803164748973042 0.05346196535251022258 0.00000000099999999957 0.00000000099999999957 
0.00000000099999999966 0.99999999600000011313 0.00000000099999999966 0.00000000099999999966 0.00000000099999999966 
0.00000000099999999950 0.98815479649685633579 0.01184520050314369181 0.00000000099999999950 0.00000000099999999950 
0.00000000099999999976 0.99986843998599439498 0.00013155701400569710 0.00000000099999999976 0.00000000099999999976 
0.00000000099999999963 0.97674020148413387421 0.02325979551586618288 0.00000000099999999963 0.00000000099999999963 
0.00000000099999999958 0.99999642255975806915 0.00000357444024209216 0.00000000099999999958 0.00000000099999999958 
0.00000000099999999981 0.98361222665334990811 0.01638777034665013510 0.00000000099999999981 0.00000000099999999981 
0.00000000099999999977 0.99999999600000000211 0.00000000099999999977 0.00000000099999999977 0.00000000099999999977 
0.00000000099999999977 0.94791490200233818886 0.05208509499766185435 0.00000000099999999977 0.00000000099999999977 
0.00000000099999999973 0.99999917857599618376 0.00000081842400387704 0.00000000099999999973 0.00000000099999999973 
0.00000000099999999968 0.99998544112459153421 0.00001455587540860761 0.00000000099999999968 0.00000000099999999968 
