0.00000000099999999889 0.00000000099999999889 0.99999999499999980834 0.00000000099999999889 0.00000000099999999889 0.00000000099999999889 
0.00000000099999999894 0.00000000099999999894 0.99999999499999980834 0.00000000099999999894 0.00000000099999999894 0.00000000099999999894 
0.00000000099999999891 0.00000000099999999891 0.99999999499999980834 0.00000000099999999891 0.00000000099999999891 0.00000000099999999891 
0.00000000099999999894 0.00000000099999999894 0.99999999499999980834 0.00000000099999999894 0.00000000099999999894 0.00000000099999999894 
0.00000000099999999897 0.00000000099999999897 0.99999999499999991937 0.00000000099999999897 0.00000000099999999897 0.00000000099999999897 
0.00000000099999999897 0.00000000099999999897 0.99999999499999980834 0.00000000099999999897 0.00000000099999999897 0.00000000099999999897 
0.00000000099999999891 0.00000000099999999891 0.99999999499999980834 0.00000000099999999891 0.00000000099999999891 0.00000000099999999891 
0.00000000099999999900 0.00000000099999999900 0.99999999500000003039 0.00000000099999999900 0.00000000099999999900 0.00000000099999999900 
0.00000000099999999893 0.00000000099999999893 0.99999999499999991937 0.00000000099999999893 0.00000000099999999893 0.00000000099999999893 
0.00000000099999999900 0.00000000099999999900 0.99999999499999980834 0.00000000099999999900 0.00000000099999999900 0.00000000099999999900 
0.00000000099999999896 0.00000000099999999896 0.99999999499999980834 0.00000000099999999896 0.00000000099999999896 0.00000000099999999896 
0.00000000099999999915 0.00000000099999999915 0.99999999499999991937 0.00000000099999999915 0.00000000099999999915 0.00000000099999999915 
0.00000000099999999896 0.00000000099999999896 0.99999999499999980834 0.00000000099999999896 0.00000000099999999896 0.00000000099999999896 
0.00000000099999999893 0.00000000099999999893 0.99999999499999991937 0.00000000099999999893 0.00000000099999999893 0.00000000099999999893 
0.00000000099999999895 0.00000000099999999895 0.99999999499999991937 0.00000000099999999895 0.00000000099999999895 0.00000000099999999895 
0.00000000099999999895 0.00000000099999999895 0.99999999499999991937 0.00000000099999999895 0.00000000099999999895 0.00000000099999999895 
0.00000000099999999894 0.00000000099999999894 0.99999999499999980834 0.00000000099999999894 0.00000000099999999894 0.00000000099999999894 
0.00000000099999999902 0.00000000099999999902 0.99999999499999991937 0.00000000099999999902 0.00000000099999999902 0.00000000099999999902 
0.00000000099999999903 0.00000000099999999903 0.99999999499999991937 0.00000000099999999903 0.00000000099999999903 0.00000000099999999903 
0.00000000099999999902 0.00000000099999999902 0.99999999500000003039 0.00000000099999999902 0.00000000099999999902 0.00000000099999999902 
0.00000000099999999897 0.00000000099999999897 0.99999999499999980834 0.00000000099999999897 0.00000000099999999897 0.00000000099999999897 
0.00000000099999999900 0.00000000099999999900 0.99999999499999980834 0.00000000099999999900 0.00000000099999999900 0.00000000099999999900 
0.00000000099999999897 0.00000000099999999897 0.99999999499999991937 0.00000000099999999897 0.00000000099999999897 0.00000000099999999897 
0.00000000099999999899 0.00000000099999999899 0.99999999499999980834 0.00000000099999999899 0.00000000099999999899 0.00000000099999999899 
0.00000000099999999927 0.00000000099999999927 0.99999999500000003039 0.00000000099999999927 0.00000000099999999927 0.00000000099999999927 
0.00000000099999999897 0.00000000099999999897 0.99999999499999980834 0.00000000099999999897 0.00000000099999999897 0.00000000099999999897 
0.00000000099999999901 0.00000000099999999901 0.99999999500000003039 0.00000000099999999901 0.00000000099999999901 0.00000000099999999901 
0.00000000099999999902 0.00000000099999999902 0.99999999499999991937 0.00000000099999999902 0.00000000099999999902 0.00000000099999999902 
0.00000000099999999904 0.00000000099999999904 0.99999999499999991937 0.00000000099999999904 0.00000000099999999904 0.00000000099999999904 
0.00000000099999999901 0.00000000099999999901 0.99999999500000003039 0.00000000099999999901 0.00000000099999999901 0.00000000099999999901 
0.00000000099999999915 0.00000000099999999915 0.99999999499999991937 0.00000000099999999915 0.00000000099999999915 0.00000000099999999915 
0.00000000099999999930 0.00000000099999999930 0.99999999500000003039 0.00000000099999999930 0.00000000099999999930 0.00000000099999999930 
0.00000000099999999912 0.00000000099999999912 0.99999999500000003039 0.00000000099999999912 0.00000000099999999912 0.00000000099999999912 
0.00000000099999999923 0.00000000099999999923 0.99999999500000003039 0.00000000099999999923 0.00000000099999999923 0.00000000099999999923 
0.00000000099999999910 0.00000000099999999910 0.99999999499999991937 0.00000000099999999910 0.00000000099999999910 0.00000000099999999910 
0.00000000099999999918 0.00000000099999999918 0.99999999499999991937 0.00000000099999999918 0.00000000099999999918 0.00000000099999999918 
0.00000000099999999913 0.00000000099999999913 0.99999999500000003039 0.00000000099999999913 0.00000000099999999913 0.00000000099999999913 
0.00000000099999999914 0.00000000099999999914 0.99999999500000003039 0.00000000099999999914 0.00000000099999999914 0.00000000099999999914 
0.00000000099999999917 0.00000000099999999917 0.99999999500000003039 0.00000000099999999917 0.00000000099999999917 0.00000000099999999917 
0.00000000099999999933 0.00000000099999999933 0.99999999500000003039 0.00000000099999999933 0.00000000099999999933 0.00000000099999999933 
0.00000000099999999911 0.00000000099999999911 0.99999999500000003039 0.00000000099999999911 0.00000000099999999911 0.00000000099999999911 
0.00000000099999999923 0.00000000099999999923 0.99999999499999991937 0.00000000099999999923 0.00000000099999999923 0.00000000099999999923 
0.00000000099999999915 0.00000000099999999915 0.99999999499999991937 0.00000000099999999915 0.00000000099999999915 0.00000000099999999915 
0.00000000099999999913 0.00000000099999999913 0.99999999499999991937 0.00000000099999999913 0.00000000099999999913 0.00000000099999999913 
0.00000000099999999923 0.00000000099999999923 0.99999999499999991937 0.00000000099999999923 0.00000000099999999923 0.00000000099999999923 
0.00000000099999999915 0.00000000099999999915 0.99999999500000003039 0.00000000099999999915 0.00000000099999999915 0.00000000099999999915 
0.00000000099999999919 0.00000000099999999919 0.99999999499999991937 0.00000000099999999919 0.00000000099999999919 0.00000000099999999919 
0.00000000099999999936 0.00000000099999999936 0.99999999500000003039 0.00000000099999999936 0.00000000099999999936 0.00000000099999999936 
0.00000000099999999939 0.00000000099999999939 0.99999999500000003039 0.00000000099999999939 0.00000000099999999939 0.00000000099999999939 
0.00000000099999999947 0.00000000099999999947 0.99999999500000003039 0.00000000099999999947 0.00000000099999999947 0.00000000099999999947 
0.00000000099999999970 0.00000000099999999970 0.99999999500000003039 0.00000000099999999970 0.00000000099999999970 0.00000000099999999970 
0.59796786140375890461 0.40161518914334454200 0.00000000099999999977 0.00000000099999999977 0.00041694645289652038 0.00000000099999999977 
0.55652339187299804113 0.44347660412700207200 0.00000000099999999950 0.00000000099999999950 0.00000000099999999950 0.00000000099999999950 
0.51171989644709670042 0.48828009955290341271 0.00000000099999999980 0.00000000099999999980 0.00000000099999999980 0.00000000099999999980 
0.60749173577296156079 0.39250826022703855234 0.00000000099999999929 0.00000000099999999929 0.00000000099999999929 0.00000000099999999929 
0.60423543852201677673 0.39576455747798333640 0.00000000099999999939 0.00000000099999999939 0.00000000099999999939 0.00000000099999999939 
0.59773462375044905670 0.40226537224955105643 0.00000000099999999928 0.00000000099999999928 0.00000000099999999928 0.00000000099999999928 
0.60410882663431664241 0.39589116936568347072 0.00000000099999999961 0.00000000099999999961 0.00000000099999999961 0.00000000099999999961 
0.62609416007481555333 0.37390583592518444878 0.00000000099999999936 0.00000000099999999936 0.00000000099999999936 0.00000000099999999936 
0.59499642841321009890 0.40500356758678995872 0.00000000099999999952 0.00000000099999999952 0.00000000099999999952 0.00000000099999999952 
0.59663817910646887999 0.39672879787322590239 0.00000000099999999987 0.00663302002030531201 0.00000000099999999987 0.00000000099999999987 
0.57394619055635154314 0.42605380544364856998 0.00000000099999999942 0.00000000099999999942 0.00000000099999999942 0.00000000099999999942 
0.57822733026860240191 0.42177266573139765571 0.00000000099999999938 0.00000000099999999938 0.00000000099999999938 0.00000000099999999938 
0.56774409343093035218 0.42509723626119311213 0.00000000099999999978 0.00715866730787659711 0.00000000099999999978 0.00000000099999999978 
0.56956807714018553579 0.43043191885981468836 0.00000000099999999950 0.00000000099999999950 0.00000000099999999950 0.00000000099999999950 
0.61923648035684220048 0.38076351564315796816 0.00000000099999999986 0.00000000099999999986 0.00000000099999999986 0.00000000099999999986 
0.60748005733149823548 0.39251993866850193315 0.00000000099999999929 0.00000000099999999929 0.00000000099999999929 0.00000000099999999929 
0.51200882307049644382 0.48799117292950361380 0.00000000099999999962 0.00000000099999999962 0.00000000099999999962 0.00000000099999999962 
0.51880987450286930596 0.48119012149713086268 0.00000000099999999982 0.00000000099999999982 0.00000000099999999982 0.00000000099999999982 
0.56838615311749429715 0.43161384288250576047 0.00000000099999999944 0.00000000099999999944 0.00000000099999999944 0.00000000099999999944 
0.58093072558249347903 0.41906927041750652307 0.00000000099999999945 0.00000000099999999945 0.00000000099999999945 0.00000000099999999945 
0.58943660008853937526 0.41056339591146057133 0.00000000099999999950 0.00000000099999999950 0.00000000099999999950 0.00000000099999999950 
0.59205139091539493723 0.40794860508460528692 0.00000000099999999928 0.00000000099999999928 0.00000000099999999928 0.00000000099999999928 
0.55673217617151804504 0.44326781982848212360 0.00000000099999999954 0.00000000099999999954 0.00000000099999999954 0.00000000099999999954 
0.53522718874278185641 0.46477280725721814569 0.00000000099999999949 0.00000000099999999949 0.00000000099999999949 0.00000000099999999949 
0.50741676696317183914 0.49258322903682827398 0.00000000099999999971 0.00000000099999999971 0.00000000099999999971 0.00000000099999999971 
0.59464666486557360425 0.40535333113442639785 0.00000000099999999942 0.00000000099999999942 0.00000000099999999942 0.00000000099999999942 
0.53425022185750015158 0.46574977414249985053 0.00000000099999999951 0.00000000099999999951 0.00000000099999999951 0.00000000099999999951 
0.54135138896141954401 0.45349577870689494752 0.00051625840374768363 0.00000000099999999993 0.00000000099999999993 0.00463657192793789745 
0.60183076640879307195 0.39710371466871613455 0.00000000099999999996 0.00106503986441807124 0.00000047705807280061 0.00000000099999999996 
0.54994124360322371725 0.45005875239677628485 0.00000000099999999957 0.00000000099999999957 0.00000000099999999957 0.00000000099999999957 
0.61641757534956609366 0.38358242065043401947 0.00000000099999999945 0.00000000099999999945 0.00000000099999999945 0.00000000099999999945 
0.56986107329922308651 0.42623832856372689815 0.00183061371697146183 0.00206998242007865388 0.00000000099999999997 0.00000000099999999997 
0.46093843742508905370 0.53906155857491100392 0.00000000099999999973 0.00000000099999999973 0.00000000099999999973 0.00000000099999999973 
0.54028145570283292454 0.45971854029716713308 0.00000000099999999966 0.00000000099999999966 0.00000000099999999966 0.00000000099999999966 
0.52757173773649945758 0.47242825826350060003 0.00000000099999999959 0.00000000099999999959 0.00000000099999999959 0.00000000099999999959 
0.57860137138454204031 0.42139862461545796180 0.00000000099999999968 0.00000000099999999968 0.00000000099999999968 0.00000000099999999968 
0.51628296079280777686 0.48371703520719239178 0.00000000099999999958 0.00000000099999999958 0.00000000099999999958 0.00000000099999999958 
0.51892678638646916323 0.48107320961353089439 0.00000000099999999962 0.00000000099999999962 0.00000000099999999962 0.00000000099999999962 
0.48166516520822710845 0.51833483079177311570 0.00000000099999999961 0.00000000099999999961 0.00000000099999999961 0.00000000099999999961 
0.57642401758345507279 0.42196186654123035709 0.00000000099999999997 0.00161380937319903473 0.00000030450211555368 0.00000000099999999997 
0.57588281952012432274 0.42411717647987579038 0.00000000099999999976 0.00000000099999999976 0.00000000099999999976 0.00000000099999999976 
0.56388096135656717856 0.43606408775160493407 0.00005494789182791166 0.00000000099999999990 0.00000000099999999990 0.00000000099999999990 
0.58796184857762712195 0.41203814742237304669 0.00000000099999999963 0.00000000099999999963 0.00000000099999999963 0.00000000099999999963 
0.52492220332397387939 0.47507779267602612272 0.00000000099999999944 0.00000000099999999944 0.00000000099999999944 0.00000000099999999944 
0.54485716030546260669 0.45514283569453761746 0.00000000099999999943 0.00000000099999999943 0.00000000099999999943 0.00000000099999999943 
0.52861023371800697213 0.47138976228199314100 0.00000000099999999946 0.00000000099999999946 0.00000000099999999946 0.00000000099999999946 
0.54662354755184971999 0.45337644844815044864 0.00000000099999999949 0.00000000099999999949 0.00000000099999999949 0.00000000099999999949 
0.50361947883783442226 0.49638051716216563536 0.00000000099999999983 0.00000000099999999983 0.00000000099999999983 0.00000000099999999983 
0.55223350355384726029 0.44776649244615285284 0.00000000099999999942 0.00000000099999999942 0.00000000099999999942 0.00000000099999999942 
0.50167188033082954490 0.49832811566917051271 0.00000000099999999967 0.00000000099999999967 0.00000000099999999967 0.00000000099999999967 
0.56578890106768975343 0.43421109493231035970 0.00000000099999999947 0.00000000099999999947 0.00000000099999999947 0.00000000099999999947 
0.51160881471024688416 0.48839118128975322897 0.00000000099999999952 0.00000000099999999952 0.00000000099999999952 0.00000000099999999952 
0.53776715206733571861 0.46223284393266428349 0.00000000099999999964 0.00000000099999999964 0.00000000099999999964 0.00000000099999999964 
0.58063084577755075255 0.41936915022244941609 0.00000000099999999968 0.00000000099999999968 0.00000000099999999968 0.00000000099999999968 
0.55650213434638962084 0.44349786165361049228 0.00000000099999999953 0.00000000099999999953 0.00000000099999999953 0.00000000099999999953 
0.57415870510243338654 0.42584129089756656006 0.00000000099999999957 0.00000000099999999957 0.00000000099999999957 0.00000000099999999957 
0.56447303976953921989 0.43552695623046089324 0.00000000099999999972 0.00000000099999999972 0.00000000099999999972 0.00000000099999999972 
0.54382255279558688876 0.45576005552430665091 0.00041738868010659423 0.00000000099999999973 0.00000000099999999973 0.00000000099999999973 
0.55906730316213393284 0.44093269283786601376 0.00000000099999999950 0.00000000099999999950 0.00000000099999999950 0.00000000099999999950 
0.57270521312123701119 0.42729478287876315745 0.00000000099999999970 0.00000000099999999970 0.00000000099999999970 0.00000000099999999970 
0.53074281065216544206 0.46925718534783450453 0.00000000099999999943 0.00000000099999999943 0.00000000099999999943 0.00000000099999999943 
0.50771232931706211655 0.49228766668293794107 0.00000000099999999984 0.00000000099999999984 0.00000000099999999984 0.00000000099999999984 
0.53491743876001185409 0.46356367759564848230 0.00151888064433977122 0.00000000099999999974 0.00000000099999999974 0.00000000099999999974 
0.51856926208290954339 0.48130453891933322463 0.00012619599775720502 0.00000000099999999991 0.00000000099999999991 0.00000000099999999991 
0.56797146439511014826 0.43202853160488996487 0.00000000099999999969 0.00000000099999999969 0.00000000099999999969 0.00000000099999999969 
0.50030584727860483163 0.49969414872139528150 0.00000000099999999983 0.00000000099999999983 0.00000000099999999983 0.00000000099999999983 
0.60301144558958297281 0.38726939499484119844 0.00365846716100063502 0.00430807785341154673 0.00000000100000000000 0.00175261340116358096 
0.55474816791536574190 0.43918544056021030508 0.00000000099999999992 0.00606638852442393638 0.00000000099999999992 0.00000000099999999992 
0.54984809898365183400 0.44577510648572954421 0.00023178704851887686 0.00000000099999999999 0.00217467539166758903 0.00197033109043227416 
0.53667969344142474331 0.46113797057322297723 0.00000000099999999993 0.00218233298535224938 0.00000000099999999993 0.00000000099999999993 
0.52651073217102084545 0.46859431377530275098 0.00271364919644702992 0.00218130285722934218 0.00000000099999999996 0.00000000099999999996 
0.56861530571900387176 0.42629830922294054130 0.00150576554874903325 0.00358061750930659074 0.00000000099999999991 0.00000000099999999991 
0.99048513510323954456 0.00951486089676050438 0.00000000099999999955 0.00000000099999999955 0.00000000099999999955 0.00000000099999999955 
0.99999999500000003039 0.00000000099999999952 0.00000000099999999952 0.00000000099999999952 0.00000000099999999952 0.00000000099999999952 
0.99288962069327280080 0.00711037530672736871 0.00000000099999999975 0.00000000099999999975 0.00000000099999999975 0.00000000099999999975 
0.99999999500000014141 0.00000000099999999989 0.00000000099999999989 0.00000000099999999989 0.00000000099999999989 0.00000000099999999989 
0.99999999500000014141 0.00000000099999999949 0.00000000099999999949 0.00000000099999999949 0.00000000099999999949 0.00000000099999999949 
0.99999999500000003039 0.00000000099999999956 0.00000000099999999956 0.00000000099999999956 0.00000000099999999956 0.00000000099999999956 
0.99853707353922616097 0.00146292246077378107 0.00000000099999999968 0.00000000099999999968 0.00000000099999999968 0.00000000099999999968 
0.99406534345628472238 0.00593465254371531095 0.00000000099999999963 0.00000000099999999963 0.00000000099999999963 0.00000000099999999963 
0.99822110581069856128 0.00177889018930138900 0.00000000099999999957 0.00000000099999999957 0.00000000099999999957 0.00000000099999999957 
0.99936422783455314267 0.00000000099999999982 0.00063576816544698358 0.00000000099999999982 0.00000000099999999982 0.00000000099999999982 
0.99999999500000014141 0.00000000099999999955 0.00000000099999999955 0.00000000099999999955 0.00000000099999999955 0.00000000099999999955 
0.99624995349189549021 0.00375004250810457001 0.00000000099999999946 0.00000000099999999946 0.00000000099999999946 0.00000000099999999946 
0.99999999500000014141 0.00000000099999999954 0.00000000099999999954 0.00000000099999999954 0.00000000099999999954 0.00000000099999999954 
0.99999999500000014141 0.00000000099999999958 0.00000000099999999958 0.00000000099999999958 0.00000000099999999958 0.00000000099999999958 
0.99882013399092484107 0.00000000099999999974 0.00117986200907518185 0.00000000099999999974 0.00000000099999999974 0.00000000099999999974 
0.96994613928732931196 0.03005385671267082892 0.00000000099999999962 0.00000000099999999962 0.00000000099999999962 0.00000000099999999962 
0.99701546594532819423 0.00298453005467188724 0.00000000099999999969 0.00000000099999999969 0.00000000099999999969 0.00000000099999999969 
0.99999999500000014141 0.00000000099999999936 0.00000000099999999936 0.00000000099999999936 0.00000000099999999936 0.00000000099999999936 
0.98619435758456530650 0.01132251094660317696 0.00048876068968329092 0.00000000099999999998 0.00052843346600234503 0.00146593631314597566 
0.94722761686712819706 0.05062956435670644406 0.00000000099999999998 0.00120633754918221536 0.00093647922698302075 0.00000000099999999998 
0.99999999500000014141 0.00000000099999999982 0.00000000099999999982 0.00000000099999999982 0.00000000099999999982 0.00000000099999999982 
0.94109093382590425225 0.05140359925955836212 0.00272410894013838363 0.00000000100000000000 0.00117255926914785103 0.00360879770525119378 
0.92935529310672759795 0.06799142397978560903 0.00000000099999999989 0.00265327991348681671 0.00000000099999999989 0.00000000099999999989 
0.93357339221700752496 0.06323022486988806590 0.00000000099999999993 0.00000000099999999993 0.00000000099999999993 0.00319637991310450613 
0.98985366343496783426 0.00895763576486229181 0.00008325100767529389 0.00000000099999999995 0.00000000099999999995 0.00110544779249468887 
0.93688517518879399493 0.06059910438433503688 0.00000000099999999995 0.00000000099999999995 0.00000000099999999995 0.00251571742687099536 
0.95895966247737240984 0.03840365263805273904 0.00005453875125336831 0.00258214413332148859 0.00000000099999999994 0.00000000099999999994 
0.96921415077027128770 0.02961150385798455922 0.00000000099999999999 0.00117434237174416159 0.00000000099999999999 0.00000000099999999999 
0.97434491213062313086 0.02420714255767392881 0.00019352228992580565 0.00125442102177724638 0.00000000099999999995 0.00000000099999999995 
0.94155932957378074555 0.05844066642621927737 0.00000000099999999984 0.00000000099999999984 0.00000000099999999984 0.00000000099999999984 
0.95845141486914409157 0.03938189877905889230 0.00000000099999999993 0.00216668335179697608 0.00000000099999999993 0.00000000099999999993 
0.95827411264383732803 0.03714411519795225713 0.00000000099999999991 0.00458176915821046932 0.00000000099999999991 0.00000000099999999991 
0.93714091355884876489 0.05712832823443911301 0.00000000099999999998 0.00000000099999999998 0.00000000099999999998 0.00573075520671224598 
0.98049137270029218527 0.01950862329970787235 0.00000000099999999990 0.00000000099999999990 0.00000000099999999990 0.00000000099999999990 
0.94033032946641792460 0.05966966653358217465 0.00000000099999999976 0.00000000099999999976 0.00000000099999999976 0.00000000099999999976 
0.92233761349897469550 0.07766238250102545926 0.00000000099999999963 0.00000000099999999963 0.00000000099999999963 0.00000000099999999963 
0.95578510682981165925 0.04370920263801507388 0.00000000099999999993 0.00050568753217336559 0.00000000099999999993 0.00000000099999999993 
0.91284604424913218246 0.07397400881392462990 0.00317528786176804597 0.00000000099999999998 0.01000465707517519953 0.00000000099999999998 
0.87526785142329421863 0.12131975184395504819 0.00000000721208399629 0.00341238752066677642 0.00000000099999999999 0.00000000099999999999 
0.82078276879738287786 0.15428221267892386348 0.01349821261020774099 0.01143680391348549097 0.00000000100000000000 0.00000000100000000000 
0.93448388764594181310 0.05955899089899879817 0.00595711845505940592 0.00000000099999999968 0.00000000099999999968 0.00000000099999999968 
0.87807155771392531030 0.10678030557327244932 0.00000000099999999999 0.01514813371280215003 0.00000000099999999999 0.00000000099999999999 
0.77026874119948895991 0.22673560506749762533 0.00000000099999999999 0.00000000099999999999 0.00299565073301353950 0.00000000099999999999 
0.99344163337533808456 0.00590044276608110273 0.00065792085858081386 0.00000000099999999990 0.00000000099999999990 0.00000000099999999990 
0.97336038651106304709 0.01560182866235579856 0.00795052815715419428 0.00308725466942699972 0.00000000099999999999 0.00000000099999999999 
0.94978564283982358507 0.03443027437288925796 0.01578407978728719671 0.00000000099999999986 0.00000000099999999986 0.00000000099999999986 
0.97912730172159057052 0.01914117602799500842 0.00173151925041439532 0.00000000099999999992 0.00000000099999999992 0.00000000099999999992 
0.97469011211495593106 0.01709299851914553373 0.00821688636589843792 0.00000000099999999970 0.00000000099999999970 0.00000000099999999970 
0.97647810982578975292 0.02135773100200686128 0.00216415617220350187 0.00000000099999999990 0.00000000099999999990 0.00000000099999999990 
0.96130341580028932924 0.03869658019971081858 0.00000000099999999944 0.00000000099999999944 0.00000000099999999944 0.00000000099999999944 
0.99416821548374234574 0.00583178051625780729 0.00000000099999999965 0.00000000099999999965 0.00000000099999999965 0.00000000099999999965 
0.74987208877530375783 0.24839296637858285233 0.00000000099999999991 0.00173494184611342264 0.00000000099999999991 0.00000000099999999991 
0.77575808696086667737 0.22284512748279255989 0.00139678255634067107 0.00000000099999999985 0.00000000099999999985 0.00000000099999999985 
0.56290432117970867765 0.10707991559506252477 0.00000000099999999999 0.00352712013148225815 0.06418528332021428140 0.26230335877353233576 
0.71577070584419488775 0.27689745515311747770 0.00438957629195448149 0.00000000099999999999 0.00021937596714623807 0.00272288574358686567 
0.74444686512560098723 0.25016142645262373634 0.00241996333280576539 0.00000000099999999998 0.00023857697037102458 0.00273316711859845993 
0.54586268718300512415 0.10619584497480782925 0.00000000099999999999 0.00000000099999999999 0.05649053706812923181 0.29145092877405787135 
0.55373209645707188731 0.17323265803404158669 0.00000000099999999999 0.00000000099999999999 0.04541010427450523773 0.22762513923438132402 
0.60883073830469269794 0.12217586215898784685 0.00000000099999999999 0.00000000099999999999 0.03133080832502910945 0.23766258921129046477 
0.61010839905780978043 0.14757935703692581786 0.00279917341861700159 0.00607872760122686682 0.00000000099999999998 0.23343434188542044883 
0.58364044821146510156 0.16456007850520804059 0.00041265142526174958 0.06692191694703981952 0.00000000099999999998 0.18446490391102515760 
0.75714432311718626867 0.24285567288281376119 0.00000000099999999983 0.00000000099999999983 0.00000000099999999983 0.00000000099999999983 
0.59552691700991222667 0.12110755274974943640 0.00000000099999999998 0.00000000099999999998 0.00000000099999999998 0.28336552724033847728 
0.75270677166281085846 0.23478341558087248431 0.00666840271924295548 0.00000000099999999999 0.00042900298264086212 0.00541240605443289464 
0.52899328083349217433 0.14324217746026984832 0.00000000099999999999 0.06260707861146716513 0.00000000099999999999 0.26515746109477073000 
0.73838908713742379408 0.25907633063867158141 0.00253457922390476010 0.00000000099999999977 0.00000000099999999977 0.00000000099999999977 
0.72965823316572497870 0.27034176283427518994 0.00000000099999999973 0.00000000099999999973 0.00000000099999999973 0.00000000099999999973 
0.53684200534947301708 0.14783574165362689534 0.00659346242945500673 0.03527771743285669503 0.00000000099999999997 0.27345107213458835771 
0.77261289225212237408 0.22690633679053806571 0.00048076795733950568 0.00000000099999999988 0.00000000099999999988 0.00000000099999999988 
0.73882598271184829475 0.25869579366664874343 0.00000000099999999997 0.00000000099999999997 0.00038435065590748332 0.00209387096559553046 
0.87535596756725941869 0.11968579309177776460 0.00000000099999999998 0.00495823634096275410 0.00000000099999999998 0.00000000099999999998 
0.89794727834239163045 0.03462021992599492726 0.00000000099999999999 0.06743249873161345775 0.00000000099999999999 0.00000000099999999999 
0.93174498672983496750 0.06599844848296303190 0.00000000099999999997 0.00225656178720207894 0.00000000099999999997 0.00000000099999999997 
0.99361686093119738761 0.00411927513406117399 0.00000000099999999994 0.00000000099999999994 0.00226386093474150807 0.00000000099999999994 
0.91810991207711445394 0.05350435934732300503 0.00000000099999999997 0.00745380134620890478 0.00000000099999999997 0.02093192522935360261 
0.99999999500000003039 0.00000000099999999956 0.00000000099999999956 0.00000000099999999956 0.00000000099999999956 0.00000000099999999956 
0.99999999500000014141 0.00000000099999999959 0.00000000099999999959 0.00000000099999999959 0.00000000099999999959 0.00000000099999999959 
0.85703444598613887084 0.00000000100000000000 0.00440061717710939389 0.00642793654473004794 0.00000000100000000000 0.13213699829202174563 
0.99953898964496468160 0.00000000099999999990 0.00000000099999999990 0.00046100635503528386 0.00000000099999999990 0.00000000099999999990 
0.99999999500000014141 0.00000000099999999984 0.00000000099999999984 0.00000000099999999984 0.00000000099999999984 0.00000000099999999984 
0.99999999500000014141 0.00000000099999999914 0.00000000099999999914 0.00000000099999999914 0.00000000099999999914 0.00000000099999999914 
0.99925193112552479491 0.00074806487447522877 0.00000000099999999940 0.00000000099999999940 0.00000000099999999940 0.00000000099999999940 
0.99886104416595489219 0.00113895183404501385 0.00000000099999999942 0.00000000099999999942 0.00000000099999999942 0.00000000099999999942 
0.99999999500000014141 0.00000000099999999945 0.00000000099999999945 0.00000000099999999945 0.00000000099999999945 0.00000000099999999945 
0.99999999500000014141 0.00000000099999999928 0.00000000099999999928 0.00000000099999999928 0.00000000099999999928 0.00000000099999999928 
0.99180016945333304701 0.00819982654666697418 0.00000000099999999957 0.00000000099999999957 0.00000000099999999957 0.00000000099999999957 
0.99699508173156814461 0.00300491426843191951 0.00000000099999999980 0.00000000099999999980 0.00000000099999999980 0.00000000099999999980 
0.99999999500000003039 0.00000000099999999947 0.00000000099999999947 0.00000000099999999947 0.00000000099999999947 0.00000000099999999947 
0.99344198835058306063 0.00000000099999999998 0.00000000099999999998 0.00052264059630818111 0.00000000099999999998 0.00603536805310874325 
0.96685239681544488111 0.03280883834929659154 0.00033876183525847608 0.00000000099999999982 0.00000000099999999982 0.00000000099999999982 
0.99366334880684981101 0.00633664719315036283 0.00000000099999999965 0.00000000099999999965 0.00000000099999999965 0.00000000099999999965 
0.99238868394993740019 0.00636102658952529890 0.00000000099999999986 0.00000000099999999986 0.00125028646053733828 0.00000000099999999986 
0.99999999500000014141 0.00000000099999999942 0.00000000099999999942 0.00000000099999999942 0.00000000099999999942 0.00000000099999999942 
0.99999999500000003039 0.00000000099999999963 0.00000000099999999963 0.00000000099999999963 0.00000000099999999963 0.00000000099999999963 
0.99172666059978309416 0.00688272209640658061 0.00000000099999999984 0.00000000099999999984 0.00139061430381035521 0.00000000099999999984 
0.95546405710065795969 0.03844483462376786093 0.00000000099999999995 0.00609110527557424949 0.00000000099999999995 0.00000000099999999995 
0.99052909714726078416 0.00947089885273918672 0.00000000099999999969 0.00000000099999999969 0.00000000099999999969 0.00000000099999999969 
0.99362751429342055509 0.00637248170657951900 0.00000000099999999962 0.00000000099999999962 0.00000000099999999962 0.00000000099999999962 
0.99999999500000014141 0.00000000099999999932 0.00000000099999999932 0.00000000099999999932 0.00000000099999999932 0.00000000099999999932 
0.99552175778337048673 0.00447823821662957349 0.00000000099999999959 0.00000000099999999959 0.00000000099999999959 0.00000000099999999959 
0.97669962527550191478 0.02330037072449818447 0.00000000099999999962 0.00000000099999999962 0.00000000099999999962 0.00000000099999999962 
0.99283687859708125156 0.00716311740291879911 0.00000000099999999974 0.00000000099999999974 0.00000000099999999974 0.00000000099999999974 
0.92202591626441610106 0.07593482894206776690 0.00203925179351606206 0.00000000099999999992 0.00000000099999999992 0.00000000099999999992 
0.98690680100829952792 0.01143813861498776605 0.00165505737671262196 0.00000000099999999994 0.00000000099999999994 0.00000000099999999994 
0.99999999500000003039 0.00000000099999999979 0.00000000099999999979 0.00000000099999999979 0.00000000099999999979 0.00000000099999999979 
0.94783766410381165013 0.05111434889841883628 0.00000000099999999989 0.00104798399776941803 0.00000000099999999989 0.00000000099999999989 
0.99856346706833487570 0.00000000099999999971 0.00143652893166505724 0.00000000099999999971 0.00000000099999999971 0.00000000099999999971 
0.99361027114809985505 0.00000000099999999998 0.00315471647449035945 0.00000000099999999998 0.00000000099999999998 0.00323500937740981874 
0.99791076089238572866 0.00000000099999999996 0.00000000099999999996 0.00000000099999999996 0.00000000099999999996 0.00208923510761444995 
0.97423557206352895399 0.01010577496905091729 0.00710984737908320220 0.00854880358833694058 0.00000000099999999996 0.00000000099999999996 
0.99282101530436583925 0.00000357834554221205 0.00000000099999999994 0.00260308454524248081 0.00000000099999999994 0.00457231980484950479 
0.99720587850819697451 0.00000000099999999991 0.00000000099999999991 0.00279411749180310739 0.00000000099999999991 0.00000000099999999991 
0.99017557253177523879 0.00982442346822487260 0.00000000099999999978 0.00000000099999999978 0.00000000099999999978 0.00000000099999999978 
0.99539288906762701803 0.00460710693237298755 0.00000000099999999975 0.00000000099999999975 0.00000000099999999975 0.00000000099999999975 
0.96912459228723690785 0.03087540371276314977 0.00000000099999999970 0.00000000099999999970 0.00000000099999999970 0.00000000099999999970 
0.99482470906549480549 0.00020434029614587121 0.00352165040898870605 0.00000000099999999997 0.00144929822937065649 0.00000000099999999997 
0.99999999500000003039 0.00000000099999999961 0.00000000099999999961 0.00000000099999999961 0.00000000099999999961 0.00000000099999999961 
0.99350172583024465300 0.00118275371294252699 0.00211909864470143485 0.00000000099999999993 0.00319641981211130034 0.00000000099999999993 
0.86028320700148230848 0.13677384528923305917 0.00294294470928450121 0.00000000099999999994 0.00000000099999999994 0.00000000099999999994 
0.93009318081069580764 0.06990681518930420835 0.00000000099999999973 0.00000000099999999973 0.00000000099999999973 0.00000000099999999973 
0.99902449671851933921 0.00059258059971982371 0.00000175183750860674 0.00000000099999999999 0.00000000099999999999 0.00038116884425225392 
0.99999997592091427467 0.00000002007908567069 0.00000000099999999992 0.00000000099999999992 0.00000000099999999992 0.00000000099999999992 
0.99736555407088423042 0.00000000099999999994 0.00263444192911583717 0.00000000099999999994 0.00000000099999999994 0.00000000099999999994 
0.99393122484198337396 0.00000000207510089844 0.00416412539297495669 0.00000000099999999994 0.00000000099999999994 0.00190464568994081797 
0.98087213661637417950 0.01912785938362581567 0.00000000099999999981 0.00000000099999999981 0.00000000099999999981 0.00000000099999999981 
0.99989071546650676314 0.00010928053349316739 0.00000000099999999978 0.00000000099999999978 0.00000000099999999978 0.00000000099999999978 
0.95826836092495648600 0.04173163507504359937 0.00000000099999999975 0.00000000099999999975 0.00000000099999999975 0.00000000099999999975 
0.99790293696329068762 0.00000000099999999989 0.00209705903670940209 0.00000000099999999989 0.00000000099999999989 0.00000000099999999989 
0.99999999500000003039 0.00000000099999999970 0.00000000099999999970 0.00000000099999999970 0.00000000099999999970 0.00000000099999999970 
0.99999999500000003039 0.00000000099999999960 0.00000000099999999960 0.00000000099999999960 0.00000000099999999960 0.00000000099999999960 
0.98827251390449988300 0.00000000099999999996 0.00000000099999999996 0.01172748209550024401 0.00000000099999999996 0.00000000099999999996 
0.99999999500000014141 0.00000000099999999964 0.00000000099999999964 0.00000000099999999964 0.00000000099999999964 0.00000000099999999964 
0.98685433288733459545 0.01210105794278891651 0.00000000099999999996 0.00000000099999999996 0.00104460616987654058 0.00000000099999999996 
0.99999999500000003039 0.00000000099999999956 0.00000000099999999956 0.00000000099999999956 0.00000000099999999956 0.00000000099999999956 
0.99999999500000003039 0.00000000099999999985 0.00000000099999999985 0.00000000099999999985 0.00000000099999999985 0.00000000099999999985 
0.99397465033266341194 0.00503843973967922458 0.00000000099999999993 0.00000000099999999993 0.00000000099999999993 0.00098690692765752313 
0.97464063552964375070 0.01767604358535917672 0.00450849217538746346 0.00000000099999999998 0.00000000099999999998 0.00317482670960968650 
0.99850303727220390826 0.00000000099999999994 0.00000000099999999994 0.00000000099999999994 0.00000000099999999994 0.00149695872779615066 
0.99999999500000014141 0.00000000099999999988 0.00000000099999999988 0.00000000099999999988 0.00000000099999999988 0.00000000099999999988 
0.99293104980581026187 0.00605912027488138792 0.00000000099999999990 0.00000000099999999990 0.00000000099999999990 0.00100982691930843137 
0.98326266556156449727 0.01596581142251821475 0.00000000099999999994 0.00000000099999999994 0.00000000099999999994 0.00077152001591737846 
0.99100339071642373767 0.00899660528357629392 0.00000000099999999993 0.00000000099999999993 0.00000000099999999993 0.00000000099999999993 
0.99818962445313952347 0.00000000099999999991 0.00181037154686055474 0.00000000099999999991 0.00000000099999999991 0.00000000099999999991 
0.99063352024320316946 0.00068067229422746629 0.00000000099999999996 0.00000000099999999996 0.00000000099999999996 0.00868580446256936659 
0.99541925091639027467 0.00000000107376320489 0.00102306159630229619 0.00156565094870824676 0.00000000099999999997 0.00199203446483614760 
0.98983173805229685005 0.00508843749599568584 0.00463856751049127568 0.00000000099999999998 0.00044125494121623340 0.00000000099999999998 
0.90140976697130681394 0.08200503045654108925 0.00000006052992261292 0.01658514004222948895 0.00000000099999999999 0.00000000099999999999 
0.98634457972615396937 0.00984305558012943567 0.00007556775689340294 0.00000000099999999999 0.00143210002875813406 0.00230469590806500540 
0.96727018662144803596 0.03002480867888180499 0.00000000099999999999 0.00000000099999999999 0.00023326159379586259 0.00247174110587434137 
0.99999999500000014141 0.00000000099999999986 0.00000000099999999986 0.00000000099999999986 0.00000000099999999986 0.00000000099999999986 
0.99999999500000014141 0.00000000099999999965 0.00000000099999999965 0.00000000099999999965 0.00000000099999999965 0.00000000099999999965 
0.99902822109188282873 0.00000000099999999978 0.00097177490811729936 0.00000000099999999978 0.00000000099999999978 0.00000000099999999978 
0.99408215315697268100 0.00580482077575330407 0.00011302306727400151 0.00000000099999999993 0.00000000099999999993 0.00000000099999999993 
0.98986873957225207654 0.01013125642774808689 0.00000000099999999986 0.00000000099999999986 0.00000000099999999986 0.00000000099999999986 
0.99795370047691234205 0.00000000099999999985 0.00000000099999999985 0.00204629552308762926 0.00000000099999999985 0.00000000099999999985 
0.99346221217603869480 0.00000000099999999994 0.00000000099999999994 0.00653778382396132899 0.00000000099999999994 0.00000000099999999994 
0.99999999500000003039 0.00000000099999999993 0.00000000099999999993 0.00000000099999999993 0.00000000099999999993 0.00000000099999999993 
0.99181032215919051609 0.00000000099999999999 0.00175151925071240482 0.00000000099999999999 0.00236117135209817702 0.00407698523799893738 
0.99008328830927982978 0.00605484211764347607 0.00157733981461704665 0.00040254357284850908 0.00096654657872158149 0.00091543960688958848 
0.99135776990992785507 0.00000363514778576732 0.00251153812168189309 0.00208235456158524773 0.00000000099999999999 0.00404470125901922571 
0.98250125925560904960 0.00000000100000000000 0.00943014448895913675 0.00462627173060257621 0.00344232252482923546 0.00000000100000000000 
0.97527304956008542547 0.01223623891362384843 0.00000000438184817352 0.00000000309457206746 0.00000000100000000000 0.01249070304987054056 
0.99759785301517389655 0.00117307692265798355 0.00000000099999999992 0.00122906706216818133 0.00000000099999999992 0.00000000099999999992 
0.99999999500000014141 0.00000000099999999971 0.00000000099999999971 0.00000000099999999971 0.00000000099999999971 0.00000000099999999971 
