0.99999999200000011523 0.00000000099999999833 0.00000000099999999833 0.00000000099999999833 0.00000000099999999833 0.00000000099999999833 0.00000000099999999833 0.00000000099999999833 0.00000000099999999833 
0.99999999200000011523 0.00000000099999999842 0.00000000099999999842 0.00000000099999999842 0.00000000099999999842 0.00000000099999999842 0.00000000099999999842 0.00000000099999999842 0.00000000099999999842 
0.99999999200000000421 0.00000000099999999838 0.00000000099999999838 0.00000000099999999838 0.00000000099999999838 0.00000000099999999838 0.00000000099999999838 0.00000000099999999838 0.00000000099999999838 
0.99999999200000000421 0.00000000099999999841 0.00000000099999999841 0.00000000099999999841 0.00000000099999999841 0.00000000099999999841 0.00000000099999999841 0.00000000099999999841 0.00000000099999999841 
0.99999999200000011523 0.00000000099999999846 0.00000000099999999846 0.00000000099999999846 0.00000000099999999846 0.00000000099999999846 0.00000000099999999846 0.00000000099999999846 0.00000000099999999846 
0.99999999200000000421 0.00000000099999999845 0.00000000099999999845 0.00000000099999999845 0.00000000099999999845 0.00000000099999999845 0.00000000099999999845 0.00000000099999999845 0.00000000099999999845 
0.99999999200000000421 0.00000000099999999837 0.00000000099999999837 0.00000000099999999837 0.00000000099999999837 0.00000000099999999837 0.00000000099999999837 0.00000000099999999837 0.00000000099999999837 
0.99999999200000000421 0.00000000099999999851 0.00000000099999999851 0.00000000099999999851 0.00000000099999999851 0.00000000099999999851 0.00000000099999999851 0.00000000099999999851 0.00000000099999999851 
0.99999999200000000421 0.00000000099999999840 0.00000000099999999840 0.00000000099999999840 0.00000000099999999840 0.00000000099999999840 0.00000000099999999840 0.00000000099999999840 0.00000000099999999840 
0.99999999200000000421 0.00000000099999999850 0.00000000099999999850 0.00000000099999999850 0.00000000099999999850 0.00000000099999999850 0.00000000099999999850 0.00000000099999999850 0.00000000099999999850 
0.99999999200000000421 0.00000000099999999845 0.00000000099999999845 0.00000000099999999845 0.00000000099999999845 0.00000000099999999845 0.00000000099999999845 0.00000000099999999845 0.00000000099999999845 
0.99999999200000011523 0.00000000099999999873 0.00000000099999999873 0.00000000099999999873 0.00000000099999999873 0.00000000099999999873 0.00000000099999999873 0.00000000099999999873 0.00000000099999999873 
0.99999999200000011523 0.00000000099999999844 0.00000000099999999844 0.00000000099999999844 0.00000000099999999844 0.00000000099999999844 0.00000000099999999844 0.00000000099999999844 0.00000000099999999844 
0.99999999200000000421 0.00000000099999999840 0.00000000099999999840 0.00000000099999999840 0.00000000099999999840 0.00000000099999999840 0.00000000099999999840 0.00000000099999999840 0.00000000099999999840 
0.99999999200000011523 0.00000000099999999844 0.00000000099999999844 0.00000000099999999844 0.00000000099999999844 0.00000000099999999844 0.00000000099999999844 0.00000000099999999844 0.00000000099999999844 
0.99999999200000011523 0.00000000099999999843 0.00000000099999999843 0.00000000099999999843 0.00000000099999999843 0.00000000099999999843 0.00000000099999999843 0.00000000099999999843 0.00000000099999999843 
0.99999999200000011523 0.00000000099999999842 0.00000000099999999842 0.00000000099999999842 0.00000000099999999842 0.00000000099999999842 0.00000000099999999842 0.00000000099999999842 0.00000000099999999842 
0.99999999200000000421 0.00000000099999999854 0.00000000099999999854 0.00000000099999999854 0.00000000099999999854 0.00000000099999999854 0.00000000099999999854 0.00000000099999999854 0.00000000099999999854 
0.99999999200000000421 0.00000000099999999856 0.00000000099999999856 0.00000000099999999856 0.00000000099999999856 0.00000000099999999856 0.00000000099999999856 0.00000000099999999856 0.00000000099999999856 
0.99999999200000011523 0.00000000099999999854 0.00000000099999999854 0.00000000099999999854 0.00000000099999999854 0.00000000099999999854 0.00000000099999999854 0.00000000099999999854 0.00000000099999999854 
0.99999999200000011523 0.00000000099999999847 0.00000000099999999847 0.00000000099999999847 0.00000000099999999847 0.00000000099999999847 0.00000000099999999847 0.00000000099999999847 0.00000000099999999847 
0.99999999200000011523 0.00000000099999999849 0.00000000099999999849 0.00000000099999999849 0.00000000099999999849 0.00000000099999999849 0.00000000099999999849 0.00000000099999999849 0.00000000099999999849 
0.99999999200000011523 0.00000000099999999848 0.00000000099999999848 0.00000000099999999848 0.00000000099999999848 0.00000000099999999848 0.00000000099999999848 0.00000000099999999848 0.00000000099999999848 
0.99999999200000000421 0.00000000099999999849 0.00000000099999999849 0.00000000099999999849 0.00000000099999999849 0.00000000099999999849 0.00000000099999999849 0.00000000099999999849 0.00000000099999999849 
0.99999999200000000421 0.00000000099999999893 0.00000000099999999893 0.00000000099999999893 0.00000000099999999893 0.00000000099999999893 0.00000000099999999893 0.00000000099999999893 0.00000000099999999893 
0.99999999200000000421 0.00000000099999999847 0.00000000099999999847 0.00000000099999999847 0.00000000099999999847 0.00000000099999999847 0.00000000099999999847 0.00000000099999999847 0.00000000099999999847 
0.99999999200000000421 0.00000000099999999852 0.00000000099999999852 0.00000000099999999852 0.00000000099999999852 0.00000000099999999852 0.00000000099999999852 0.00000000099999999852 0.00000000099999999852 
0.99999999200000000421 0.00000000099999999855 0.00000000099999999855 0.00000000099999999855 0.00000000099999999855 0.00000000099999999855 0.00000000099999999855 0.00000000099999999855 0.00000000099999999855 
0.99999999200000011523 0.00000000099999999856 0.00000000099999999856 0.00000000099999999856 0.00000000099999999856 0.00000000099999999856 0.00000000099999999856 0.00000000099999999856 0.00000000099999999856 
0.99999999200000000421 0.00000000099999999851 0.00000000099999999851 0.00000000099999999851 0.00000000099999999851 0.00000000099999999851 0.00000000099999999851 0.00000000099999999851 0.00000000099999999851 
0.99999999200000000421 0.00000000099999999875 0.00000000099999999875 0.00000000099999999875 0.00000000099999999875 0.00000000099999999875 0.00000000099999999875 0.00000000099999999875 0.00000000099999999875 
0.99999999200000011523 0.00000000099999999895 0.00000000099999999895 0.00000000099999999895 0.00000000099999999895 0.00000000099999999895 0.00000000099999999895 0.00000000099999999895 0.00000000099999999895 
0.99999999200000000421 0.00000000099999999867 0.00000000099999999867 0.00000000099999999867 0.00000000099999999867 0.00000000099999999867 0.00000000099999999867 0.00000000099999999867 0.00000000099999999867 
0.99999999200000011523 0.00000000099999999886 0.00000000099999999886 0.00000000099999999886 0.00000000099999999886 0.00000000099999999886 0.00000000099999999886 0.00000000099999999886 0.00000000099999999886 
0.99999999200000000421 0.00000000099999999868 0.00000000099999999868 0.00000000099999999868 0.00000000099999999868 0.00000000099999999868 0.00000000099999999868 0.00000000099999999868 0.00000000099999999868 
0.99999999200000011523 0.00000000099999999880 0.00000000099999999880 0.00000000099999999880 0.00000000099999999880 0.00000000099999999880 0.00000000099999999880 0.00000000099999999880 0.00000000099999999880 
0.99999999200000000421 0.00000000099999999871 0.00000000099999999871 0.00000000099999999871 0.00000000099999999871 0.00000000099999999871 0.00000000099999999871 0.00000000099999999871 0.00000000099999999871 
0.99999999200000000421 0.00000000099999999871 0.00000000099999999871 0.00000000099999999871 0.00000000099999999871 0.00000000099999999871 0.00000000099999999871 0.00000000099999999871 0.00000000099999999871 
0.99999999200000000421 0.00000000099999999878 0.00000000099999999878 0.00000000099999999878 0.00000000099999999878 0.00000000099999999878 0.00000000099999999878 0.00000000099999999878 0.00000000099999999878 
0.99999999200000011523 0.00000000099999999901 0.00000000099999999901 0.00000000099999999901 0.00000000099999999901 0.00000000099999999901 0.00000000099999999901 0.00000000099999999901 0.00000000099999999901 
0.99999999200000011523 0.00000000099999999868 0.00000000099999999868 0.00000000099999999868 0.00000000099999999868 0.00000000099999999868 0.00000000099999999868 0.00000000099999999868 0.00000000099999999868 
0.99999999200000000421 0.00000000099999999884 0.00000000099999999884 0.00000000099999999884 0.00000000099999999884 0.00000000099999999884 0.00000000099999999884 0.00000000099999999884 0.00000000099999999884 
0.99999999200000000421 0.00000000099999999872 0.00000000099999999872 0.00000000099999999872 0.00000000099999999872 0.00000000099999999872 0.00000000099999999872 0.00000000099999999872 0.00000000099999999872 
0.99999999200000000421 0.00000000099999999870 0.00000000099999999870 0.00000000099999999870 0.00000000099999999870 0.00000000099999999870 0.00000000099999999870 0.00000000099999999870 0.00000000099999999870 
0.99999999200000000421 0.00000000099999999883 0.00000000099999999883 0.00000000099999999883 0.00000000099999999883 0.00000000099999999883 0.00000000099999999883 0.00000000099999999883 0.00000000099999999883 
0.99999999200000000421 0.00000000099999999874 0.00000000099999999874 0.00000000099999999874 0.00000000099999999874 0.00000000099999999874 0.00000000099999999874 0.00000000099999999874 0.00000000099999999874 
0.99999999200000011523 0.00000000099999999878 0.00000000099999999878 0.00000000099999999878 0.00000000099999999878 0.00000000099999999878 0.00000000099999999878 0.00000000099999999878 0.00000000099999999878 
0.99999999200000011523 0.00000000099999999908 0.00000000099999999908 0.00000000099999999908 0.00000000099999999908 0.00000000099999999908 0.00000000099999999908 0.00000000099999999908 0.00000000099999999908 
0.99999999200000022626 0.00000000099999999908 0.00000000099999999908 0.00000000099999999908 0.00000000099999999908 0.00000000099999999908 0.00000000099999999908 0.00000000099999999908 0.00000000099999999908 
0.99999999200000011523 0.00000000099999999921 0.00000000099999999921 0.00000000099999999921 0.00000000099999999921 0.00000000099999999921 0.00000000099999999921 0.00000000099999999921 0.00000000099999999921 
0.99999999200000011523 0.00000000099999999955 0.00000000099999999955 0.00000000099999999955 0.00000000099999999955 0.00000000099999999955 0.00000000099999999955 0.00000000099999999955 0.00000000099999999955 
0.00000000099999999946 0.16256052473166307526 0.00000000099999999946 0.00000000099999999946 0.00000000099999999946 0.00000000099999999946 0.00000000099999999946 0.83743946826833692842 0.00000000099999999946 
0.00000000099999999918 0.20997334591096458722 0.00000000099999999918 0.00000000099999999918 0.00000000099999999918 0.00000000099999999918 0.00000000099999999918 0.79002664708903547197 0.00000000099999999918 
0.00000000099999999966 0.22056731458462608408 0.00000000099999999966 0.00000000099999999966 0.00000000099999999966 0.00000000099999999966 0.00000000099999999966 0.77943267841537400287 0.00000000099999999966 
0.00000000099999999893 0.16039444933282301364 0.00000000099999999893 0.00000000099999999893 0.00000000099999999893 0.00000000099999999893 0.00769513353039998592 0.83191041113677688390 0.00000000099999999893 
0.00000000099999999911 0.13934455799971443013 0.00000000099999999911 0.00000000099999999911 0.00000000099999999911 0.00000000099999999911 0.00344245962822677023 0.85721297637205873254 0.00000000099999999911 
0.00000000099999999889 0.16005886617809822470 0.00000000099999999889 0.00000000099999999889 0.00000000099999999889 0.00000000099999999889 0.00000000099999999889 0.83994112682190169572 0.00000000099999999889 
0.00000000099999999933 0.15961544760158594136 0.00000000099999999933 0.00000000099999999933 0.00000000099999999933 0.00000000099999999933 0.01013356943828197694 0.83025097696013205884 0.00000000099999999933 
0.00000000099999999900 0.14350173597590831776 0.00000000099999999900 0.00000000099999999900 0.00000000099999999900 0.00000000099999999900 0.00000000099999999900 0.85649825702409165817 0.00000000099999999900 
0.00000000099999999923 0.17173445961081021394 0.00000000099999999923 0.00000000099999999923 0.00000000099999999923 0.00000000099999999923 0.01272714307591851605 0.81553839131327132694 0.00000000099999999923 
0.00000000099999999959 0.14838744244672005812 0.00938630355080560114 0.00000000099999999959 0.00000000099999999959 0.00000000099999999959 0.00000000099999999959 0.84222624800247425370 0.00000000099999999959 
0.00000000099999999905 0.16475710535690113456 0.00000000099999999905 0.00000000099999999905 0.00000000099999999905 0.00000000099999999905 0.00000000099999999905 0.83524288764309873034 0.00000000099999999905 
0.00000000099999999903 0.17563647799975412589 0.00000000099999999903 0.00000000099999999903 0.00000000099999999903 0.00000000099999999903 0.01512276394572110993 0.80924075205452483672 0.00000000099999999903 
0.00000000099999999947 0.18777805200280234255 0.00946746054277160590 0.00000000099999999947 0.00000000099999999947 0.00000000099999999947 0.00000000099999999947 0.80275448145442596104 0.00000000099999999947 
0.00000000099999999925 0.17261840010252696431 0.00000000099999999925 0.00000000099999999925 0.00000000099999999925 0.00000000099999999925 0.02536002624283962767 0.80202156765463339383 0.00000000099999999925 
0.00000000099999999967 0.14384816974349784457 0.00000000099999999967 0.00000000099999999967 0.00000000099999999967 0.00000000099999999967 0.00257786554866793263 0.85357395870783414615 0.00000000099999999967 
0.00000000099999999889 0.14336621899611295960 0.00000000099999999889 0.00000000099999999889 0.00000000099999999889 0.00000000099999999889 0.00000000099999999889 0.85663377400388707184 0.00000000099999999889 
0.00000000099999999940 0.25186015771058500867 0.00000000099999999940 0.00000000099999999940 0.00000000099999999940 0.00000000099999999940 0.00919232799364333268 0.73894750829577138251 0.00000000099999999940 
0.00000000099999999961 0.21705839729846404529 0.00000000099999999961 0.00000000099999999961 0.00000000099999999961 0.00000000099999999961 0.00000000099999999961 0.78294159570153587513 0.00000000099999999961 
0.00000000099999999915 0.16948928415026770500 0.00000000099999999915 0.00000000099999999915 0.00000000099999999915 0.00000000099999999915 0.00000000099999999915 0.83051070884973221542 0.00000000099999999915 
0.00000000099999999921 0.16802717204482967017 0.00000000099999999921 0.00000000099999999921 0.00000000099999999921 0.00000000099999999921 0.00000006069781191963 0.83197276125735841745 0.00000000099999999921 
0.00000000099999999923 0.19985693987102545743 0.00000000099999999923 0.00000000099999999923 0.00000000099999999923 0.00000000099999999923 0.01930990603713674328 0.78083314809183768102 0.00000000099999999923 
0.00000000099999999892 0.19030157959055332695 0.00000000099999999892 0.00000000099999999892 0.00000000099999999892 0.00000000099999999892 0.00000000099999999892 0.80969841340944670449 0.00000000099999999892 
0.00000000099999999920 0.16869911583143670786 0.00000000099999999920 0.00000000099999999920 0.00000000099999999920 0.00000000099999999920 0.00000000099999999920 0.83130087716856315705 0.00000000099999999920 
0.00000000099999999924 0.22571084995939047491 0.00000000099999999924 0.00000000099999999924 0.00000000099999999924 0.00000000099999999924 0.00000000099999999924 0.77428914304060936225 0.00000000099999999924 
0.00000000099999999951 0.23485916519365560018 0.00000000099999999951 0.00000000099999999951 0.00000000099999999951 0.00000000099999999951 0.00000000209464667743 0.76514082671169758587 0.00000000099999999951 
0.00000000099999999908 0.16381372452419379337 0.00000000099999999908 0.00000000099999999908 0.00000000099999999908 0.00000000099999999908 0.00000000099999999908 0.83618626847580601602 0.00000000099999999908 
0.00000000099999999927 0.21622710464111705164 0.00000000099999999927 0.00000000099999999927 0.00000000099999999927 0.00000000099999999927 0.00000000099999999927 0.78377288835888303531 0.00000000099999999927 
0.00018458433370418240 0.23666335169051333498 0.00000000141980721012 0.00463715987463877207 0.00000000099999999990 0.00000000099999999990 0.00000000099999999990 0.75851489868133648020 0.00000000099999999990 
0.00000000099999999978 0.16068995490212795163 0.00000000099999999978 0.00000000099999999978 0.00000000099999999978 0.00000000099999999978 0.00000000099999999978 0.83931003809787207981 0.00000000099999999978 
0.00000000099999999935 0.20597685931044037999 0.00000000099999999935 0.00000000099999999935 0.00000000099999999935 0.00000000099999999935 0.00000000099999999935 0.79402313368955945716 0.00000000099999999935 
0.00000000099999999912 0.15406216777252187966 0.00000000099999999912 0.00000000099999999912 0.00000000099999999912 0.00000000099999999912 0.00000000099999999912 0.84593782522747817954 0.00000000099999999912 
0.00000000099999999968 0.15612688391264953336 0.00000000099999999968 0.00000000099999999968 0.00000000099999999968 0.00000000099999999968 0.00000000099999999968 0.83838898622904056701 0.00548412385831003723 
0.00000000099999999963 0.29559071054348079466 0.00000000099999999963 0.00000000099999999963 0.00000000099999999963 0.00000000099999999963 0.00944743202260932453 0.69496185143390964978 0.00000000099999999963 
0.00000000099999999959 0.22099017074353580203 0.00000000099999999959 0.00000000099999999959 0.00000000099999999959 0.00000000099999999959 0.00004500296954222670 0.77896482028692193289 0.00000000099999999959 
0.00000000099999999937 0.23130333639711489480 0.00000000099999999937 0.00000000099999999937 0.00000000099999999937 0.00000000099999999937 0.00516625568632806190 0.76353040191655696667 0.00000000099999999937 
0.00000000099999999952 0.19023116183859686834 0.00000000099999999952 0.00000000099999999952 0.00000000099999999952 0.00000000099999999952 0.00469812156232283541 0.80507071059908041910 0.00000000099999999952 
0.00000000099999999936 0.23629114631270803359 0.00000000099999999936 0.00000000099999999936 0.00000000099999999936 0.00000000099999999936 0.00000000682277874261 0.76370884086451307216 0.00000000099999999936 
0.00000000099999999943 0.23899197164971069940 0.00000000099999999943 0.00000000099999999943 0.00000000099999999943 0.00000000099999999943 0.00000000099999999943 0.76100802135028922102 0.00000000099999999943 
0.00000000099999999941 0.27425411316346037793 0.00000000099999999941 0.00000000099999999941 0.00000000099999999941 0.00000000099999999941 0.00743925281482067050 0.71830662802171874048 0.00000000099999999941 
0.00000000099999999988 0.15032307901438624054 0.00088419395748849574 0.00000000099999999988 0.00000000099999999988 0.00000000099999999988 0.01000600636317439812 0.83878671566495088818 0.00000000099999999988 
0.00000000099999999952 0.16143869962865448064 0.00000000099999999952 0.00000000099999999952 0.00000000099999999952 0.00000000099999999952 0.00000000099999999952 0.83856129337134543977 0.00000000099999999952 
0.00000000099999999978 0.14168820685735428189 0.00000000099999999978 0.00000000099999999978 0.00000000099999999978 0.00000000099999999978 0.01854738715103216792 0.83976439999161356376 0.00000000099999999978 
0.00000000099999999942 0.17153335690140847358 0.00000000099999999942 0.00000000099999999942 0.00000000099999999942 0.00000000099999999942 0.00000000099999999942 0.82846663609859150235 0.00000000099999999942 
0.00000000099999999917 0.22760058974313679414 0.00000000099999999917 0.00000000099999999917 0.00000000099999999917 0.00000000099999999917 0.01573918602549505968 0.75666021823136819791 0.00000000099999999917 
0.00000000099999999916 0.24448516799363287366 0.00000000099999999916 0.00000000099999999916 0.00000000099999999916 0.00000000099999999916 0.00373277842921231669 0.75178204757715472173 0.00000000099999999916 
0.00000000099999999924 0.22188317778437460781 0.00000000099999999924 0.00000000099999999924 0.00000000099999999924 0.00000000099999999924 0.00000000099999999924 0.77811681521562525710 0.00000000099999999924 
0.00000000099999999926 0.19706128473254502786 0.00000000099999999926 0.00000000099999999926 0.00000000099999999926 0.00000000099999999926 0.01849997922921435556 0.78443873003824060586 0.00000000099999999926 
0.00000000099999999969 0.23511071752499196341 0.00000000099999999969 0.00000000099999999969 0.00000000099999999969 0.00000000099999999969 0.00147613119275867739 0.76341314528224923919 0.00000000099999999969 
0.00000000099999999918 0.20302078324246294883 0.00000000099999999918 0.00000000099999999918 0.00000000099999999918 0.00000000099999999918 0.00017994675972106105 0.79679926399781597635 0.00000000099999999918 
0.00000000099999999949 0.25664460319821480461 0.00000000099999999949 0.00000000099999999949 0.00000000099999999949 0.00000000099999999949 0.00000000099999999949 0.74335538980178494928 0.00000000099999999949 
0.00000000099999999923 0.20395848276984740455 0.00000000099999999923 0.00000000099999999923 0.00000000099999999923 0.00000000099999999923 0.04394750687654991328 0.75209400435360274084 0.00000000099999999923 
0.00000000099999999932 0.23918133183615930548 0.00000000099999999932 0.00000000099999999932 0.00000000099999999932 0.00000000099999999932 0.00000000099999999932 0.76081866116384067045 0.00000000099999999932 
0.00000000099999999946 0.15159608275621841433 0.00000000099999999946 0.00000000099999999946 0.00000000099999999946 0.00000000099999999946 0.00648338287663567311 0.84192052836714581510 0.00000000099999999946 
0.00000000099999999950 0.14816532593367781612 0.00000000099999999950 0.00000000099999999950 0.00000000099999999950 0.00000000099999999950 0.00225477462202161713 0.84957989344430051570 0.00000000099999999950 
0.00000000099999999929 0.18838147389772183504 0.00000000099999999929 0.00000000099999999929 0.00000000099999999929 0.00000000099999999929 0.04820209128862026904 0.76341642881365789908 0.00000000099999999929 
0.00000000099999999934 0.17468886367750255384 0.00000000099999999934 0.00000000099999999934 0.00000000099999999934 0.00000000099999999934 0.02919446363330626543 0.79611666668919112144 0.00000000099999999934 
0.00000000099999999955 0.18019665675172030772 0.00000000099999999955 0.00000000099999999955 0.00000000099999999955 0.00000000099999999955 0.01824164717490778589 0.80156169007337196852 0.00000000099999999955 
0.00000000099999999959 0.17394082123180540367 0.00000000099999999959 0.00000000099999999959 0.00000000099999999959 0.00000000099999999959 0.02090033898321794203 0.80515883378497654643 0.00000000099999999959 
0.00000000099999999917 0.15311146524395044533 0.00000000099999999917 0.00000000099999999917 0.00000000099999999917 0.00000000099999999917 0.03990630443350275808 0.80698222432254662628 0.00000000099999999917 
0.00000000099999999946 0.12251340079275911676 0.00000000099999999946 0.00000000099999999946 0.00000000099999999946 0.00000000099999999946 0.00000000826885018344 0.87748658493839071237 0.00000000099999999946 
0.00000000099999999922 0.18034922319777010880 0.00000000099999999922 0.00000000099999999922 0.00000000099999999922 0.00000000099999999922 0.00805541824303242053 0.81159535255919745822 0.00000000099999999922 
0.00000000099999999967 0.17955323547341087154 0.00000000099999999967 0.00000000099999999967 0.00000000099999999967 0.00000000099999999967 0.00000000099999999967 0.82044675752658902113 0.00000000099999999967 
0.00004951071318365735 0.15600023150671474270 0.00000000099999999960 0.00000000099999999960 0.00000000099999999960 0.00000000099999999960 0.00003708557781412047 0.84391316720228748416 0.00000000099999999960 
0.00000000099999999972 0.15881033968258231881 0.00000000099999999972 0.00000000099999999972 0.00000000099999999972 0.00000000099999999972 0.00000000099999999972 0.84118965331741768487 0.00000000099999999972 
0.00000000099999999934 0.16829684834544336725 0.00000000099999999934 0.00000000099999999934 0.00000000099999999934 0.00000000099999999934 0.03293972293678098379 0.79876342271777556192 0.00000000099999999934 
0.00000000099999999977 0.18950245555814276832 0.00000000099999999977 0.00000000099999999977 0.00000000099999999977 0.00000000099999999977 0.00000000099999999977 0.81049753744185726312 0.00000000099999999977 
0.00359304091655476485 0.12768398407996978117 0.00000000099999999998 0.00204153723014001594 0.00099065853234947500 0.00000000099999999998 0.03764335892430747260 0.82400862391628459935 0.00403879440039393769 
0.00000000099999999970 0.19364083275053917133 0.00913230309096386451 0.00000000099999999970 0.00000000099999999970 0.00000000099999999970 0.03224345988675994534 0.76498339927173697461 0.00000000099999999970 
0.00000000099999999981 0.20298916190787358316 0.00669143274406179631 0.00000000099999999981 0.00000000099999999981 0.00000000099999999981 0.03042503995022273477 0.75989436039784186150 0.00000000099999999981 
0.00000000099999999978 0.17338125085875680242 0.00321352393572956092 0.00000000099999999978 0.00000000099999999978 0.00000000099999999978 0.02743796318588411290 0.79596725701962955934 0.00000000099999999978 
0.00336821217465397942 0.21174433047852916912 0.00000000099999999997 0.00103939088953857004 0.00016464267075716560 0.00000000099999999997 0.02592807936192458723 0.75775534142459655129 0.00000000099999999997 
0.00192584562571151497 0.14313871387746690544 0.00000000099999999994 0.00072477445936116713 0.00000000107262533310 0.00000000099999999994 0.04485611054762037031 0.80701473775003629285 0.00233981466717843355 
0.00000000099999999926 0.01134644340227000496 0.00000000099999999926 0.00000000099999999926 0.00000000099999999926 0.00000000099999999926 0.98865354959772988597 0.00000000099999999926 0.00000000099999999926 
0.00000000099999999923 0.00000000099999999923 0.00000000099999999923 0.00000000099999999923 0.00000000099999999923 0.00000000099999999923 0.99999999199999989319 0.00000000099999999923 0.00000000099999999923 
0.00000000099999999951 0.00676937681649721068 0.00000000099999999951 0.00000000099999999951 0.00000000099999999951 0.00000000099999999951 0.99311307948452165473 0.00011753769898121776 0.00000000099999999951 
0.00000000099999999978 0.00000000099999999978 0.00000000099999999978 0.00000000099999999978 0.00000000099999999978 0.00000000099999999978 0.99999999200000000421 0.00000000099999999978 0.00000000099999999978 
0.00000000099999999924 0.00697324288553629809 0.00000000099999999924 0.00000000099999999924 0.00000000099999999924 0.00000000099999999924 0.99302674999266282718 0.00000000112180092714 0.00000000099999999924 
0.00000000099999999934 0.00000004039071344282 0.00000000099999999934 0.00000000099999999934 0.00000000099999999934 0.00000000099999999934 0.99999995260928653540 0.00000000099999999934 0.00000000099999999934 
0.00000000099999999945 0.00992920475955316392 0.00000000099999999945 0.00000000099999999945 0.00000000099999999945 0.00000000099999999945 0.98560994639322219157 0.00446084284722450802 0.00000000099999999945 
0.00000000099999999935 0.00692758495395902948 0.00000000099999999935 0.00000000099999999935 0.00000000099999999935 0.00000000099999999935 0.99307240804604091089 0.00000000099999999935 0.00000000099999999935 
0.00000000099999999931 0.00388970691584340778 0.00000000099999999931 0.00000000099999999931 0.00000000099999999931 0.00000000099999999931 0.99611028608415663754 0.00000000099999999931 0.00000000099999999931 
0.00000000099999999963 0.00000000099999999963 0.00000000099999999963 0.00000000099999999963 0.00000000099999999963 0.00000000099999999963 0.99999999200000000421 0.00000000099999999963 0.00000000099999999963 
0.00000000099999999931 0.00000000099999999931 0.00000000099999999931 0.00000000099999999931 0.00000000099999999931 0.00000000099999999931 0.99999552046803852345 0.00000447253196144211 0.00000000099999999931 
0.00000000099999999922 0.00377781981892560135 0.00000000099999999922 0.00000000099999999922 0.00000000099999999922 0.00000000099999999922 0.96072359086281589047 0.03549858331825841984 0.00000000099999999922 
0.00000000099999999930 0.00000000099999999930 0.00000000099999999930 0.00000000099999999930 0.00000000099999999930 0.00000000099999999930 0.99999999199999989319 0.00000000099999999930 0.00000000099999999930 
0.00000000099999999941 0.00000000099999999941 0.00000000099999999941 0.00000000099999999941 0.00000000099999999941 0.00000000099999999941 0.99821206542802620731 0.00178792757197367190 0.00000000099999999941 
0.00000000099999999954 0.00000000099999999954 0.00000000099999999954 0.00000000099999999954 0.00000000099999999954 0.00000000099999999954 0.99999999200000000421 0.00000000099999999954 0.00000000099999999954 
0.00000000099999999939 0.03740972267319233463 0.00000000099999999939 0.00000000099999999939 0.00000000099999999939 0.00000000099999999939 0.96259027032680766212 0.00000000099999999939 0.00000000099999999939 
0.00000000099999999954 0.00120274390808348237 0.00000000099999999954 0.00000000099999999954 0.00000000099999999954 0.00000000099999999954 0.98190350097905765292 0.01689374911285885031 0.00000000099999999954 
0.00000000099999999905 0.00000000851898573353 0.00000000099999999905 0.00000000099999999905 0.00000000099999999905 0.00000000099999999905 0.99999998448101423687 0.00000000099999999905 0.00000000099999999905 
0.00000000099999999953 0.02852160987654251204 0.00000000099999999953 0.00000000099999999953 0.00000000099999999953 0.00000000099999999953 0.94605616333053388356 0.02044001098295484056 0.00498221080996876734 
0.00000000099999999963 0.07834272418996286735 0.00000000099999999963 0.00000000099999999963 0.00348632105253890304 0.00000000099999999963 0.91816718054143053873 0.00000376921606766643 0.00000000099999999963 
0.00000000099999999967 0.00000000099999999967 0.00000000099999999967 0.00000000099999999967 0.00000000099999999967 0.00000000099999999967 0.96655098211031209576 0.03344901088968779690 0.00000000099999999967 
0.00000000099999999983 0.06860714725868197195 0.00000000099999999983 0.00000000099999999983 0.00000000099999999983 0.00000000099999999983 0.91974154659135554102 0.00000000099999999983 0.01165130014996245550 
0.00000000099999999960 0.06539305142801984938 0.00000000099999999960 0.00000000099999999960 0.00000000099999999960 0.00000000099999999960 0.88705709671972055030 0.04200656373217972334 0.00554328312007994380 
0.00000000099999999993 0.07577929458367654858 0.00000000099999999993 0.00250311354797786182 0.00117851042074035403 0.00000000099999999993 0.89333162576925928544 0.02720745167834602574 0.00000000099999999993 
0.00000000099999999977 0.02152953901162336231 0.00000000099999999977 0.00000000099999999977 0.00220940091981544325 0.00000000099999999977 0.96448934876867498112 0.01177170629988619037 0.00000000099999999977 
0.00000000099999999970 0.07691608945111266804 0.00000000099999999970 0.00000000099999999970 0.00570022999726980430 0.00000000099999999970 0.91738367455161762276 0.00000000099999999970 0.00000000099999999970 
0.00000000099999999964 0.05729323262664354210 0.00000000099999999964 0.00000000099999999964 0.00000000099999999964 0.00000000099999999964 0.92631661903332840335 0.01113107497051211980 0.00525906836951610564 
0.00000000099999999959 0.04912726234098859640 0.00000000099999999959 0.00000000099999999959 0.00000000099999999959 0.00000000099999999959 0.94738501775750916245 0.00000000099999999959 0.00348771390150227206 
0.00000000099999999968 0.04334039277716360966 0.00000000099999999968 0.00000000099999999968 0.00000000099999999968 0.00000000099999999968 0.95425773290938575855 0.00000000099999999968 0.00240186831345064839 
0.00000000099999999968 0.08737519847879969548 0.00000000099999999968 0.00000000099999999968 0.00000000099999999968 0.00000000099999999968 0.91262470553038876897 0.00000008999081155103 0.00000000099999999968 
0.00000000099999999950 0.06691628883991168619 0.00000000099999999950 0.00000000099999999950 0.00000000099999999950 0.00000000099999999950 0.92845212987229908119 0.00000000099999999950 0.00463157528778942659 
0.00000000099999999966 0.05502930567282645485 0.00000000099999999966 0.00000000099999999966 0.00000000099999999966 0.00000000099999999966 0.86878810764391312116 0.06791656585967048576 0.00826601582359014903 
0.00000000099999999961 0.07258685646561092997 0.00000000099999999961 0.00000000099999999961 0.00000000099999999961 0.00000000099999999961 0.91257373216983017628 0.00000002374229592499 0.01483938262226295983 
0.00000000099999999981 0.04031160059143570895 0.00000000099999999981 0.00000000099999999981 0.00000000099999999981 0.00000000099999999981 0.90723578360202339343 0.05245260980654082444 0.00000000099999999981 
0.00000000099999999961 0.10195676344410166403 0.00000000099999999961 0.00000000099999999961 0.00000000099999999961 0.00000000099999999961 0.88165850982770388455 0.01638472072819448927 0.00000000099999999961 
0.00000000099999999941 0.08323481475133104324 0.00000000099999999941 0.00000000099999999941 0.00000000099999999941 0.00000000099999999941 0.87461462295461744887 0.04215055629405141391 0.00000000099999999941 
0.00000000099999999982 0.05831077724829539233 0.00000000099999999982 0.00000000099999999982 0.00000000099999999982 0.00000000099999999982 0.88896203181414790162 0.05272718493755661207 0.00000000099999999982 
0.00000000099999999996 0.06379779513022659776 0.00000000099999999996 0.00000000099999999996 0.01230777787903733836 0.00000000099999999996 0.78097769061317467987 0.14291673137756136236 0.00000000099999999996 
0.00000000099999999999 0.19204164660499867257 0.00000000099999999999 0.00000000099999999999 0.00374536979644459313 0.00000000099999999999 0.54496170204681582128 0.25925127655174096120 0.00000000099999999999 
0.00000000099999999998 0.08783032426703539508 0.00000000099999999998 0.00000000099999999998 0.03159653821101911231 0.00000000099999999998 0.77794515294660437910 0.10262797957534118554 0.00000000099999999998 
0.00623670984123231992 0.06616274230537606826 0.00000000099999999956 0.00000000099999999956 0.00000000099999999956 0.00000000099999999956 0.90830831245360665882 0.01929223039978496257 0.00000000099999999956 
0.00000000099999999997 0.10956269809060874276 0.00000000099999999997 0.00000000099999999997 0.00000000099999999997 0.00000000099999999997 0.79773729226983014495 0.06476578866165315362 0.02793421597790805497 
0.00000000099999999999 0.24417788103997040139 0.00000000099999999999 0.00000000099999999999 0.00000000099999999999 0.00000013026760468641 0.27638260654323615340 0.47739041473489723932 0.00204896341429150822 
0.00000000099999999978 0.01492074429161060339 0.00000000099999999978 0.00000000099999999978 0.00000000099999999978 0.00000000099999999978 0.94507251247010548578 0.04000673723828386541 0.00000000099999999978 
0.01092182018044958285 0.00000001380555727503 0.00000000099999999999 0.00000000099999999999 0.00000000099999999999 0.00000000099999999999 0.43571807010574514774 0.55336008822710291977 0.00000000368114520427 
0.01586660043251981317 0.03922665978623893906 0.00000000099999999980 0.00000000099999999980 0.00000000099999999980 0.00000000099999999980 0.89344936441736755306 0.05145737036387367652 0.00000000099999999980 
0.00198103023271643981 0.01630492346759753949 0.00000000099999999988 0.00000000099999999988 0.00000000099999999988 0.00000000099999999988 0.95473334059725933898 0.02698070070242674853 0.00000000099999999988 
0.00848395275447472522 0.01621244070984892774 0.00000000099999999956 0.00000000099999999956 0.00000000099999999956 0.00000000099999999956 0.89382220218723806848 0.08148139934843817711 0.00000000099999999956 
0.00201404554450027766 0.02074574838370690441 0.00000000099999999989 0.00000000099999999989 0.00000000099999999989 0.00000000099999999989 0.88185188512922063619 0.09538831594257221602 0.00000000099999999989 
0.00000000099999999919 0.04826008537334186554 0.00000000099999999919 0.00000000099999999919 0.00000000099999999919 0.00000000099999999919 0.89848238903121702137 0.05325751959544119951 0.00000000099999999919 
0.00000000099999999948 0.01660209303633374683 0.00000000099999999948 0.00000000099999999948 0.00000000099999999948 0.00000000099999999948 0.93154043308122536082 0.05185746788244088856 0.00000000099999999948 
0.00000000099999999985 0.05446257037686352137 0.00136384102907118011 0.00000000099999999985 0.00000000099999999985 0.00000000099999999985 0.14923589038197412893 0.79493769321209117873 0.00000000099999999985 
0.00005976855039724007 0.04309226756694002625 0.00000000099999999970 0.00000000099999999970 0.00000000099999999970 0.00000000099999999970 0.18994431006795969852 0.76690364881470296510 0.00000000099999999970 
0.00000000099999999991 0.03757627185286682714 0.00000000099999999991 0.25065274633460588039 0.00000000099999999991 0.08870018447263997019 0.18688834124938269454 0.43618245209050471312 0.00000000099999999991 
0.00382579566996469082 0.08042911348145667660 0.00000000099999999991 0.00257308617059442708 0.00000000099999999991 0.00029013942128050882 0.14534065041979946087 0.76754121183690415808 0.00000000099999999991 
0.00211872385375071843 0.05512616297854950470 0.00000000099999999993 0.00132885084287686695 0.00000000099999999993 0.00234274983553546751 0.12159120023958401580 0.81749230924970328616 0.00000000099999999993 
0.00000000099999999993 0.02510277642252608035 0.00000000099999999993 0.27359325922110622198 0.00000000099999999993 0.08715316453701323074 0.12614191602800534087 0.48800887979134904837 0.00000000099999999993 
0.00000000099999999992 0.06233412028600267274 0.00000000099999999992 0.21357459647291276994 0.00000000099999999992 0.06847511954268262202 0.09059809774434489371 0.56501806195405690492 0.00000000099999999992 
0.00000000099999999993 0.02226078248543408161 0.00000000099999999993 0.22300437014674362457 0.00000000099999999993 0.05673531632415173415 0.15550389881140375126 0.54249562823226671338 0.00000000099999999993 
0.00000000099999999996 0.03023076035965434685 0.00000000099999999996 0.23185673432990394627 0.01031475257528102416 0.00000000099999999996 0.14984283499186967781 0.57775491374329090988 0.00000000099999999996 
0.00122798859361264966 0.05665694558842399031 0.00000000099999999999 0.22232646667796435169 0.00000012756893818949 0.01462149210005751591 0.10544554600762641450 0.59972143146337675290 0.00000000099999999999 
0.00000000099999999945 0.04634562803746437865 0.00000000099999999945 0.00000000099999999945 0.00000000099999999945 0.00000000099999999945 0.15941967973221082833 0.79423468623032467129 0.00000000099999999945 
0.00000000099999999993 0.00501119066013086274 0.04137743354406598489 0.25638072589330107576 0.00000000099999999993 0.00000000099999999993 0.03964762492067926830 0.65758302098182264128 0.00000000099999999993 
0.00538519445386741527 0.05330410695631118689 0.00000000099999999994 0.00419139894982121543 0.00000000099999999994 0.00224393280823979163 0.12151895185179754921 0.81335641197996277896 0.00000000099999999994 
0.00000000099999999995 0.05091943085909973743 0.00000000099999999995 0.27575046967776883911 0.00000000099999999995 0.06307267518321295341 0.09830776769935070658 0.51194965258056768231 0.00000000099999999995 
0.00156752288880001862 0.06063998423394725834 0.00000000099999999956 0.00000000099999999956 0.00000000099999999956 0.00000000099999999956 0.12818389358790846511 0.80960859428934428550 0.00000000099999999956 
0.00000000099999999951 0.08766707684059928118 0.00000000099999999951 0.00000000099999999951 0.00000000099999999951 0.00000000099999999951 0.13645210116899858521 0.77588081599040215064 0.00000000099999999951 
0.00124823751154347112 0.00020010402018715638 0.00000000099999999988 0.22924043907086091854 0.13107749843982607896 0.00000000099999999988 0.00000044317877384624 0.63823327477880853476 0.00000000099999999988 
0.00000000099999999948 0.04605025506641968747 0.00000000099999999948 0.00000000099999999948 0.00000000099999999948 0.00000000099999999948 0.16458141615404137115 0.78936832277953894454 0.00000000099999999948 
