0.00000000099999999976 0.40865268924116349147 0.59134730875883656509 0.00000000099999999976 
0.00000000099999999977 0.41661778398712606686 0.58338221401287393419 0.00000000099999999977 
0.00000000099999999977 0.41207310353787468538 0.58792689446212531568 0.00000000099999999977 
0.00000000099999999977 0.41631797194675451701 0.58368202605324537302 0.00000000099999999977 
0.00000000099999999978 0.41527643104674155650 0.58472356695325833353 0.00000000099999999978 
0.00000000099999999979 0.40957252225719831262 0.59042747574280163292 0.00000000099999999979 
0.00000000099999999976 0.40751636674453001197 0.59248363125546998909 0.00000000099999999976 
0.00000000099999999978 0.41603490901547346414 0.58396508898452637037 0.00000000099999999978 
0.00000000099999999977 0.41029965077628272052 0.58970034722371711400 0.00000000099999999977 
0.00000000099999999978 0.41378301137698486611 0.58621698662301513494 0.00000000099999999978 
0.00000000099999999978 0.41108381344820371650 0.58891618455179628455 0.00000000099999999978 
0.00000000099999999982 0.41306530806645602727 0.58693468993354380725 0.00000000099999999982 
0.00000000099999999977 0.41133965060819210890 0.58866034739180772561 0.00000000099999999977 
0.00000000099999999977 0.40775676765331375639 0.59224323034668624466 0.00000000099999999977 
0.00000000099999999977 0.40907980538226540457 0.59092019261773442995 0.00000000099999999977 
0.00000000099999999977 0.41061104118166141808 0.58938895681833847195 0.00000000099999999977 
0.00000000099999999977 0.41057871183778416047 0.58942128616221589610 0.00000000099999999977 
0.00000000099999999979 0.41823115547089168009 0.58176884252910832096 0.00000000099999999979 
0.00000000099999999978 0.41706231197596210780 0.58293768602403794876 0.00000000099999999978 
0.00000000099999999978 0.42408098294386814553 0.57591901505613174450 0.00000000099999999978 
0.00000000099999999978 0.41427510054407462592 0.58572489745592526411 0.00000000099999999978 
0.00000000099999999978 0.40782707157515662999 0.59217292642484331555 0.00000000099999999978 
0.00000000099999999978 0.41045995972835536136 0.58954003827164458418 0.00000000099999999978 
0.00000000099999999979 0.40994238015851985901 0.59005761784148014204 0.00000000099999999979 
0.00000000099999999984 0.41168634008649346301 0.58831365791350642702 0.00000000099999999984 
0.00000000099999999978 0.40715040897047627411 0.59284958902952367144 0.00000000099999999978 
0.00000000099999999978 0.41024847560789967638 0.58975152239210026917 0.00000000099999999978 
0.00000000099999999978 0.41112473479433586654 0.58887526320566396798 0.00000000099999999978 
0.00000000099999999979 0.40889415946535756508 0.59110583853464226944 0.00000000099999999979 
0.00000000099999999979 0.40758589611548923237 0.59241410188451060215 0.00000000099999999979 
0.00000000099999999981 0.41568614569050443830 0.58431385230949539622 0.00000000099999999981 
0.00000000099999999984 0.41331284174648241780 0.58668715625351741672 0.00000000099999999984 
0.00000000099999999981 0.41394633526648544342 0.58605366273351444661 0.00000000099999999981 
0.00000000099999999982 0.41673878437628808502 0.58326121362371186052 0.00000000099999999982 
0.00000000099999999980 0.40412047479049978405 0.59587952320950021701 0.00000000099999999980 
0.00000000099999999982 0.42530319494590973495 0.57469680305409009957 0.00000000099999999982 
0.00000000099999999981 0.40959349820292761946 0.59040649979707227057 0.00000000099999999981 
0.00000000099999999981 0.41519346277117574751 0.58480653522882430906 0.00000000099999999981 
0.00000000099999999982 0.41335500103216987755 0.58664499696783001248 0.00000000099999999982 
0.00000000099999999984 0.42514492368489903429 0.57485507431510096676 0.00000000099999999984 
0.00000000099999999981 0.40755360708399618330 0.59244639091600370673 0.00000000099999999981 
0.00000000099999999983 0.41798867470121953138 0.58201132329878035865 0.00000000099999999983 
0.00000000099999999981 0.41572461896860307684 0.58427537903139692421 0.00000000099999999981 
0.00000000099999999982 0.41258848686953542018 0.58741151113046452537 0.00000000099999999982 
0.00000000099999999983 0.41267863983112701431 0.58732135816887298674 0.00000000099999999983 
0.00000000099999999982 0.42316544512243886578 0.57683455287756113528 0.00000000099999999982 
0.00000000099999999983 0.41360201982531302756 0.58639797817468686247 0.00000000099999999983 
0.00000000099999999986 0.41869836537445415114 0.58130163262554579440 0.00000000099999999986 
0.00000000099999999988 0.40662182779768385466 0.59337817020231597986 0.00000000099999999988 
0.00000000099999999989 0.42675565990843788988 0.57324433809156194464 0.00000000099999999989 
0.00000000099999999994 0.40656194601731848737 0.59343805198268140266 0.00000000099999999994 
0.00000000099999999983 0.40326322627862520864 0.00000000099999999983 0.59673677172137473690 
0.00000000099999999968 0.44224126282091047457 0.00000000099999999968 0.55775873517908958199 
0.00000000099999999990 0.49719571633549541900 0.00000000099999999990 0.50280428166450452654 
0.00000000099999999955 0.38885085518504453050 0.00000000099999999955 0.61114914281495558157 
0.00000000099999999963 0.39480286668223896207 0.00000000099999999963 0.60519713131776087245 
0.00000000099999999954 0.39671305211421470371 0.00000000099999999954 0.60328694588578524183 
0.00000000099999999973 0.39497268486038122903 0.00000000099999999973 0.60502731313961877202 
0.00000000099999999961 0.37195115778474313606 0.00000000099999999961 0.62804884021525675397 
0.00000000099999999971 0.40635726322014958933 0.00000000099999999971 0.59364273477985030070 
0.00446016973607672035 0.39883849213234290332 0.00000000099999999998 0.59670133713158024502 
0.00000000099999999964 0.42341430757764764170 0.00000000099999999964 0.57658569042235219282 
0.00000000099999999964 0.41884322474474300346 0.00000000099999999964 0.58115677325525694208 
0.00453780822892007295 0.42230231630274761567 0.00000000099999999997 0.57315987446833216445 
0.00000000099999999971 0.43524361644374698344 0.00000000099999999971 0.56475638155625307313 
0.00000000099999999989 0.39170943145286296616 0.00000000099999999989 0.60829056654713686836 
0.00000000099999999957 0.39302575602305211966 0.00000000099999999957 0.60697424197694771486 
0.00000000099999999976 0.49367608662511835993 0.00000000099999999976 0.50632391137488153010 
0.00000000099999999987 0.48941585649447033601 0.00000000099999999987 0.51058414150552955402 
0.00000000099999999966 0.43532425013370751321 0.00000000099999999966 0.56467574786629237682 
0.00000000099999999966 0.41107796119885847697 0.00000000099999999966 0.58892203680114152409 
0.00000000099999999966 0.41394072054695002505 0.00000000099999999966 0.58605927745304986498 
0.00000000099999999955 0.40349242703101412255 0.00000000099999999955 0.59650757096898587850 
0.00000000099999999969 0.44071077836760080837 0.00000000099999999969 0.55928921963239919268 
0.00000000099999999967 0.46389368660366386843 0.00000000099999999967 0.53610631139633602160 
0.00000000099999999983 0.49266809946053069513 0.00000000099999999983 0.50733189853946913939 
0.00000000099999999960 0.41343140952716850300 0.00000000099999999960 0.58656858847283155356 
0.00000000099999999972 0.47016099734360239371 0.00000000099999999972 0.52983900065639755184 
0.00465104804476648617 0.44821251088448105238 0.00000000099999999997 0.54713644007075246112 
0.00039766711813470041 0.39517832412930675723 0.00000000099999999997 0.60442400775255844536 
0.00000000099999999975 0.44829502872970272698 0.00000000099999999975 0.55170496927029721856 
0.00000000099999999965 0.38063918281909275843 0.00000000099999999965 0.61936081518090724263 
0.00128784237074297536 0.42538950628059990500 0.00104218703001371870 0.57228046431864332266 
0.00000000099999999982 0.55290003400599463390 0.00000000099999999982 0.44709996399400547817 
0.00000000099999999980 0.46008393443707235049 0.00000000099999999980 0.53991606356292753954 
0.00000000099999999973 0.48126967385217989115 0.00000000099999999973 0.51873032414782016541 
0.00000000099999999980 0.43052182757176066241 0.00000000099999999980 0.56947817042823933864 
0.00000000099999999973 0.49282742369222631851 0.00000000099999999973 0.50717257430777351601 
0.00000000099999999975 0.48874706241252785510 0.00000000099999999975 0.51125293558747197942 
0.00000000099999999975 0.52266246118456261005 0.00000000099999999975 0.47733753681543739100 
0.00124186501097804398 0.42021772955392189264 0.00000000100000000000 0.57854040443510001968 
0.00000000099999999985 0.44100791343736106542 0.00000000099999999985 0.55899208456263882461 
0.00000000099999999992 0.45534154205374938185 0.00000000099999999992 0.54465845594625061921 
0.00000000099999999978 0.40789530658965805765 0.00000000099999999978 0.59210469141034183238 
0.00000000099999999966 0.47765977596775016645 0.00000000099999999966 0.52234022203224972358 
0.00000000099999999966 0.46250545168120194006 0.00000000099999999966 0.53749454631879800548 
0.00000000099999999967 0.47936865072867135273 0.00000000099999999967 0.52063134727132864832 
0.00000000099999999967 0.46723179813746562594 0.00000000099999999967 0.53276819986253431960 
0.00000000099999999993 0.49839185465374025163 0.00000000099999999993 0.50160814334625969391 
0.00000000099999999967 0.45110797799516066942 0.00000000099999999967 0.54889202000483927613 
0.00000000099999999980 0.49899325250152071209 0.00000000099999999980 0.50100674549847923345 
0.00000000099999999967 0.44041351413481266697 0.00000000099999999967 0.55958648386518738960 
0.00000000099999999971 0.49379769149976393550 0.00000000099999999971 0.50620230650023601005 
0.00000000099999999978 0.47682089855540732426 0.00000000099999999978 0.52317909944459251026 
0.00000000099999999979 0.44029728059610095947 0.00000000099999999979 0.55970271740389909709 
0.00000000099999999970 0.45195995835511354466 0.00000000099999999970 0.54804003964488634537 
0.00000000099999999973 0.43240418614262104979 0.00000000099999999973 0.56759581185737895126 
0.00000000099999999980 0.45410303320219308487 0.00000000099999999980 0.54589696479780680516 
0.00000000099999999983 0.47646196516182698355 0.00000000099999999983 0.52353803283817290648 
0.00000000099999999970 0.44707905935209235615 0.00000000099999999970 0.55292093864790747837 
0.00000000099999999981 0.43424080915769697198 0.00000000099999999981 0.56575918884230280703 
0.00000000099999999966 0.48367171036987355315 0.00000000099999999966 0.51632828763012639239 
0.00000000099999999989 0.50931321604179191631 0.00000000099999999989 0.49068678195820825128 
0.00000000099999999986 0.48761846384214818650 0.00000000099999999986 0.51238153415785159250 
0.00000000099999999992 0.49626513453784948382 0.00000000099999999992 0.50373486346215035070 
0.00000000099999999979 0.44061794617485022796 0.00000000099999999979 0.55938205182514977309 
0.00000000099999999990 0.52700390222488180392 0.00000000099999999990 0.47299609577511825265 
0.00517444938512807290 0.41077685479792547252 0.00040418783738632540 0.58364450797956013428 
0.00371754025132718657 0.45502813843042150266 0.00041192022437423997 0.54084240109387715645 
0.00256539765505148882 0.45250605280274208697 0.00068740251844143230 0.54424114702376491515 
0.00118706682792364790 0.47250659605201933422 0.00000000099999999999 0.52630633612005695010 
0.00179007031037872071 0.49032526183201874392 0.00021419097444667893 0.50767047688315591891 
0.00245642364034821424 0.45314321257633355389 0.00000000100000000000 0.54440036278331838115 
0.00000000099999999973 0.00894640160532904870 0.00000000099999999973 0.99105359639467105470 
0.00000000099999999972 0.00000000099999999972 0.00000000099999999972 0.99999999700000008485 
0.00000000099999999977 0.00574601915219970748 0.00000000099999999977 0.99425397884780020163 
0.00000000099999999993 0.00000000099999999993 0.00000000099999999993 0.99999999699999997382 
0.00000000099999999967 0.00000000099999999967 0.00000000099999999967 0.99999999700000008485 
0.00000000099999999974 0.00000000099999999974 0.00000000099999999974 0.99999999699999997382 
0.00000000099999999980 0.00104655427249366099 0.00000000099999999980 0.99895344372750638495 
0.00000000099999999976 0.00686712140450562638 0.00000000099999999976 0.99313287659549431829 
0.00000000099999999972 0.00125680012176676678 0.00000000099999999972 0.99874319787823317984 
0.00000000099999999991 0.00000000099999999991 0.00000000099999999991 0.99999999699999997382 
0.00000000099999999972 0.00000000099999999972 0.00000000099999999972 0.99999999699999997382 
0.00000000099999999969 0.00459926104576438913 0.00000000099999999969 0.99540073695423558764 
0.00000000099999999972 0.00000000099999999972 0.00000000099999999972 0.99999999699999997382 
0.00000000099999999975 0.00000000099999999975 0.00000000099999999975 0.99999999699999997382 
0.00000000099999999983 0.00000000099999999983 0.00000000099999999983 0.99999999699999997382 
0.00000000099999999977 0.03256444568141716317 0.00000000099999999977 0.96743555231858280319 
0.00000000099999999980 0.00508986005157198960 0.00000000099999999980 0.99491013794842808604 
0.00000000099999999961 0.00000000099999999961 0.00000000099999999961 0.99999999700000008485 
0.00140280400513595298 0.01379017317794540946 0.00071152730919251219 0.98409549550772612569 
0.00135729388764509466 0.06204067388554694584 0.00000000099999999998 0.93660203122680785182 
0.00000000099999999990 0.00000000099999999990 0.00000000099999999990 0.99999999699999997382 
0.00380006375711888864 0.07085036890765430972 0.00179467665623419116 0.92355489067899265709 
0.00175180313105444889 0.06891736116291503900 0.00000000099999999996 0.92933083470603050635 
0.00305886856896752692 0.06447844473316835523 0.00000000099999999998 0.93246268569786416869 
0.00099077965222934259 0.01049297474206815385 0.00000000099999999997 0.98851624460570253206 
0.00242032691577684323 0.07121147885071528461 0.00004338304518934408 0.92632481118831855316 
0.00175353232571797183 0.04091313308637641033 0.00000000099999999998 0.95733333358790551060 
0.00084331361002701550 0.03659739201495720851 0.00000000099999999999 0.96255929337501577869 
0.00000000099999999996 0.03208739316440585576 0.00120166619477334708 0.96671093964082077665 
0.00000000099999999989 0.07144854405567942213 0.00000000099999999989 0.92855145394432059280 
0.00080638458388111571 0.04069497929575952716 0.00057132006037832576 0.95792731605998104882 
0.00273565388711724967 0.04533516888329808259 0.00079471994827746560 0.95113445728130718848 
0.00556591163923667899 0.06299833411624264357 0.00000000099999999999 0.93143575324452076991 
0.00000000099999999994 0.02537761655128996721 0.00000000099999999994 0.97462238144871005119 
0.00000000099999999987 0.07245986974276512338 0.00000000099999999987 0.92754012825723486380 
0.00000000099999999978 0.08710792740084515040 0.00000000099999999978 0.91289207059915489229 
0.00000000100000000000 0.04402985780367420915 0.00000000100000000000 0.95597014019632575721 
0.00000000100000000000 0.07751457522239332820 0.00863332169956654120 0.91385210207804024041 
0.00209629403144509334 0.16608230140121910123 0.00113887252032914086 0.83068253204700659431 
0.01174334569791364927 0.19005250258407227482 0.00000000236807769793 0.79820414934993633160 
0.00000000099999999991 0.06758337355282210968 0.00280219744902840276 0.92961442799814941740 
0.01108952372487353143 0.12203652051615056229 0.00000000100000000000 0.86687395475897588426 
0.00029456880327947326 0.22281571717520448628 0.00000000100000000000 0.77688971302151588194 
0.00000000099999999995 0.01589218854052525803 0.00000000099999999995 0.98410780945947473608 
0.00000000100000000000 0.00143347040207378686 0.00557429619085921067 0.99299223240706691040 
0.00000000099999999994 0.04074075505187683272 0.00841515337331050911 0.95084409057481267258 
0.00000000099999999998 0.01821783081950129057 0.00000000099999999998 0.98178216718049871048 
0.00000000099999999993 0.02001630671870585632 0.00338992345969246463 0.97659376882160175981 
0.00000000099999999998 0.02968357817738785653 0.00106620609217746541 0.96925021473043471154 
0.00000000099999999964 0.04219952224873165653 0.00000000099999999964 0.95780047575126825432 
0.00000000099999999979 0.01269331871467973237 0.00000000099999999979 0.98730667928532012123 
0.00111002038782931594 0.25664941907605653970 0.00000000099999999995 0.74224055953611411951 
0.00000000099999999992 0.22834716427260984273 0.00005682509599370346 0.77159600963139651775 
0.28709435504467900602 0.13338399586843618927 0.00000000099999999999 0.57952164808688477748 
0.00318726901381005939 0.28691662591521488457 0.00074922696849897153 0.70914687810247611921 
0.00295542092685685326 0.26380435079121222763 0.00048378988633928369 0.73275643839559145842 
0.31032727480260668962 0.12189440623375726036 0.00000000099999999999 0.56777831796363609218 
0.24293722602310183212 0.18178783134525786092 0.00000000099999999999 0.57527494163164027974 
0.24527364931946005200 0.13802289592486688408 0.00000000099999999999 0.61670345375567314772 
0.23095574449388314719 0.15452042993823864037 0.00000000100000000000 0.61452382456787824072 
0.22417392358550242148 0.18372707130015661359 0.00000000099999999999 0.59209900411434090994 
0.00000000099999999985 0.25034896544333995472 0.00000000099999999985 0.74965103255665999082 
0.27466236058455567592 0.14563138517385754156 0.00000000099999999999 0.57970625324158675529 
0.00626969160661845597 0.24272157090946241964 0.00092284880625821024 0.75008588867766079478 
0.29913235221099765404 0.15902703238319410017 0.00000000099999999999 0.54184061440580821856 
0.00000000099999999989 0.27531766529804801991 0.00000000099999999989 0.72468233270195203666 
0.00000000099999999981 0.27681078578249368460 0.00000000099999999981 0.72318921221750620543 
0.29144523477071770934 0.17758056341530367717 0.00000000099999999999 0.53097420081397850300 
0.00000000099999999992 0.23293138987466394108 0.00025061432892378054 0.76681799479641232775 
0.00208607152481287469 0.26715498226781658753 0.00000000099999999997 0.73075894520737050275 
0.00249525278465563766 0.13678214993599191462 0.00143732937644600262 0.85928526790290638004 
0.04756663638134223798 0.06103222808114405762 0.00000000100000000000 0.89140113453751368411 
0.00000000100000000000 0.06661533700931500379 0.00148666787323595479 0.93189799411744900226 
0.00000000099999999999 0.00650743315848378856 0.00148817910218223865 0.99200438673933410971 
0.02554668614530449661 0.06365674823370534585 0.00000000100000000000 0.91079656462099001235 
0.00000000099999999973 0.00000486146176424826 0.00000000099999999973 0.99999513653823579595 
0.00000000099999999974 0.00000000099999999974 0.00000000099999999974 0.99999999699999997382 
0.13444740635449070609 0.01165525563029257486 0.00000000100000000000 0.85389733701521663978 
0.00000000099999999996 0.00000000099999999996 0.00000000099999999996 0.99999999700000008485 
0.00000000099999999986 0.00000000099999999986 0.00000000099999999986 0.99999999699999997382 
0.00000000099999999947 0.00000000099999999947 0.00000000099999999947 0.99999999700000008485 
0.00000000099999999964 0.00024997374206010869 0.00000000099999999964 0.99975002425794001759 
0.00000000099999999964 0.00086400133933046725 0.00000000099999999964 0.99913599666066943428 
0.00000000099999999963 0.00000000099999999963 0.00000000099999999963 0.99999999700000008485 
0.00000000099999999955 0.00000000099999999955 0.00000000099999999955 0.99999999699999997382 
0.00000000099999999975 0.00928293536246428339 0.00000000099999999975 0.99071706263753567256 
0.00000000099999999986 0.00400287197235224979 0.00000000099999999986 0.99599712602764778335 
0.00000000099999999966 0.00000000099999999966 0.00000000099999999966 0.99999999699999997382 
0.00629892055919267346 0.00000000099999999999 0.00000000099999999999 0.99370107744080726775 
0.00000000099999999991 0.03600873509538042583 0.00000000099999999991 0.96399126290461956135 
0.00000000099999999980 0.00668333020979285878 0.00000000099999999980 0.99331666779020699742 
0.00000000099999999989 0.00670796856283439186 0.00000000099999999989 0.99329202943716565777 
0.00000000099999999964 0.00000000099999999964 0.00000000099999999964 0.99999999700000008485 
0.00000000099999999978 0.00000000099999999978 0.00000000099999999978 0.99999999699999997382 
0.00000000099999999996 0.00855696080014733441 0.00021608132493925150 0.99122695687491335637 
0.00458301805400792260 0.04254414209961848714 0.00000000099999999999 0.95287283884637352660 
0.00000000099999999980 0.01154185153716744301 0.00000000099999999980 0.98845814646283258753 
0.00000000099999999977 0.00841198372254227389 0.00000000099999999977 0.99158801427745779655 
0.00000000099999999959 0.00000000099999999959 0.00000000099999999959 0.99999999699999997382 
0.00000000099999999976 0.00471902168976537188 0.00000000099999999976 0.99528097631023471070 
0.00000000099999999977 0.02643660193857153354 0.00000000099999999977 0.97356339606142838772 
0.00000000099999999982 0.00804071101209314319 0.00000000099999999982 0.99195928698790691858 
0.00000000099999999997 0.09071548484878792784 0.00120527260115048580 0.90807924155006169986 
0.00000000100000000000 0.01667017123817966101 0.00050898948740242143 0.98282083827441779622 
0.00000000099999999989 0.00000000099999999989 0.00000000099999999989 0.99999999699999997382 
0.00056975894878336867 0.05305789286925076398 0.00000000099999999997 0.94637234718196583394 
0.00000000099999999984 0.00000000099999999984 0.00000000099999999984 0.99999999699999997382 
0.00262874403856438532 0.00000000100000000000 0.00265567029364086266 0.99471558466779486096 
0.00198256396057759198 0.00000000099999999998 0.00000000099999999998 0.99801743403942244637 
0.00660853813255502052 0.01221960509145071476 0.00288554084730677490 0.97828631592868753319 
0.00613104219123366840 0.00000000099999999998 0.00000000099999999998 0.99386895580876644107 
0.00189564270612537227 0.00000000099999999999 0.00000000099999999999 0.99810435529387475651 
0.00000000099999999986 0.01916590182545176851 0.00000000099999999986 0.98083409617454830887 
0.00000000099999999985 0.00614548191978828932 0.00000000099999999985 0.99385451608021180281 
0.00000000099999999984 0.02841269879382041577 0.00000000099999999984 0.97158729920617958875 
0.00000000099999999998 0.00656374005410810708 0.00228141317398073036 0.99115484577191104165 
0.00000000099999999972 0.00000000099999999972 0.00000000099999999972 0.99999999700000008485 
0.00021185514845023358 0.00427867341878023638 0.00250467044177877986 0.99300480099099075471 
0.00000000099999999998 0.15809492783463036103 0.00163519859866441647 0.84026987256670526705 
0.00000000099999999984 0.07535824660568697653 0.00000000099999999984 0.92464175139431303840 
0.00000000100000000000 0.00029075881200844113 0.00067601585257062930 0.99903322433542107728 
0.00000000099999999996 0.00000000099999999996 0.00000000099999999996 0.99999999699999997382 
0.00000000099999999999 0.00328348798190553374 0.00147033918090030296 0.99524617183719410463 
0.00141265394670579583 0.00000000205562916944 0.00267469097960198760 0.99591265301806297661 
0.00000000099999999989 0.02094300652654989409 0.00000000099999999989 0.97905699147345004452 
0.00000000099999999987 0.00391265747857985971 0.00000000099999999987 0.99608734052142011706 
0.00000000099999999985 0.04793483848604088854 0.00000000099999999985 0.95206515951395909170 
0.00000000099999999996 0.00000000099999999996 0.00129902219602979238 0.99870097580397021453 
0.00000000099999999982 0.00000000099999999982 0.00000000099999999982 0.99999999700000008485 
0.00000000099999999976 0.00000000099999999976 0.00000000099999999976 0.99999999699999997382 
0.00730357741648660682 0.00000000100000000000 0.00044000750732648320 0.99225641407618692114 
0.00000000099999999979 0.00000000099999999979 0.00000000099999999979 0.99999999699999997382 
0.00000000099999999999 0.01378841944128426054 0.00052767492262900347 0.98568390463608679397 
0.00000000099999999974 0.00000000099999999974 0.00000000099999999974 0.99999999699999997382 
0.00000000099999999993 0.00000000191265755387 0.00000000099999999993 0.99999999608734246870 
0.00077292015887498475 0.00464906396492274603 0.00015732571709466150 0.99442069015910750096 
0.00226321272634632652 0.02769987511791197413 0.00363850141740495320 0.96639841073833676610 
0.00129217813958128701 0.00000000099999999999 0.00000000099999999999 0.99870781986041867739 
0.00000000099999999993 0.00000000099999999993 0.00000000099999999993 0.99999999699999997382 
0.00091753722633784317 0.00671830039638266104 0.00000000099999999997 0.99236416137727945230 
0.00070046666093840455 0.01635577435269951543 0.00000000099999999998 0.98294375798636202113 
0.00000000099999999995 0.01791494936156536044 0.00000000099999999995 0.98208504863843459898 
0.00000000099999999997 0.00000000099999999997 0.00000000099999999997 0.99999999700000008485 
0.00835571502609339448 0.00267226595929363330 0.00000000099999999998 0.98897201801461298576 
0.00270217584311637860 0.00000000100000000000 0.00095429828541075245 0.99634352487147292976 
0.00095662732535372978 0.00792522865017116808 0.00123139028756380996 0.98988675373691126236 
0.01281159499879416623 0.09288271033495944240 0.00000000100000000000 0.89430569366624634853 
0.00255747468061009271 0.01074140743301326556 0.00062096890972492436 0.98608014897665174914 
0.00243554624598773953 0.03039961876585343947 0.00000000099999999999 0.96716483398815877859 
0.00000000099999999991 0.00000000099999999991 0.00000000099999999991 0.99999999700000008485 
0.00000000099999999974 0.00000000099999999974 0.00000000099999999974 0.99999999699999997382 
0.00000000099999999986 0.00006262534271697020 0.00000000099999999986 0.99993737265728310781 
0.00000000099999999996 0.00550151797328493706 0.00010908041124375242 0.99438940061547143046 
0.00000000099999999989 0.01058834649113616841 0.00000000099999999989 0.98941165150886378754 
0.00093816697132653975 0.00000000099999999998 0.00000000099999999998 0.99906183102867340828 
0.00447483827874969181 0.00000000100000000000 0.00023770148386595855 0.99528745923738426438 
0.00000000099999999998 0.00000000099999999998 0.00000000099999999998 0.99999999699999997382 
0.00567486618156258331 0.00000000100000000000 0.00000000100000000000 0.99432513181843740213 
0.00098595868264124333 0.00720330084343942523 0.00226934459439435965 0.98954139587952494317 
0.00554530563205656284 0.00000002142337856415 0.00111791589816318719 0.99333675704640167492 
0.00601272726309268722 0.00258149467586622338 0.00279440990241895714 0.98861136815862205030 
0.01216266947911520679 0.01191725693043763599 0.00000003052704100313 0.97592004306340607300 
0.00000000100000000000 0.00060064242407372132 0.00001658567421094174 0.99938277090171545591 
0.00000000099999999983 0.00000000099999999983 0.00000000099999999983 0.99999999700000008485 
0.00000000099999999988 0.00000000099999999988 0.00000000099999999988 0.99999999700000008485 
0.00000000099999999998 0.00444868119395460185 0.00176989929823750448 0.99378141850780776778 
0.00000000099999999989 0.01114851039383341243 0.00000000099999999989 0.98885148760616659036 
0.00000000099999999997 0.03820529714999851972 0.00062011585527297828 0.96117458599472860303 
0.00000000099999999990 0.01154600670427492065 0.00000000099999999990 0.98845399129572508734 
0.00000000099999999988 0.00000000099999999988 0.00000000099999999988 0.99999999700000008485 
0.00000000099999999960 0.00224474076039503194 0.00000000099999999960 0.99775525723960512003 
0.00000000099999999996 0.00000000099999999996 0.00000000099999999996 0.99999999700000008485 
0.00000000099999999996 0.00019621673417161660 0.00000000099999999996 0.99980378126582847287 
0.00000000099999999995 0.04356410087668694670 0.00000000099999999995 0.95643589712331300579 
0.00000000099999999995 0.03063349575269528127 0.00000000099999999995 0.96936650224730469549 
0.00000000099999999994 0.00921533677404131994 0.00000000099999999994 0.99078466122595865162 
0.00057119438294344228 0.02076088438810575962 0.00000000099999999998 0.97866792022895077174 
0.00000000099999999989 0.00000000099999999989 0.00000000099999999989 0.99999999699999997382 
0.00611753767653742345 0.02202279718385214205 0.00000000100000000000 0.97185966413961055732 
0.00728674471102302903 0.02507334366018430447 0.00000000099999999999 0.96763991062879273208 
0.00036999833605669730 0.00000000099999999999 0.00098108326420701976 0.99864891739973637996 
0.00201179457262310466 0.00000000099999999998 0.00000000099999999998 0.99798820342737692979 
0.00000000099999999971 0.00000000099999999971 0.00000000099999999971 0.99999999700000008485 
0.00000000099999999989 0.01803720291336149625 0.00000000099999999989 0.98196279508663841806 
0.00000000099999999982 0.00000000099999999982 0.00000000099999999982 0.99999999699999997382 
0.00000000099999999986 0.00872535468281342499 0.00000000099999999986 0.99127464331718651014 
0.00000000099999999983 0.00000001177665797374 0.00000000099999999983 0.99999998622334207443 
0.00000000099999999986 0.02067017575792017350 0.00000000099999999986 0.97932982224207976163 
0.00000000099999999976 0.00733473046162655407 0.00000000099999999976 0.99266526753837347474 
0.00164083741318855111 0.09842858507330912166 0.00000004684835422419 0.89993053066514805405 
0.00000000099999999984 0.00000000099999999984 0.00000000099999999984 0.99999999699999997382 
0.00000000099999999986 0.00000000099999999986 0.00000000099999999986 0.99999999699999997382 
0.00000000099999999989 0.01887039966017635059 0.00000000099999999989 0.98112959833982371638 
0.00000000099999999978 0.00520118895157587868 0.00000000099999999978 0.99479880904842410416 
0.00000000099999999980 0.00000000099999999980 0.00000000099999999980 0.99999999699999997382 
0.00000000099999999994 0.00000000491103332299 0.00000000099999999994 0.99999999308896669881 
0.00000000099999999980 0.00000000099999999980 0.00000000099999999980 0.99999999700000008485 
0.00000000099999999982 0.00475025006553179453 0.00000000099999999982 0.99524974793446818744 
0.00000000099999999975 0.00000000099999999975 0.00000000099999999975 0.99999999699999997382 
0.00000000099999999973 0.00299190663887769675 0.00000000099999999973 0.99700809136112233944 
0.00000000099999999981 0.00000000099999999981 0.00000000099999999981 0.99999999700000008485 
0.00224361500865118049 0.00000000099999999997 0.00000000099999999997 0.99775638299134872256 
0.00148716360155270230 0.00000000099999999999 0.00000000099999999999 0.99851283439844717993 
0.00110903099072337703 0.00145103601332820871 0.00000000099999999998 0.99743993199594838117 
0.00000000099999999989 0.00000000099999999989 0.00000000099999999989 0.99999999700000008485 
0.00000000099999999957 0.00000000099999999957 0.00000000099999999957 0.99999999700000008485 
0.00000000099999999959 0.00000000099999999959 0.00000000099999999959 0.99999999700000008485 
0.00000000099999999977 0.00248576784034995526 0.00000000099999999977 0.99751423015965012819 
0.00000000099999999969 0.00000000099999999969 0.00000000099999999969 0.99999999699999997382 
0.00000000099999999964 0.00257499082162388707 0.00000000099999999964 0.99742500717837612179 
0.00000000099999999960 0.00043277965309607928 0.00000000099999999960 0.99956721834690398509 
0.00000000099999999973 0.00000000099999999973 0.00000000099999999973 0.99999999699999997382 
0.00000000099999999955 0.00000000099999999955 0.00000000099999999955 0.99999999699999997382 
0.00000000099999999982 0.00468226377314616242 0.00000000099999999982 0.99531773422685376751 
0.00000000099999999969 0.00166828181908455927 0.00000000099999999969 0.99833171618091554045 
0.00000000099999999963 0.00000000099999999963 0.00000000099999999963 0.99999999700000008485 
0.00000000099999999986 0.00929057480376884598 0.00000000099999999986 0.99070942319623123140 
0.00000000099999999980 0.00000000099999999980 0.00000000099999999980 0.99999999699999997382 
0.00000000099999999983 0.00000000099999999983 0.00000000099999999983 0.99999999699999997382 
0.00000000099999999979 0.00000000099999999979 0.00000000099999999979 0.99999999700000008485 
0.00000000099999999976 0.00000343688856416372 0.00000000099999999976 0.99999656111143575554 
0.00000000099999999967 0.00000000099999999967 0.00000000099999999967 0.99999999699999997382 
0.00000000099999999966 0.00259600843401766460 0.00000000099999999966 0.99740398956598230740 
0.00000000099999999979 0.00000000099999999979 0.00000000099999999979 0.99999999699999997382 
0.00000000099999999981 0.00649677609648044441 0.00000000099999999981 0.99350322190351947338 
0.00000000099999999969 0.00856275629883429014 0.00000000099999999969 0.99143724170116576122 
0.00391206159597585947 0.00806961209845405772 0.00000000099999999998 0.98801832530556998879 
0.00633830671635475431 0.02097366480592943380 0.00000000099999999999 0.97268802747771587747 
0.00000000099999999990 0.00000000099999999990 0.00000000099999999990 0.99999999700000008485 
0.00273797101319989524 0.01964263028338963241 0.00000000100000000000 0.97761939770341044209 
0.00438966425337566479 0.00468379844343278558 0.00000000100000000000 0.99092653630319149638 
0.00497940771811594945 0.00000000099999999999 0.00000000099999999999 0.99502059028188405421 
0.00135474214507672248 0.00000000099999999997 0.00000000099999999997 0.99864525585492325277 
0.00000000099999999995 0.00000000099999999995 0.00000000099999999995 0.99999999699999997382 
0.00291355055768277669 0.00000000099999999998 0.00000000099999999998 0.99708644744231711421 
0.00263481727714157858 0.00495561622369365944 0.00000000099999999999 0.99240956549916470308 
0.00000000099999999984 0.00239786834622767895 0.00000000099999999984 0.99760212965377226269 
0.00623277606005486796 0.01755035728389875080 0.00000000100000000000 0.97621686565604648411 
0.00235665393510044782 0.00539964443665973907 0.00095652594504977374 0.99128717568319002496 
0.00000000100000000000 0.64725537073768402152 0.00250151241660701538 0.35024311584570888556 
0.00000000100000000000 0.60588681800723431792 0.00541939525100954434 0.38869378574175611485 
0.00511175383914939246 0.38170453071143406465 0.00000000100000000000 0.61318371444941666137 
0.00000000099999999982 0.00961322171756759554 0.00000000099999999982 0.99038677628243243500 
0.00000000099999999979 0.00222830415906507965 0.00000000099999999979 0.99777169384093489235 
0.00000000099999999973 0.00000000099999999973 0.00000000099999999973 0.99999999699999997382 
0.00000000099999999973 0.00000000099999999973 0.00000000099999999973 0.99999999700000008485 
0.00866207662314722078 0.00140442161706629269 0.00000000099999999999 0.98993350075978647773 
0.00000000099999999992 0.00000000099999999992 0.00027268611169464096 0.99972731188830532556 
0.00094158420463578008 0.01407110894149978669 0.00000000099999999998 0.98498730585386451430 
0.00000000099999999975 0.00000000099999999975 0.00000000099999999975 0.99999999699999997382 
0.00000000099999999982 0.00000000099999999982 0.00000000099999999982 0.99999999700000008485 
0.00000000099999999986 0.00000000099999999986 0.00000000099999999986 0.99999999699999997382 
0.00000000099999999980 0.00000000099999999980 0.00000000099999999980 0.99999999699999997382 
0.00000000099999999998 0.00000000099999999998 0.00412314238713485087 0.99587685561286520830 
0.00000000099999999981 0.00000000099999999981 0.00117819020779462045 0.99882180779220530731 
0.00000000099999999993 0.00000000099999999993 0.00373692861568267198 0.99626306938431741234 
0.00000000099999999970 0.00000000099999999970 0.00000000099999999970 0.99999999699999997382 
0.00000000099999999962 0.00000000099999999962 0.00000000099999999962 0.99999999699999997382 
0.00000000099999999987 0.00177506728641850303 0.00524434758788643908 0.99298058412569500941 
0.00000000099999999972 0.00000000099999999972 0.00000000099999999972 0.99999999699999997382 
0.00000000099999999966 0.00000000099999999966 0.00000000099999999966 0.99999999699999997382 
0.00000000099999999975 0.00000000099999999975 0.00000000099999999975 0.99999999699999997382 
0.00000000099999999967 0.00212352405534566458 0.00000000099999999967 0.99787647394465417428 
0.00000000099999999976 0.00000000099999999976 0.00000000099999999976 0.99999999700000008485 
0.00269454438708973797 0.00000000099999999998 0.00000000099999999998 0.99730545361291034201 
0.00000000099999999972 0.00590688728411054454 0.00000000099999999972 0.99409311071588946085 
0.00000000099999999977 0.00000000099999999977 0.00000000099999999977 0.99999999700000008485 
0.00000000099999999963 0.00727942299529307953 0.00000000099999999963 0.99272057500470689551 
0.00256759605773216595 0.00289778478686831143 0.00000000099999999998 0.99453461815539945245 
0.00000000099999999964 0.00000000099999999964 0.00000000099999999964 0.99999999700000008485 
0.00000000099999999962 0.00269826796502215796 0.00000000099999999962 0.99730173003497779582 
0.00000000099999999973 0.01037543611324917049 0.00000000099999999973 0.98962456188675085311 
0.00000000099999999950 0.00000000099999999950 0.00000000099999999950 0.99999999699999997382 
0.00000000099999999958 0.00300956618780774112 0.00000000099999999958 0.99699043181219226817 
0.00000000099999999979 0.00000000099999999979 0.00000000099999999979 0.99999999699999997382 
0.00000000099999999970 0.01478822740608734011 0.00000000099999999970 0.98521177059391273900 
0.00000000099999999967 0.00000000099999999967 0.00000000099999999967 0.99999999700000008485 
0.00000000099999999988 0.04374811008604846674 0.00000000099999999988 0.95625188791395143717 
0.00000000099999999977 0.01220039466325591529 0.00000000099999999977 0.98779960333674410311 
0.00000000099999999992 0.00000000099999999992 0.00000000099999999992 0.99999999699999997382 
0.00000000099999999974 0.00311984068058884486 0.00000000099999999974 0.99688015731941115316 
0.00000000099999999990 0.01713834132594658360 0.00000000099999999990 0.98286165667405334112 
0.00000000099999999981 0.01697798862967375699 0.00000000099999999981 0.98302200937032613304 
0.00000000099999999970 0.00351473127643906922 0.00000000099999999970 0.99648526672356085854 
0.00000000099999999967 0.00000000099999999967 0.00000000099999999967 0.99999999700000008485 
0.00000000099999999971 0.00816791645052526889 0.00000000099999999971 0.99183208154947477553 
0.00000000099999999988 0.04223397440097960420 0.00000000099999999988 0.95776602359902041073 
0.00000000099999999958 0.00000000099999999958 0.00000000099999999958 0.99999999700000008485 
0.00000000099999999984 0.00210580094933980871 0.00000000099999999984 0.99789419705066029209 
0.00390710937041437861 0.00000193748771955648 0.00000000099999999998 0.99609095214186604839 
0.00000000099999999971 0.00000000099999999971 0.00000000099999999971 0.99999999700000008485 
0.00000000099999999975 0.00000000099999999975 0.00000000099999999975 0.99999999699999997382 
0.00000000099999999948 0.00000000099999999948 0.00000000099999999948 0.99999999700000008485 
0.00152508921225708916 0.00273621760409570444 0.00000000099999999998 0.99573869218364718936 
0.00115466577362517480 0.00000000099999999993 0.00000000099999999993 0.99884533222637472694 
0.00000000099999999966 0.00000000099999999966 0.00000000099999999966 0.99999999699999997382 
0.00000000099999999961 0.00000000099999999961 0.00000000099999999961 0.99999999700000008485 
0.00000000099999999983 0.00000000099999999983 0.00000000099999999983 0.99999999700000008485 
0.00000000099999999954 0.00000000099999999954 0.00000000099999999954 0.99999999700000008485 
0.00000000099999999997 0.00000000099999999997 0.00000000099999999997 0.99999999700000008485 
0.00000000099999999993 0.00000000099999999993 0.00000000099999999993 0.99999999699999997382 
0.00000000099999999977 0.00000000099999999977 0.00000000099999999977 0.99999999700000008485 
0.00000000099999999986 0.00000000099999999986 0.00000000099999999986 0.99999999699999997382 
0.00090752064422287707 0.00000002195548692941 0.00000000099999999999 0.99909245640029009650 
0.00000000099999999992 0.00000000099999999992 0.00000000099999999992 0.99999999699999997382 
0.00329467446645583233 0.00000000099999999999 0.00000000099999999999 0.99670532353354424071 
0.00218782334836672542 0.00720465763904878497 0.00000000099999999996 0.99060751801258439819 
