0.00000000099999999870 0.00000000099999999870 0.00000000099999999870 0.00000000099999999870 0.00000000099999999870 0.99999999399999994765 0.00000000099999999870 
0.00000000099999999877 0.00000000099999999877 0.00000000099999999877 0.00000000099999999877 0.00000000099999999877 0.99999999399999994765 0.00000000099999999877 
0.00000000099999999873 0.00000000099999999873 0.00000000099999999873 0.00000000099999999873 0.00000000099999999873 0.99999999399999983662 0.00000000099999999873 
0.00000000099999999877 0.00000000099999999877 0.00000000099999999877 0.00000000099999999877 0.00000000099999999877 0.99999999399999994765 0.00000000099999999877 
0.00000000099999999881 0.00000000099999999881 0.00000000099999999881 0.00000000099999999881 0.00000000099999999881 0.99999999399999983662 0.00000000099999999881 
0.00000000099999999882 0.00000000099999999882 0.00000000099999999882 0.00000000099999999882 0.00000000099999999882 0.99999999399999983662 0.00000000099999999882 
0.00000000099999999873 0.00000000099999999873 0.00000000099999999873 0.00000000099999999873 0.00000000099999999873 0.99999999399999983662 0.00000000099999999873 
0.00000000099999999884 0.00000000099999999884 0.00000000099999999884 0.00000000099999999884 0.00000000099999999884 0.99999999399999994765 0.00000000099999999884 
0.00000000099999999876 0.00000000099999999876 0.00000000099999999876 0.00000000099999999876 0.00000000099999999876 0.99999999399999994765 0.00000000099999999876 
0.00000000099999999883 0.00000000099999999883 0.00000000099999999883 0.00000000099999999883 0.00000000099999999883 0.99999999399999983662 0.00000000099999999883 
0.00000000099999999879 0.00000000099999999879 0.00000000099999999879 0.00000000099999999879 0.00000000099999999879 0.99999999399999983662 0.00000000099999999879 
0.00000000099999999902 0.00000000099999999902 0.00000000099999999902 0.00000000099999999902 0.00000000099999999902 0.99999999400000005867 0.00000000099999999902 
0.00000000099999999878 0.00000000099999999878 0.00000000099999999878 0.00000000099999999878 0.00000000099999999878 0.99999999399999994765 0.00000000099999999878 
0.00000000099999999876 0.00000000099999999876 0.00000000099999999876 0.00000000099999999876 0.00000000099999999876 0.99999999399999983662 0.00000000099999999876 
0.00000000099999999878 0.00000000099999999878 0.00000000099999999878 0.00000000099999999878 0.00000000099999999878 0.99999999399999994765 0.00000000099999999878 
0.00000000099999999878 0.00000000099999999878 0.00000000099999999878 0.00000000099999999878 0.00000000099999999878 0.99999999399999994765 0.00000000099999999878 
0.00000000099999999878 0.00000000099999999878 0.00000000099999999878 0.00000000099999999878 0.00000000099999999878 0.99999999399999994765 0.00000000099999999878 
0.00000000099999999886 0.00000000099999999886 0.00000000099999999886 0.00000000099999999886 0.00000000099999999886 0.99999999399999983662 0.00000000099999999886 
0.00000000099999999887 0.00000000099999999887 0.00000000099999999887 0.00000000099999999887 0.00000000099999999887 0.99999999399999994765 0.00000000099999999887 
0.00000000099999999886 0.00000000099999999886 0.00000000099999999886 0.00000000099999999886 0.00000000099999999886 0.99999999399999983662 0.00000000099999999886 
0.00000000099999999881 0.00000000099999999881 0.00000000099999999881 0.00000000099999999881 0.00000000099999999881 0.99999999399999994765 0.00000000099999999881 
0.00000000099999999883 0.00000000099999999883 0.00000000099999999883 0.00000000099999999883 0.00000000099999999883 0.99999999399999983662 0.00000000099999999883 
0.00000000099999999881 0.00000000099999999881 0.00000000099999999881 0.00000000099999999881 0.00000000099999999881 0.99999999399999983662 0.00000000099999999881 
0.00000000099999999884 0.00000000099999999884 0.00000000099999999884 0.00000000099999999884 0.00000000099999999884 0.99999999399999983662 0.00000000099999999884 
0.00000000099999999917 0.00000000099999999917 0.00000000099999999917 0.00000000099999999917 0.00000000099999999917 0.99999999400000005867 0.00000000099999999917 
0.00000000099999999881 0.00000000099999999881 0.00000000099999999881 0.00000000099999999881 0.00000000099999999881 0.99999999399999994765 0.00000000099999999881 
0.00000000099999999885 0.00000000099999999885 0.00000000099999999885 0.00000000099999999885 0.00000000099999999885 0.99999999399999983662 0.00000000099999999885 
0.00000000099999999887 0.00000000099999999887 0.00000000099999999887 0.00000000099999999887 0.00000000099999999887 0.99999999399999994765 0.00000000099999999887 
0.00000000099999999889 0.00000000099999999889 0.00000000099999999889 0.00000000099999999889 0.00000000099999999889 0.99999999399999983662 0.00000000099999999889 
0.00000000099999999885 0.00000000099999999885 0.00000000099999999885 0.00000000099999999885 0.00000000099999999885 0.99999999399999983662 0.00000000099999999885 
0.00000000099999999902 0.00000000099999999902 0.00000000099999999902 0.00000000099999999902 0.00000000099999999902 0.99999999399999994765 0.00000000099999999902 
0.00000000099999999919 0.00000000099999999919 0.00000000099999999919 0.00000000099999999919 0.00000000099999999919 0.99999999400000005867 0.00000000099999999919 
0.00000000099999999897 0.00000000099999999897 0.00000000099999999897 0.00000000099999999897 0.00000000099999999897 0.99999999399999994765 0.00000000099999999897 
0.00000000099999999912 0.00000000099999999912 0.00000000099999999912 0.00000000099999999912 0.00000000099999999912 0.99999999399999994765 0.00000000099999999912 
0.00000000099999999897 0.00000000099999999897 0.00000000099999999897 0.00000000099999999897 0.00000000099999999897 0.99999999399999983662 0.00000000099999999897 
0.00000000099999999905 0.00000000099999999905 0.00000000099999999905 0.00000000099999999905 0.00000000099999999905 0.99999999400000005867 0.00000000099999999905 
0.00000000099999999899 0.00000000099999999899 0.00000000099999999899 0.00000000099999999899 0.00000000099999999899 0.99999999399999994765 0.00000000099999999899 
0.00000000099999999900 0.00000000099999999900 0.00000000099999999900 0.00000000099999999900 0.00000000099999999900 0.99999999399999994765 0.00000000099999999900 
0.00000000099999999905 0.00000000099999999905 0.00000000099999999905 0.00000000099999999905 0.00000000099999999905 0.99999999399999994765 0.00000000099999999905 
0.00000000099999999922 0.00000000099999999922 0.00000000099999999922 0.00000000099999999922 0.00000000099999999922 0.99999999399999994765 0.00000000099999999922 
0.00000000099999999898 0.00000000099999999898 0.00000000099999999898 0.00000000099999999898 0.00000000099999999898 0.99999999399999983662 0.00000000099999999898 
0.00000000099999999910 0.00000000099999999910 0.00000000099999999910 0.00000000099999999910 0.00000000099999999910 0.99999999400000005867 0.00000000099999999910 
0.00000000099999999901 0.00000000099999999901 0.00000000099999999901 0.00000000099999999901 0.00000000099999999901 0.99999999400000005867 0.00000000099999999901 
0.00000000099999999899 0.00000000099999999899 0.00000000099999999899 0.00000000099999999899 0.00000000099999999899 0.99999999399999983662 0.00000000099999999899 
0.00000000099999999910 0.00000000099999999910 0.00000000099999999910 0.00000000099999999910 0.00000000099999999910 0.99999999400000005867 0.00000000099999999910 
0.00000000099999999901 0.00000000099999999901 0.00000000099999999901 0.00000000099999999901 0.00000000099999999901 0.99999999399999994765 0.00000000099999999901 
0.00000000099999999906 0.00000000099999999906 0.00000000099999999906 0.00000000099999999906 0.00000000099999999906 0.99999999400000005867 0.00000000099999999906 
0.00000000099999999926 0.00000000099999999926 0.00000000099999999926 0.00000000099999999926 0.00000000099999999926 0.99999999399999994765 0.00000000099999999926 
0.00000000099999999929 0.00000000099999999929 0.00000000099999999929 0.00000000099999999929 0.00000000099999999929 0.99999999399999994765 0.00000000099999999929 
0.00000000099999999939 0.00000000099999999939 0.00000000099999999939 0.00000000099999999939 0.00000000099999999939 0.99999999400000005867 0.00000000099999999939 
0.00000000099999999965 0.00000000099999999965 0.00000000099999999965 0.00000000099999999965 0.00000000099999999965 0.99999999399999994765 0.00000000099999999965 
0.40246565021575797516 0.59753434478424205523 0.00000000099999999974 0.00000000099999999974 0.00000000099999999974 0.00000000099999999974 0.00000000099999999974 
0.44366465522478198968 0.55633533977521820724 0.00000000099999999937 0.00000000099999999937 0.00000000099999999937 0.00000000099999999937 0.00000000099999999937 
0.48802133786762907919 0.51197865713237100671 0.00000000099999999977 0.00000000099999999977 0.00000000099999999977 0.00000000099999999977 0.00000000099999999977 
0.39231215921119189094 0.60768783578880813945 0.00000000099999999911 0.00000000099999999911 0.00000000099999999911 0.00000000099999999911 0.00000000099999999911 
0.39577534315653850605 0.60422465184346163536 0.00000000099999999925 0.00000000099999999925 0.00000000099999999925 0.00000000099999999925 0.00000000099999999925 
0.40239501167679259108 0.59760498332320732828 0.00000000099999999911 0.00000000099999999911 0.00000000099999999911 0.00000000099999999911 0.00000000099999999911 
0.39484223176737126559 0.60515776323262882030 0.00000000099999999951 0.00000000099999999951 0.00000000099999999951 0.00000000099999999951 0.00000000099999999951 
0.37386532567670599514 0.62613466932329409076 0.00000000099999999925 0.00000000099999999925 0.00000000099999999925 0.00000000099999999925 0.00000000099999999925 
0.40541855779441671181 0.59458143720558342959 0.00000000099999999939 0.00000000099999999939 0.00000000099999999939 0.00000000099999999939 0.00000000099999999939 
0.39515545052500039569 0.59727910166373332501 0.00000000099999999973 0.00756544381126644360 0.00000000099999999973 0.00000000099999999973 0.00000000099999999973 
0.42561326102076640909 0.57438673397923356578 0.00000000099999999927 0.00000000099999999927 0.00000000099999999927 0.00000000099999999927 0.00000000099999999927 
0.42185331574735218663 0.57814667925264773274 0.00000000099999999922 0.00000000099999999922 0.00000000099999999922 0.00000000099999999922 0.00000000099999999922 
0.42472833141605537133 0.56802092728800390731 0.00000000099999999968 0.00725073729594070699 0.00000000099999999968 0.00000000099999999968 0.00000000099999999968 
0.43026703446903225014 0.56973296053096778024 0.00000000099999999937 0.00000000099999999937 0.00000000099999999937 0.00000000099999999937 0.00000000099999999937 
0.38382867486460509054 0.61617132013539488433 0.00000000099999999982 0.00000000099999999982 0.00000000099999999982 0.00000000099999999982 0.00000000099999999982 
0.39334920084814217756 0.60665079415185796385 0.00000000099999999914 0.00000000099999999914 0.00000000099999999914 0.00000000099999999914 0.00000000099999999914 
0.48820977009059901564 0.51179022490940107026 0.00000000099999999953 0.00000000099999999953 0.00000000099999999953 0.00000000099999999953 0.00000000099999999953 
0.48397321918432045784 0.51602677581567968357 0.00000000099999999978 0.00000000099999999978 0.00000000099999999978 0.00000000099999999978 0.00000000099999999978 
0.43142607912020647376 0.56857391587979355663 0.00000000099999999930 0.00000000099999999930 0.00000000099999999930 0.00000000099999999930 0.00000000099999999930 
0.41848745809843435062 0.58151253690156579079 0.00000000099999999933 0.00000000099999999933 0.00000000099999999933 0.00000000099999999933 0.00000000099999999933 
0.41079375523722533314 0.58920623976277486378 0.00000000099999999938 0.00000000099999999938 0.00000000099999999938 0.00000000099999999938 0.00000000099999999938 
0.40773156443896280132 0.59226843056103739560 0.00000000099999999912 0.00000000099999999912 0.00000000099999999912 0.00000000099999999912 0.00000000099999999912 
0.44327093887479501744 0.55672905612520506846 0.00000000099999999941 0.00000000099999999941 0.00000000099999999941 0.00000000099999999941 0.00000000099999999941 
0.46476085668436584175 0.53523913831563407761 0.00000000099999999938 0.00000000099999999938 0.00000000099999999938 0.00000000099999999938 0.00000000099999999938 
0.49361055159733685516 0.50638944340266323074 0.00000000099999999962 0.00000000099999999962 0.00000000099999999962 0.00000000099999999962 0.00000000099999999962 
0.40491581980017860021 0.59508417519982137467 0.00000000099999999928 0.00000000099999999928 0.00000000099999999928 0.00000000099999999928 0.00000000099999999928 
0.46638967680509979541 0.53361031819490012396 0.00000000099999999942 0.00000000099999999942 0.00000000099999999942 0.00000000099999999942 0.00000000099999999942 
0.45322320970556967401 0.54159499644619946146 0.00000000099999999987 0.00000000099999999987 0.00469837606803250995 0.00048341478019843124 0.00000000099999999987 
0.39868593590336753874 0.60003917004159645909 0.00000000099999999991 0.00000000099999999991 0.00000000099999999991 0.00000000099999999991 0.00127489005503596763 
0.45065838063062285679 0.54934161436937722911 0.00000000099999999948 0.00000000099999999948 0.00000000099999999948 0.00000000099999999948 0.00000000099999999948 
0.38337127608123100497 0.61662871891876902541 0.00000000099999999931 0.00000000099999999931 0.00000000099999999931 0.00000000099999999931 0.00000000099999999931 
0.42500032646592256214 0.57065762855687374167 0.00392372919943325890 0.00000000099999999986 0.00000000099999999986 0.00041831277777057023 0.00000000099999999986 
0.53925565407661402162 0.46074434092338600877 0.00000000099999999966 0.00000000099999999966 0.00000000099999999966 0.00000000099999999966 0.00000000099999999966 
0.45960913754244359097 0.54039085745755655044 0.00000000099999999963 0.00000000099999999963 0.00000000099999999963 0.00000000099999999963 0.00000000099999999963 
0.47279660654697830413 0.52720338845302172626 0.00000000099999999948 0.00000000099999999948 0.00000000099999999948 0.00000000099999999948 0.00000000099999999948 
0.42115195173905595194 0.57884804326094418947 0.00000000099999999960 0.00000000099999999960 0.00000000099999999960 0.00000000099999999960 0.00000000099999999960 
0.48361467841274180524 0.51638531658725816964 0.00000000099999999947 0.00000000099999999947 0.00000000099999999947 0.00000000099999999947 0.00000000099999999947 
0.48040798724974026479 0.51959200775025982111 0.00000000099999999955 0.00000000099999999955 0.00000000099999999955 0.00000000099999999955 0.00000000099999999955 
0.51826102638129700750 0.48173896861870296737 0.00000000099999999950 0.00000000099999999950 0.00000000099999999950 0.00000000099999999950 0.00000000099999999950 
0.41962026328842866318 0.57723777266047748835 0.00314196005109400192 0.00000000099999999982 0.00000000099999999982 0.00000000099999999982 0.00000000099999999982 
0.42413828485120913525 0.57586171014879095065 0.00000000099999999970 0.00000000099999999970 0.00000000099999999970 0.00000000099999999970 0.00000000099999999970 
0.43571314246247488944 0.56428685253752508544 0.00000000099999999985 0.00000000099999999985 0.00000000099999999985 0.00000000099999999985 0.00000000099999999985 
0.41184021494536765529 0.58815978005463243061 0.00000000099999999958 0.00000000099999999958 0.00000000099999999958 0.00000000099999999958 0.00000000099999999958 
0.47484861906039826929 0.52515137593960192763 0.00000000099999999931 0.00000000099999999931 0.00000000099999999931 0.00000000099999999931 0.00000000099999999931 
0.45521680065520625513 0.54478319434479383077 0.00000000099999999928 0.00000000099999999928 0.00000000099999999928 0.00000000099999999928 0.00000000099999999928 
0.47096514845942599736 0.52903484654057408854 0.00000000099999999936 0.00000000099999999936 0.00000000099999999936 0.00000000099999999936 0.00000000099999999936 
0.45327449335035729927 0.54672550164964273112 0.00000000099999999940 0.00000000099999999940 0.00000000099999999940 0.00000000099999999940 0.00000000099999999940 
0.49653528280664721573 0.50346471219335287017 0.00000000099999999983 0.00000000099999999983 0.00000000099999999983 0.00000000099999999983 0.00000000099999999983 
0.44753102850762238596 0.55246896649237775545 0.00000000099999999929 0.00000000099999999929 0.00000000099999999929 0.00000000099999999929 0.00000000099999999929 
0.49866984564168131966 0.50133014935831876624 0.00000000099999999958 0.00000000099999999958 0.00000000099999999958 0.00000000099999999958 0.00000000099999999958 
0.43307715477242719748 0.56692284022757288842 0.00000000099999999935 0.00000000099999999935 0.00000000099999999935 0.00000000099999999935 0.00000000099999999935 
0.48840198441521409656 0.51159801058478604485 0.00000000099999999943 0.00000000099999999943 0.00000000099999999943 0.00000000099999999943 0.00000000099999999943 
0.46154685163737990683 0.53845314336262017907 0.00000000099999999958 0.00000000099999999958 0.00000000099999999958 0.00000000099999999958 0.00000000099999999958 
0.41906205885513564402 0.58093793614486444188 0.00000000099999999960 0.00000000099999999960 0.00000000099999999960 0.00000000099999999960 0.00000000099999999960 
0.44345963989916081793 0.55654035510083921245 0.00000000099999999943 0.00000000099999999943 0.00000000099999999943 0.00000000099999999943 0.00000000099999999943 
0.42554161973044246636 0.57445837526955767505 0.00000000099999999945 0.00000000099999999945 0.00000000099999999945 0.00000000099999999945 0.00000000099999999945 
0.43606754281384052518 0.56393245218615950520 0.00000000099999999965 0.00000000099999999965 0.00000000099999999965 0.00000000099999999965 0.00000000099999999965 
0.45601138967814180969 0.54354434799214057517 0.00000000099999999965 0.00000000099999999965 0.00000000099999999965 0.00044425832971773608 0.00000000099999999965 
0.44065344059110983510 0.55934655440889025080 0.00000000099999999937 0.00000000099999999937 0.00000000099999999937 0.00000000099999999937 0.00000000099999999937 
0.42685573399544390893 0.57314426100455606594 0.00000000099999999964 0.00000000099999999964 0.00000000099999999964 0.00000000099999999964 0.00000000099999999964 
0.46895100293713809503 0.53104899206286193536 0.00000000099999999929 0.00000000099999999929 0.00000000099999999929 0.00000000099999999929 0.00000000099999999929 
0.49053538230423437971 0.50946461269576581721 0.00000000099999999981 0.00000000099999999981 0.00000000099999999981 0.00000000099999999981 0.00000000099999999981 
0.46295314235402373892 0.53544032379865724725 0.00000000099999999968 0.00000000099999999968 0.00000000099999999968 0.00160652984731908272 0.00000000099999999968 
0.47753899385361314733 0.52137501285521825611 0.00000000099999999984 0.00000000099999999984 0.00000000099999999984 0.00000000099999999984 0.00108598929116856526 
0.43322350048686136814 0.56677649451313882878 0.00000000099999999961 0.00000000099999999961 0.00000000099999999961 0.00000000099999999961 0.00000000099999999961 
0.50008543040990049988 0.49991456459009958602 0.00000000099999999980 0.00000000099999999980 0.00000000099999999980 0.00000000099999999980 0.00000000099999999980 
0.38553796724360289705 0.60498289890320977591 0.00134500617446840754 0.00000000099999999999 0.00409383425024119601 0.00404029142847774254 0.00000000099999999999 
0.44051551720275011759 0.55176353045892079230 0.00000000099999999978 0.00772094833832915380 0.00000000099999999978 0.00000000099999999978 0.00000000099999999978 
0.44660700826286098275 0.54873941737050757617 0.00000000099999999998 0.00000000099999999998 0.00165097010591680493 0.00047396181920692187 0.00252864044150783547 
0.45967549198333174099 0.53752599533941669563 0.00000000099999999983 0.00279850867725168302 0.00000000099999999983 0.00000000099999999983 0.00000000099999999983 
0.46919021627930196372 0.52593041577930599306 0.00000000099999999998 0.00000090495373290311 0.00123057337187897097 0.00319110602257094682 0.00045678259320916775 
0.42940619504072274903 0.56577996022751642080 0.00059361589660122688 0.00119166161777577921 0.00105609926557228943 0.00197246695181142219 0.00000000099999999996 
0.00949949747717073086 0.99050049752282931514 0.00000000099999999948 0.00000000099999999948 0.00000000099999999948 0.00000000099999999948 0.00000000099999999948 
0.00000000099999999945 0.99999999400000016969 0.00000000099999999945 0.00000000099999999945 0.00000000099999999945 0.00000000099999999945 0.00000000099999999945 
0.00696325723187042524 0.99303673776812961815 0.00000000099999999967 0.00000000099999999967 0.00000000099999999967 0.00000000099999999967 0.00000000099999999967 
0.00000000099999999988 0.99999999400000005867 0.00000000099999999988 0.00000000099999999988 0.00000000099999999988 0.00000000099999999988 0.00000000099999999988 
0.00000000099999999938 0.99999999400000005867 0.00000000099999999938 0.00000000099999999938 0.00000000099999999938 0.00000000099999999938 0.00000000099999999938 
0.00000000099999999946 0.99999999400000005867 0.00000000099999999946 0.00000000099999999946 0.00000000099999999946 0.00000000099999999946 0.00000000099999999946 
0.00146949550639735560 0.99853049949360273008 0.00000000099999999957 0.00000000099999999957 0.00000000099999999957 0.00000000099999999957 0.00000000099999999957 
0.00596003025140808169 0.99403996474859201982 0.00000000099999999956 0.00000000099999999956 0.00000000099999999956 0.00000000099999999956 0.00000000099999999956 
0.00163841824913582654 0.99836157675086412144 0.00000000099999999945 0.00000000099999999945 0.00000000099999999945 0.00000000099999999945 0.00000000099999999945 
0.00000000099999999979 0.99928799101463972043 0.00000000099999999979 0.00000000099999999979 0.00000000099999999979 0.00071200398536046890 0.00000000099999999979 
0.00000000099999999945 0.99999999400000005867 0.00000000099999999945 0.00000000099999999945 0.00000000099999999945 0.00000000099999999945 0.00000000099999999945 
0.00375949641295291294 0.99624049858704732952 0.00000000099999999933 0.00000000099999999933 0.00000000099999999933 0.00000000099999999933 0.00000000099999999933 
0.00000000099999999943 0.99999999400000016969 0.00000000099999999943 0.00000000099999999943 0.00000000099999999943 0.00000000099999999943 0.00000000099999999943 
0.00133313293452650924 0.99866686206547361504 0.00000000099999999949 0.00000000099999999949 0.00000000099999999949 0.00000000099999999949 0.00000000099999999949 
0.00000000099999999969 0.99871877688691745867 0.00000000099999999969 0.00000000099999999969 0.00000000099999999969 0.00128121811308261400 0.00000000099999999969 
0.03019854129665495990 0.96980145370334513988 0.00000000099999999954 0.00000000099999999954 0.00000000099999999954 0.00000000099999999954 0.00000000099999999954 
0.00274199707627772538 0.99725799792372238350 0.00000000099999999959 0.00000000099999999959 0.00000000099999999959 0.00000000099999999959 0.00000000099999999959 
0.00000000099999999925 0.99999999400000005867 0.00000000099999999925 0.00000000099999999925 0.00000000099999999925 0.00000000099999999925 0.00000000099999999925 
0.01154944926238106288 0.98611038717813837007 0.00001566519194911388 0.00000000099999999999 0.00185344205303815293 0.00047105431449339893 0.00000000099999999999 
0.05145114613866332010 0.94625705151371519719 0.00000000099999999992 0.00000000099999999992 0.00000000099999999992 0.00000000099999999992 0.00229179834762158544 
0.00000000099999999982 0.99999999400000005867 0.00000000099999999982 0.00000000099999999982 0.00000000099999999982 0.00000000099999999982 0.00000000099999999982 
0.04612856180338491957 0.94439482075330649646 0.00947661344330874393 0.00000000099999999991 0.00000000099999999991 0.00000000099999999991 0.00000000099999999991 
0.06233160377535652830 0.93270897706566813223 0.00495941515897545347 0.00000000099999999967 0.00000000099999999967 0.00000000099999999967 0.00000000099999999967 
0.06355806089161891714 0.93320014967851327992 0.00000031273621462732 0.00000000099999999994 0.00324147369365328274 0.00000000099999999994 0.00000000099999999994 
0.01078120635314192693 0.98801589165419689831 0.00000000099999999989 0.00000000099999999989 0.00120025999852597541 0.00000263899413522092 0.00000000099999999989 
0.05881619289596568684 0.93657110740147886396 0.00000000099999999980 0.00461269570255556840 0.00000000099999999980 0.00000000099999999980 0.00000000099999999980 
0.03907543175728764306 0.95895085110563726971 0.00000000099999999997 0.00000000099999999997 0.00197371313707523244 0.00000000099999999997 0.00000000099999999997 
0.02934481215167217272 0.96896531673116459427 0.00076732604865552669 0.00092254206850758312 0.00000000099999999993 0.00000000099999999993 0.00000000099999999993 
0.02359970682639368073 0.97466605883403634181 0.00173423033956992081 0.00000000099999999989 0.00000000099999999989 0.00000000099999999989 0.00000000099999999989 
0.05938302264121206320 0.94061697235878805046 0.00000000099999999980 0.00000000099999999980 0.00000000099999999980 0.00000000099999999980 0.00000000099999999980 
0.03632827022162680997 0.95913315185811476304 0.00453857392025848808 0.00000000099999999963 0.00000000099999999963 0.00000000099999999963 0.00000000099999999963 
0.03807587688562785733 0.95623777591158898304 0.00000000099999999981 0.00568634320278325715 0.00000000099999999981 0.00000000099999999981 0.00000000099999999981 
0.05579750501274682167 0.93774694569055105919 0.00000000099999999997 0.00178913953183414522 0.00466640676486805225 0.00000000099999999997 0.00000000099999999997 
0.02095791670481378724 0.97899872617006344910 0.00000000099999999992 0.00000000099999999992 0.00000000099999999992 0.00004335312512270381 0.00000000099999999992 
0.05916030294078739038 0.94083969205921258450 0.00000000099999999973 0.00000000099999999973 0.00000000099999999973 0.00000000099999999973 0.00000000099999999973 
0.07770376685111050896 0.92229622814888956306 0.00000000099999999955 0.00000000099999999955 0.00000000099999999955 0.00000000099999999955 0.00000000099999999955 
0.04442152437064491449 0.95411170488340535378 0.00000000099999999977 0.00146676674594979498 0.00000000099999999977 0.00000000099999999977 0.00000000099999999977 
0.07605140930354534201 0.91241959483724310864 0.01152899185921159482 0.00000000099999999997 0.00000000099999999997 0.00000000099999999997 0.00000000099999999997 
0.12016246366709476545 0.87590976359725636335 0.00392776873564890192 0.00000000099999999999 0.00000000099999999999 0.00000000099999999999 0.00000000099999999999 
0.15013588376338016239 0.81119122856220982065 0.03867288367441014396 0.00000000099999999998 0.00000000099999999998 0.00000000099999999998 0.00000000099999999998 
0.05984163410072077666 0.93417932074156906364 0.00000000099999999963 0.00000000099999999963 0.00000000099999999963 0.00597904115771025549 0.00000000099999999963 
0.10415549924792452674 0.87206260017980585797 0.02378189657226968332 0.00000000099999999998 0.00000000099999999998 0.00000000099999999998 0.00000000099999999998 
0.23164375511873214197 0.76579633951152814575 0.00000000099999999998 0.00000000099999999998 0.00000000099999999998 0.00000000099999999998 0.00255990136973997459 
0.00631439074345759542 0.99302336303935634376 0.00000000099999999988 0.00000000099999999988 0.00000000099999999988 0.00066224221718616646 0.00000000099999999988 
0.00021716600376280967 0.98865170924160328259 0.00568946590696979906 0.00000000099999999999 0.00000000099999999999 0.00544165584766413777 0.00000000099999999999 
0.03501775715059216726 0.94913308462744339078 0.00000000099999999983 0.00000000099999999983 0.00000000099999999983 0.01584915422196443713 0.00000000099999999983 
0.01909365451417645992 0.97916791567242067451 0.00000000099999999990 0.00000000099999999990 0.00000000099999999990 0.00173842581340299192 0.00000000099999999990 
0.01759022790795486749 0.97418841991221860610 0.00000000099999999965 0.00000000099999999965 0.00000000099999999965 0.00822134817982655454 0.00000000099999999965 
0.02218048032127765273 0.97560180584777911328 0.00010439599813408677 0.00000000099999999993 0.00000000099999999993 0.00211331483280916823 0.00000000099999999993 
0.03884285303862783367 0.96115714196137236325 0.00000000099999999930 0.00000000099999999930 0.00000000099999999930 0.00000000099999999930 0.00000000099999999930 
0.00639508226603532990 0.99360491273396478462 0.00000000099999999957 0.00000000099999999957 0.00000000099999999957 0.00000000099999999957 0.00000000099999999957 
0.24936327133995672689 0.74939140134939397075 0.00000000099999999995 0.00000000099999999995 0.00124532331064926218 0.00000000099999999995 0.00000000099999999995 
0.22302514526586647570 0.77554661860513307570 0.00000000099999999982 0.00000000099999999982 0.00000000099999999982 0.00142823212900058407 0.00000000099999999982 
0.10559734730817227355 0.56227360105542822932 0.00000000099999999994 0.00000000099999999994 0.26028134051358553513 0.00000000099999999994 0.07184770812281404684 
0.27700927221552495983 0.71501992861111562938 0.00000000099999999993 0.00000000099999999993 0.00232356785926227365 0.00459655408011699733 0.00105067523398026533 
0.25155527027035012866 0.74298491598086213727 0.00000000099999999996 0.00000000099999999996 0.00282713099816427407 0.00207150974899062605 0.00056117100163289972 
0.10355197774186171433 0.54338407058497240065 0.00000000099999999996 0.00000000099999999996 0.28528929438516709149 0.00000000099999999996 0.06777465428799883673 
0.16879383970535427606 0.54959713926808217987 0.00000000099999999993 0.00000000099999999993 0.21818855011142190836 0.00000000099999999993 0.06342046791514172055 
0.11743643759773864099 0.60976103529553193905 0.00000000099999999996 0.00000000099999999996 0.23378527783294250630 0.00000000099999999996 0.03901724627378703320 
0.14816037957477970477 0.60992565963665146267 0.00000000099999999996 0.00000000099999999996 0.23888007635264116302 0.00303388143592766548 0.00000000099999999996 
0.16974601440524583751 0.59101228005626549322 0.00000000099999999998 0.00308932489862760382 0.22260993047675387002 0.00051348041883231429 0.01302896874427483809 
0.24275974376569581237 0.75724025123430427353 0.00000000099999999979 0.00000000099999999979 0.00000000099999999979 0.00000000099999999979 0.00000000099999999979 
0.12324093525361683177 0.59227158699677950882 0.00000000099999999997 0.00000000099999999997 0.28448747374960375867 0.00000000099999999997 0.00000000099999999997 
0.23541674196224124382 0.75132769182748804226 0.00000000099999999995 0.00000000099999999995 0.00474578770945893388 0.00680928537600768765 0.00170049112480403835 
0.14735784271930105205 0.51925376295772807111 0.00000000099999999996 0.00000000099999999996 0.28477576478240784752 0.00000000099999999996 0.04861262654056298926 
0.25924875767498539725 0.73801414234109030676 0.00000000099999999970 0.00000000099999999970 0.00000000099999999970 0.00273709598392438396 0.00000000099999999970 
0.26978411449658556975 0.73021588050341434961 0.00000000099999999964 0.00000000099999999964 0.00000000099999999964 0.00000000099999999964 0.00000000099999999964 
0.15279807428961356131 0.53890547692433043991 0.00398629788353882953 0.00000000099999999998 0.29806720162568600685 0.00624294727683110447 0.00000000099999999998 
0.22669343921356849281 0.77270868719600227514 0.00000000099999999980 0.00000000099999999980 0.00000000099999999980 0.00059786959042938323 0.00000000099999999980 
0.25856174339538290363 0.73851506894172735951 0.00000000099999999990 0.00000000099999999990 0.00181351590403670110 0.00000000099999999990 0.00110966875885307138 
0.11883341369063077364 0.87329146081465147677 0.00787512149471791996 0.00000000099999999995 0.00000000099999999995 0.00000000099999999995 0.00000000099999999995 
0.05087542016661435185 0.89968385002818285212 0.00000144196348051936 0.00000000100000000000 0.04943928484172235849 0.00000000100000000000 0.00000000100000000000 
0.06571740814075616166 0.93091474255292605555 0.00202088610295960520 0.00000000099999999997 0.00000000099999999997 0.00000000099999999997 0.00134696020335833768 
0.00390220937833157984 0.99359433375320316273 0.00250345286846536015 0.00000000099999999990 0.00000000099999999990 0.00000000099999999990 0.00000000099999999990 
0.00628058201384765636 0.94231421613254928715 0.00000000099999999962 0.05140519785360319477 0.00000000099999999962 0.00000000099999999962 0.00000000099999999962 
0.00000000099999999948 0.99999999400000016969 0.00000000099999999948 0.00000000099999999948 0.00000000099999999948 0.00000000099999999948 0.00000000099999999948 
0.00000000099999999954 0.99999999400000005867 0.00000000099999999954 0.00000000099999999954 0.00000000099999999954 0.00000000099999999954 0.00000000099999999954 
0.00000000100000000000 0.85789912972467818886 0.00000000100000000000 0.00000806239391389674 0.13729898806756857255 0.00479381681383926530 0.00000000100000000000 
0.00000000099999999994 0.99983565511723015984 0.00013740450244644040 0.00000000099999999994 0.00000000099999999994 0.00000000099999999994 0.00002693638032346360 
0.00000000099999999985 0.99999999400000016969 0.00000000099999999985 0.00000000099999999985 0.00000000099999999985 0.00000000099999999985 0.00000000099999999985 
0.00000000099999999897 0.99999999400000005867 0.00000000099999999897 0.00000000099999999897 0.00000000099999999897 0.00000000099999999897 0.00000000099999999897 
0.00064661676847634205 0.99935337823152381453 0.00000000099999999928 0.00000000099999999928 0.00000000099999999928 0.00000000099999999928 0.00000000099999999928 
0.00113295988516083049 0.99886703511483931894 0.00000000099999999929 0.00000000099999999929 0.00000000099999999929 0.00000000099999999929 0.00000000099999999929 
0.00000000099999999932 0.99999999400000005867 0.00000000099999999932 0.00000000099999999932 0.00000000099999999932 0.00000000099999999932 0.00000000099999999932 
0.00000000099999999918 0.99999999400000005867 0.00000000099999999918 0.00000000099999999918 0.00000000099999999918 0.00000000099999999918 0.00000000099999999918 
0.00808222128674560177 0.99191777371325451362 0.00000000099999999948 0.00000000099999999948 0.00000000099999999948 0.00000000099999999948 0.00000000099999999948 
0.00300305534483840710 0.99699693965516167360 0.00000000099999999973 0.00000000099999999973 0.00000000099999999973 0.00000000099999999973 0.00000000099999999973 
0.00000000099999999939 0.99999999400000005867 0.00000000099999999939 0.00000000099999999939 0.00000000099999999939 0.00000000099999999939 0.00000000099999999939 
0.00000000099999999996 0.99277446660969537184 0.00197233301410986534 0.00000000099999999996 0.00525319637619483734 0.00000000099999999996 0.00000000099999999996 
0.03298104621119928026 0.96663962953236604037 0.00000000099999999980 0.00000000099999999980 0.00000000099999999980 0.00037932025643466408 0.00000000099999999980 
0.00640365577288194623 0.99359633922711809717 0.00000000099999999957 0.00000000099999999957 0.00000000099999999957 0.00000000099999999957 0.00000000099999999957 
0.00642033494983207127 0.99235198640159161254 0.00000000099999999980 0.00000000099999999980 0.00000000099999999980 0.00000000099999999980 0.00122767464857634259 
0.00000000099999999929 0.99999999400000005867 0.00000000099999999929 0.00000000099999999929 0.00000000099999999929 0.00000000099999999929 0.00000000099999999929 
0.00000000099999999955 0.99999999400000016969 0.00000000099999999955 0.00000000099999999955 0.00000000099999999955 0.00000000099999999955 0.00000000099999999955 
0.00701147503009627322 0.99173935080762698480 0.00000000099999999980 0.00000000099999999980 0.00000000099999999980 0.00000000099999999980 0.00124917016227675038 
0.03747856992039753921 0.95469102361080238062 0.00783040246880005973 0.00000000099999999990 0.00000000099999999990 0.00000000099999999990 0.00000000099999999990 
0.00943840195004777734 0.99056159304995239356 0.00000000099999999962 0.00000000099999999962 0.00000000099999999962 0.00000000099999999962 0.00000000099999999962 
0.00642332819726756411 0.99357666680273248883 0.00000000099999999956 0.00000000099999999956 0.00000000099999999956 0.00000000099999999956 0.00000000099999999956 
0.00000000099999999918 0.99999999400000005867 0.00000000099999999918 0.00000000099999999918 0.00000000099999999918 0.00000000099999999918 0.00000000099999999918 
0.00447083477379994244 0.99552916022620019376 0.00000000099999999953 0.00000000099999999953 0.00000000099999999953 0.00000000099999999953 0.00000000099999999953 
0.02333750081977368010 0.97666249418022643702 0.00000000099999999953 0.00000000099999999953 0.00000000099999999953 0.00000000099999999953 0.00000000099999999953 
0.00703555982663346853 0.99296443517336663298 0.00000000099999999968 0.00000000099999999968 0.00000000099999999968 0.00000000099999999968 0.00000000099999999968 
0.07592870064691566168 0.92199437861278887851 0.00000000099999999994 0.00000000099999999994 0.00000000099999999994 0.00207691674029552307 0.00000000099999999994 
0.01147952623697829667 0.98639106211130156421 0.00099152680525120746 0.00000000099999999989 0.00000000099999999989 0.00113788184646895925 0.00000000099999999989 
0.00000000099999999980 0.99999999400000016969 0.00000000099999999980 0.00000000099999999980 0.00000000099999999980 0.00000000099999999980 0.00000000099999999980 
0.05171619895052014665 0.94776400273323935242 0.00000000099999999988 0.00000000099999999988 0.00051979431624067575 0.00000000099999999988 0.00000000099999999988 
0.00000000099999999978 0.99774638845749064053 0.00036385465204800710 0.00000000099999999978 0.00000000099999999978 0.00188975289046128432 0.00000000099999999978 
0.00000000099999999978 0.99061539352430849625 0.00938460147569149250 0.00000000099999999978 0.00000000099999999978 0.00000000099999999978 0.00000000099999999978 
0.00000000099999999993 0.99788681114289934371 0.00000000099999999993 0.00000000099999999993 0.00211318385710069319 0.00000000099999999993 0.00000000099999999993 
0.01153468068402188976 0.97290016568743087344 0.00319677235598689194 0.00116041011942378961 0.00423018345954485116 0.00697778669359158926 0.00000000099999999999 
0.00000000099999999968 0.98845128005278226624 0.00000000099999999968 0.01154871494721778150 0.00000000099999999968 0.00000000099999999968 0.00000000099999999968 
0.00000000099999999981 0.99504057200224149682 0.00495942299775852056 0.00000000099999999981 0.00000000099999999981 0.00000000099999999981 0.00000000099999999981 
0.01123668197501338437 0.98876331302498665643 0.00000000099999999972 0.00000000099999999972 0.00000000099999999972 0.00000000099999999972 0.00000000099999999972 
0.00461293080469623619 0.99538706419530387226 0.00000000099999999980 0.00000000099999999980 0.00000000099999999980 0.00000000099999999980 0.00000000099999999980 
0.03107588118477666930 0.96892411381522347558 0.00000000099999999965 0.00000000099999999965 0.00000000099999999965 0.00000000099999999965 0.00000000099999999965 
0.00279278573128737126 0.99139405026432292356 0.00359972372083574221 0.00000000099999999980 0.00000000099999999980 0.00221343728355380236 0.00000000099999999980 
0.00000000099999999959 0.99999999400000016969 0.00000000099999999959 0.00000000099999999959 0.00000000099999999959 0.00000000099999999959 0.00000000099999999959 
0.00231832753897060276 0.99191400813190377939 0.00153681033332794662 0.00000000099999999993 0.00000000099999999993 0.00229221752301482550 0.00193863447278297234 
0.13855933350254767689 0.85859965623947309687 0.00000000099999999995 0.00000000099999999995 0.00000000099999999995 0.00284100625797931551 0.00000000099999999995 
0.06976115414075048649 0.93023884085924968268 0.00000000099999999966 0.00000000099999999966 0.00000000099999999966 0.00000000099999999966 0.00000000099999999966 
0.00011610521038871859 0.99626123917213127434 0.00362265161748006421 0.00000000099999999990 0.00000000099999999990 0.00000000099999999990 0.00000000099999999990 
0.00000000099999999991 0.99999999400000016969 0.00000000099999999991 0.00000000099999999991 0.00000000099999999991 0.00000000099999999991 0.00000000099999999991 
0.00000000099999999992 0.99728943607565878615 0.00000000099999999992 0.00000000099999999992 0.00000000099999999992 0.00271055892434129671 0.00000000099999999992 
