0.00000000099999999859 0.00000000099999999859 0.00000000099999999859 0.00000000099999999859 0.00000000099999999859 0.99999999399999983662 0.00000000099999999859 
0.00000000099999999866 0.00000000099999999866 0.00000000099999999866 0.00000000099999999866 0.00000000099999999866 0.99999999399999983662 0.00000000099999999866 
0.00000000099999999863 0.00000000099999999863 0.00000000099999999863 0.00000000099999999863 0.00000000099999999863 0.99999999399999994765 0.00000000099999999863 
0.00000000099999999865 0.00000000099999999865 0.00000000099999999865 0.00000000099999999865 0.00000000099999999865 0.99999999399999994765 0.00000000099999999865 
0.00000000099999999870 0.00000000099999999870 0.00000000099999999870 0.00000000099999999870 0.00000000099999999870 0.99999999399999994765 0.00000000099999999870 
0.00000000099999999870 0.00000000099999999870 0.00000000099999999870 0.00000000099999999870 0.00000000099999999870 0.99999999399999983662 0.00000000099999999870 
0.00000000099999999862 0.00000000099999999862 0.00000000099999999862 0.00000000099999999862 0.00000000099999999862 0.99999999399999983662 0.00000000099999999862 
0.00000000099999999873 0.00000000099999999873 0.00000000099999999873 0.00000000099999999873 0.00000000099999999873 0.99999999399999983662 0.00000000099999999873 
0.00000000099999999866 0.00000000099999999866 0.00000000099999999866 0.00000000099999999866 0.00000000099999999866 0.99999999399999994765 0.00000000099999999866 
0.00000000099999999874 0.00000000099999999874 0.00000000099999999874 0.00000000099999999874 0.00000000099999999874 0.99999999399999994765 0.00000000099999999874 
0.00000000099999999869 0.00000000099999999869 0.00000000099999999869 0.00000000099999999869 0.00000000099999999869 0.99999999399999994765 0.00000000099999999869 
0.00000000099999999894 0.00000000099999999894 0.00000000099999999894 0.00000000099999999894 0.00000000099999999894 0.99999999399999983662 0.00000000099999999894 
0.00000000099999999868 0.00000000099999999868 0.00000000099999999868 0.00000000099999999868 0.00000000099999999868 0.99999999399999983662 0.00000000099999999868 
0.00000000099999999865 0.00000000099999999865 0.00000000099999999865 0.00000000099999999865 0.00000000099999999865 0.99999999399999994765 0.00000000099999999865 
0.00000000099999999868 0.00000000099999999868 0.00000000099999999868 0.00000000099999999868 0.00000000099999999868 0.99999999399999983662 0.00000000099999999868 
0.00000000099999999868 0.00000000099999999868 0.00000000099999999868 0.00000000099999999868 0.00000000099999999868 0.99999999399999983662 0.00000000099999999868 
0.00000000099999999867 0.00000000099999999867 0.00000000099999999867 0.00000000099999999867 0.00000000099999999867 0.99999999399999994765 0.00000000099999999867 
0.00000000099999999877 0.00000000099999999877 0.00000000099999999877 0.00000000099999999877 0.00000000099999999877 0.99999999399999983662 0.00000000099999999877 
0.00000000099999999877 0.00000000099999999877 0.00000000099999999877 0.00000000099999999877 0.00000000099999999877 0.99999999399999994765 0.00000000099999999877 
0.00000000099999999876 0.00000000099999999876 0.00000000099999999876 0.00000000099999999876 0.00000000099999999876 0.99999999399999994765 0.00000000099999999876 
0.00000000099999999870 0.00000000099999999870 0.00000000099999999870 0.00000000099999999870 0.00000000099999999870 0.99999999399999994765 0.00000000099999999870 
0.00000000099999999873 0.00000000099999999873 0.00000000099999999873 0.00000000099999999873 0.00000000099999999873 0.99999999399999994765 0.00000000099999999873 
0.00000000099999999871 0.00000000099999999871 0.00000000099999999871 0.00000000099999999871 0.00000000099999999871 0.99999999399999994765 0.00000000099999999871 
0.00000000099999999873 0.00000000099999999873 0.00000000099999999873 0.00000000099999999873 0.00000000099999999873 0.99999999399999983662 0.00000000099999999873 
0.00000000099999999910 0.00000000099999999910 0.00000000099999999910 0.00000000099999999910 0.00000000099999999910 0.99999999400000005867 0.00000000099999999910 
0.00000000099999999871 0.00000000099999999871 0.00000000099999999871 0.00000000099999999871 0.00000000099999999871 0.99999999399999983662 0.00000000099999999871 
0.00000000099999999875 0.00000000099999999875 0.00000000099999999875 0.00000000099999999875 0.00000000099999999875 0.99999999399999994765 0.00000000099999999875 
0.00000000099999999877 0.00000000099999999877 0.00000000099999999877 0.00000000099999999877 0.00000000099999999877 0.99999999399999983662 0.00000000099999999877 
0.00000000099999999879 0.00000000099999999879 0.00000000099999999879 0.00000000099999999879 0.00000000099999999879 0.99999999399999994765 0.00000000099999999879 
0.00000000099999999874 0.00000000099999999874 0.00000000099999999874 0.00000000099999999874 0.00000000099999999874 0.99999999399999983662 0.00000000099999999874 
0.00000000099999999894 0.00000000099999999894 0.00000000099999999894 0.00000000099999999894 0.00000000099999999894 0.99999999399999983662 0.00000000099999999894 
0.00000000099999999912 0.00000000099999999912 0.00000000099999999912 0.00000000099999999912 0.00000000099999999912 0.99999999400000005867 0.00000000099999999912 
0.00000000099999999888 0.00000000099999999888 0.00000000099999999888 0.00000000099999999888 0.00000000099999999888 0.99999999399999983662 0.00000000099999999888 
0.00000000099999999903 0.00000000099999999903 0.00000000099999999903 0.00000000099999999903 0.00000000099999999903 0.99999999400000005867 0.00000000099999999903 
0.00000000099999999888 0.00000000099999999888 0.00000000099999999888 0.00000000099999999888 0.00000000099999999888 0.99999999399999983662 0.00000000099999999888 
0.00000000099999999897 0.00000000099999999897 0.00000000099999999897 0.00000000099999999897 0.00000000099999999897 0.99999999399999983662 0.00000000099999999897 
0.00000000099999999891 0.00000000099999999891 0.00000000099999999891 0.00000000099999999891 0.00000000099999999891 0.99999999399999994765 0.00000000099999999891 
0.00000000099999999891 0.00000000099999999891 0.00000000099999999891 0.00000000099999999891 0.00000000099999999891 0.99999999399999994765 0.00000000099999999891 
0.00000000099999999895 0.00000000099999999895 0.00000000099999999895 0.00000000099999999895 0.00000000099999999895 0.99999999399999994765 0.00000000099999999895 
0.00000000099999999916 0.00000000099999999916 0.00000000099999999916 0.00000000099999999916 0.00000000099999999916 0.99999999400000005867 0.00000000099999999916 
0.00000000099999999890 0.00000000099999999890 0.00000000099999999890 0.00000000099999999890 0.00000000099999999890 0.99999999399999983662 0.00000000099999999890 
0.00000000099999999903 0.00000000099999999903 0.00000000099999999903 0.00000000099999999903 0.00000000099999999903 0.99999999400000005867 0.00000000099999999903 
0.00000000099999999892 0.00000000099999999892 0.00000000099999999892 0.00000000099999999892 0.00000000099999999892 0.99999999399999994765 0.00000000099999999892 
0.00000000099999999891 0.00000000099999999891 0.00000000099999999891 0.00000000099999999891 0.00000000099999999891 0.99999999399999983662 0.00000000099999999891 
0.00000000099999999901 0.00000000099999999901 0.00000000099999999901 0.00000000099999999901 0.00000000099999999901 0.99999999400000005867 0.00000000099999999901 
0.00000000099999999893 0.00000000099999999893 0.00000000099999999893 0.00000000099999999893 0.00000000099999999893 0.99999999399999983662 0.00000000099999999893 
0.00000000099999999898 0.00000000099999999898 0.00000000099999999898 0.00000000099999999898 0.00000000099999999898 0.99999999399999983662 0.00000000099999999898 
0.00000000099999999921 0.00000000099999999921 0.00000000099999999921 0.00000000099999999921 0.00000000099999999921 0.99999999400000005867 0.00000000099999999921 
0.00000000099999999923 0.00000000099999999923 0.00000000099999999923 0.00000000099999999923 0.00000000099999999923 0.99999999400000005867 0.00000000099999999923 
0.00000000099999999934 0.00000000099999999934 0.00000000099999999934 0.00000000099999999934 0.00000000099999999934 0.99999999400000005867 0.00000000099999999934 
0.00000000099999999962 0.00000000099999999962 0.00000000099999999962 0.00000000099999999962 0.00000000099999999962 0.99999999399999994765 0.00000000099999999962 
0.00000000099999999968 0.40122484045580647516 0.00013693230374465205 0.59863822324044879686 0.00000000099999999968 0.00000000099999999968 0.00000000099999999968 
0.00000000099999999935 0.44291000860647178339 0.00000000099999999935 0.55708998639352824700 0.00000000099999999935 0.00000000099999999935 0.00000000099999999935 
0.00000000099999999976 0.48726556211321098155 0.00000000099999999976 0.51273443288678888230 0.00000000099999999976 0.00000000099999999976 0.00000000099999999976 
0.00000000099999999909 0.39223425222413976776 0.00000000099999999909 0.60776574277586026263 0.00000000099999999909 0.00000000099999999909 0.00000000099999999909 
0.00000000099999999919 0.39526423494123125169 0.00000000099999999919 0.60473576005876861217 0.00000000099999999919 0.00000000099999999919 0.00000000099999999919 
0.00000000099999999908 0.40186957933738831628 0.00000000099999999908 0.59813041566261171411 0.00000000099999999908 0.00000000099999999908 0.00000000099999999908 
0.00000000099999999949 0.39473612904369265175 0.00000000099999999949 0.60526386595630721210 0.00000000099999999949 0.00000000099999999949 0.00000000099999999949 
0.00000000099999999917 0.37346278178309672002 0.00000000099999999917 0.62653721321690325485 0.00000000099999999917 0.00000000099999999917 0.00000000099999999917 
0.00000000099999999938 0.40434750429788735016 0.00000000099999999938 0.59565249070211256921 0.00000000099999999938 0.00000000099999999938 0.00000000099999999938 
0.00000000099999999992 0.39762881540907202282 0.00000000099999999992 0.59768316339299476514 0.00000000099999999992 0.00000000099999999992 0.00468801719793320807 
0.00000000099999999928 0.42520606039725383773 0.00000000099999999928 0.57479393460274608163 0.00000000099999999928 0.00000000099999999928 0.00000000099999999928 
0.00000000099999999923 0.42131473012799458555 0.00000000099999999923 0.57868526487200533381 0.00000000099999999923 0.00000000099999999923 0.00000000099999999923 
0.00000000099999999985 0.42609992545855063240 0.00000000099999999985 0.56917057470723131374 0.00000000099999999985 0.00000000099999999985 0.00472949583421809500 
0.00000000099999999936 0.42941454251826816080 0.00000000099999999936 0.57058545248173175857 0.00000000099999999936 0.00000000099999999936 0.00000000099999999936 
0.00000000099999999984 0.38293999016504670641 0.00000000099999999984 0.61706000483495337949 0.00000000099999999984 0.00000000099999999984 0.00000000099999999984 
0.00000000099999999912 0.39324101740236733216 0.00000000099999999912 0.60675897759763264272 0.00000000099999999912 0.00000000099999999912 0.00000000099999999912 
0.00000000099999999950 0.48728273519839621075 0.00000000099999999950 0.51271725980160376412 0.00000000099999999950 0.00000000099999999950 0.00000000099999999950 
0.00000000099999999978 0.48306015249887884755 0.00000000099999999978 0.51693984250112112733 0.00000000099999999978 0.00000000099999999978 0.00000000099999999978 
0.00000000099999999928 0.43101299024893691136 0.00000000099999999928 0.56898700475106300800 0.00000000099999999928 0.00000000099999999928 0.00000000099999999928 
0.00000000099999999930 0.41814528220730090569 0.00000000099999999930 0.58185471279269918021 0.00000000099999999930 0.00000000099999999930 0.00000000099999999930 
0.00000000099999999934 0.41049247629378488034 0.00000000099999999934 0.58950751870621509454 0.00000000099999999934 0.00000000099999999934 0.00000000099999999934 
0.00000000099999999909 0.40732845511781529124 0.00000000099999999909 0.59267153988218468363 0.00000000099999999909 0.00000000099999999909 0.00000000099999999909 
0.00000000099999999940 0.44258973843410537308 0.00000000099999999940 0.55741025656589449078 0.00000000099999999940 0.00000000099999999940 0.00000000099999999940 
0.00000000099999999933 0.46421920422265322559 0.00000000099999999933 0.53578079077734663827 0.00000000099999999933 0.00000000099999999933 0.00000000099999999933 
0.00000000099999999963 0.49363856878968759290 0.00000000099999999963 0.50636142621031243749 0.00000000099999999963 0.00000000099999999963 0.00000000099999999963 
0.00000000099999999922 0.40476118025245472198 0.00000000099999999922 0.59523881474754525289 0.00000000099999999922 0.00000000099999999922 0.00000000099999999922 
0.00000000099999999940 0.46573747933059744808 0.00000000099999999940 0.53426251566940252680 0.00000000099999999940 0.00000000099999999940 0.00000000099999999940 
0.00369315614355541751 0.45300920768260544147 0.00000000099999999991 0.54146963809369086373 0.00000000099999999991 0.00000000099999999991 0.00182799508014812057 
0.00000000099999999994 0.39826469200046427099 0.00116906432754861154 0.60056623967198707881 0.00000000099999999994 0.00000000099999999994 0.00000000099999999994 
0.00000000099999999947 0.45080087133967372548 0.00000000099999999947 0.54919912366032619389 0.00000000099999999947 0.00000000099999999947 0.00000000099999999947 
0.00000000099999999928 0.38312662752194043270 0.00000000099999999928 0.61687336747805943116 0.00000000099999999928 0.00000000099999999928 0.00000000099999999928 
0.00288676508449071901 0.42435949936005989969 0.00000000099999999991 0.57174589063287029056 0.00000000099999999991 0.00100784192257912311 0.00000000099999999991 
0.00000000099999999964 0.53884619792550858541 0.00000000099999999964 0.46115379707449144497 0.00000000099999999964 0.00000000099999999964 0.00000000099999999964 
0.00000000099999999958 0.45890506782351836446 0.00000000099999999958 0.54109492717648166593 0.00000000099999999958 0.00000000099999999958 0.00000000099999999958 
0.00000000099999999947 0.47193621834713689323 0.00000000099999999947 0.52806377665286308165 0.00000000099999999947 0.00000000099999999947 0.00000000099999999947 
0.00000000099999999959 0.42073577600837647195 0.00000000099999999959 0.57926421899162339191 0.00000000099999999959 0.00000000099999999959 0.00000000099999999959 
0.00000000099999999944 0.48368315951215468118 0.00000000099999999944 0.51631683548784523818 0.00000000099999999944 0.00000000099999999944 0.00000000099999999944 
0.00000000099999999950 0.48017970722890207513 0.00000000099999999950 0.51982028777109789974 0.00000000099999999950 0.00000000099999999950 0.00000000099999999950 
0.00000000099999999948 0.51790708665672324784 0.00000000099999999948 0.48209290834327678255 0.00000000099999999948 0.00000000099999999948 0.00000000099999999948 
0.00218038549997864569 0.41677272347989424706 0.00000000099999999991 0.58104688702012707857 0.00000000099999999991 0.00000000099999999991 0.00000000099999999991 
0.00000000099999999968 0.42402109683169669774 0.00000000099999999968 0.57597889816830327714 0.00000000099999999968 0.00000000099999999968 0.00000000099999999968 
0.00000000099999999984 0.43497947784169849195 0.00000000099999999984 0.56502051715830148293 0.00000000099999999984 0.00000000099999999984 0.00000000099999999984 
0.00000000099999999954 0.41172193282483421362 0.00000000099999999954 0.58827806217516576126 0.00000000099999999954 0.00000000099999999954 0.00000000099999999954 
0.00000000099999999927 0.47469484691103186469 0.00000000099999999927 0.52530514808896799916 0.00000000099999999927 0.00000000099999999927 0.00000000099999999927 
0.00000000099999999926 0.45490597282392192247 0.00000000099999999926 0.54509402217607805241 0.00000000099999999926 0.00000000099999999926 0.00000000099999999926 
0.00000000099999999934 0.47074363652607736919 0.00000000099999999934 0.52925635847392260569 0.00000000099999999934 0.00000000099999999934 0.00000000099999999934 
0.00000000099999999935 0.45271014125395531158 0.00000000099999999935 0.54728985374604455227 0.00000000099999999935 0.00000000099999999935 0.00000000099999999935 
0.00127060344860445711 0.48484354940265167455 0.00000000099999999984 0.51388584314874385939 0.00000000099999999984 0.00000000099999999984 0.00000000099999999984 
0.00000000099999999927 0.44722123170687538840 0.00000000099999999927 0.55277876329312469750 0.00000000099999999927 0.00000000099999999927 0.00000000099999999927 
0.00000000099999999954 0.49808692793310777036 0.00000000099999999954 0.50191306706689209349 0.00000000099999999954 0.00000000099999999954 0.00000000099999999954 
0.00000000099999999930 0.43336221538209079851 0.00000000099999999930 0.56663777961790917637 0.00000000099999999930 0.00000000099999999930 0.00000000099999999930 
0.00000000099999999941 0.48751046202789954931 0.00000000099999999941 0.51248953297210042557 0.00000000099999999941 0.00000000099999999941 0.00000000099999999941 
0.00000000099999999954 0.46137809507822191701 0.00000000099999999954 0.53862189992177800235 0.00000000099999999954 0.00000000099999999954 0.00000000099999999954 
0.00000000099999999960 0.41875145796899454487 0.00000000099999999960 0.58124853703100531899 0.00000000099999999960 0.00000000099999999960 0.00000000099999999960 
0.00000000099999999938 0.44348467798038432308 0.00000000099999999938 0.55651531701961554077 0.00000000099999999938 0.00000000099999999938 0.00000000099999999938 
0.00000000099999999943 0.42470189791969009674 0.00000000099999999943 0.57529809708030987814 0.00000000099999999943 0.00000000099999999943 0.00000000099999999943 
0.00000000099999999962 0.43564055417561697858 0.00000000099999999962 0.56435944082438294078 0.00000000099999999962 0.00000000099999999962 0.00000000099999999962 
0.00000000099999999963 0.45495959254414952699 0.00000000099999999963 0.54457995812829074200 0.00000000099999999963 0.00046044532755971576 0.00000000099999999963 
0.00000000099999999934 0.44059814485044990207 0.00000000099999999934 0.55940185014955001730 0.00000000099999999934 0.00000000099999999934 0.00000000099999999934 
0.00000000099999999964 0.42621833118966201415 0.00000000099999999964 0.57378166381033790522 0.00000000099999999964 0.00000000099999999964 0.00000000099999999964 
0.00000000099999999928 0.46828223200055552056 0.00000000099999999928 0.53171776299944450983 0.00000000099999999928 0.00000000099999999928 0.00000000099999999928 
0.00000000099999999981 0.49198867715184718685 0.00000000099999999981 0.50801131784815267700 0.00000000099999999981 0.00000000099999999981 0.00000000099999999981 
0.00000000099999999967 0.46237751454638936766 0.00000000099999999967 0.53596232166099899707 0.00000000099999999967 0.00166015979261162371 0.00000000099999999967 
0.00000000099999999985 0.47740735467874317877 0.00000000099999999985 0.52164325430936064887 0.00094938701189620353 0.00000000099999999985 0.00000000099999999985 
0.00000000099999999962 0.43207331911839458316 0.00000000099999999962 0.56792667588160539172 0.00000000099999999962 0.00000000099999999962 0.00000000099999999962 
0.00000000099999999978 0.49944510192109403679 0.00000000099999999978 0.50055489307890588258 0.00000000099999999978 0.00000000099999999978 0.00000000099999999978 
0.00605212468185380246 0.38490666550102686783 0.00000000099999999998 0.60569279597539860127 0.00000000099999999998 0.00334841084172064459 0.00000000099999999998 
0.00473839575197635386 0.43780925475609738795 0.00000000099999999995 0.55650090517575567794 0.00000000099999999995 0.00095144131617057347 0.00000000099999999995 
0.00355112841776146710 0.44623622579090643780 0.00000001971356433089 0.54922826554839765389 0.00000000099999999997 0.00098435852937004396 0.00000000099999999997 
0.00188304451572451968 0.46088970788166694348 0.00000000099999999995 0.53722724360260853960 0.00000000099999999995 0.00000000099999999995 0.00000000099999999995 
0.00190156231654495895 0.46772551220060737398 0.00000000099999999994 0.52733559446616717903 0.00000000099999999994 0.00303732801668052518 0.00000000099999999994 
0.00292678380882803067 0.42558370361378211610 0.00000000099999999991 0.56937300431198800688 0.00000000099999999991 0.00211650526540176510 0.00000000099999999991 
0.00000000099999999944 0.00948300623536834329 0.00000000099999999944 0.99051698876463156740 0.00000000099999999944 0.00000000099999999944 0.00000000099999999944 
0.00000000099999999939 0.00000000099999999939 0.00000000099999999939 0.99999999399999994765 0.00000000099999999939 0.00000000099999999939 0.00000000099999999939 
0.00000000099999999967 0.00705028778415468273 0.00000000099999999967 0.99294970721584541185 0.00000000099999999967 0.00000000099999999967 0.00000000099999999967 
0.00000000099999999990 0.00000000099999999990 0.00000000099999999990 0.99999999400000005867 0.00000000099999999990 0.00000000099999999990 0.00000000099999999990 
0.00000000099999999934 0.00000000099999999934 0.00000000099999999934 0.99999999399999994765 0.00000000099999999934 0.00000000099999999934 0.00000000099999999934 
0.00000000099999999945 0.00000000099999999945 0.00000000099999999945 0.99999999399999994765 0.00000000099999999945 0.00000000099999999945 0.00000000099999999945 
0.00000000099999999957 0.00143039518803891939 0.00000000099999999957 0.99856959981196113940 0.00000000099999999957 0.00000000099999999957 0.00000000099999999957 
0.00000000099999999954 0.00595441478822932892 0.00000000099999999954 0.99404558021177058524 0.00000000099999999954 0.00000000099999999954 0.00000000099999999954 
0.00000000099999999942 0.00165353653814886699 0.00000000099999999942 0.99834645846185110507 0.00000000099999999942 0.00000000099999999942 0.00000000099999999942 
0.00000000099999999979 0.00000000099999999979 0.00000000099999999979 0.99909108840037796906 0.00000000099999999979 0.00090890659962199378 0.00000000099999999979 
0.00000000099999999944 0.00000000099999999944 0.00000000099999999944 0.99999999399999994765 0.00000000099999999944 0.00000000099999999944 0.00000000099999999944 
0.00000000099999999930 0.00374226701205039808 0.00000000099999999930 0.99625772798794953733 0.00000000099999999930 0.00000000099999999930 0.00000000099999999930 
0.00000000099999999942 0.00000000099999999942 0.00000000099999999942 0.99999999399999994765 0.00000000099999999942 0.00000000099999999942 0.00000000099999999942 
0.00000000099999999946 0.00137095759564270997 0.00000000099999999946 0.99862903740435726707 0.00000000099999999946 0.00000000099999999946 0.00000000099999999946 
0.00000000099999999966 0.00000000099999999966 0.00000000099999999966 0.99871495343713434512 0.00000000099999999966 0.00128504156286553240 0.00000000099999999966 
0.00000000099999999951 0.03005216059179812230 0.00000000099999999951 0.96994783440820186993 0.00000000099999999951 0.00000000099999999951 0.00000000099999999951 
0.00000000099999999960 0.00284059233010105008 0.00000000099999999960 0.99715940266989899765 0.00000000099999999960 0.00000000099999999960 0.00000000099999999960 
0.00000000099999999918 0.00000000099999999918 0.00000000099999999918 0.99999999399999994765 0.00000000099999999918 0.00000000099999999918 0.00000000099999999918 
0.00000000099999999998 0.01153387638650765247 0.00000000099999999998 0.98578864369921992417 0.00083574659794387893 0.00045691545399590192 0.00138481586233250202 
0.00000000099999999984 0.05089408360853379248 0.00000000099999999984 0.94629111827718892513 0.00281479411427716913 0.00000000099999999984 0.00000000099999999984 
0.00000000099999999980 0.00000000099999999980 0.00000000099999999980 0.99999999399999994765 0.00000000099999999980 0.00000000099999999980 0.00000000099999999980 
0.00000000099999999997 0.05181684504049297729 0.00141801467578518388 0.93949996743871866389 0.00144679620512037682 0.00328816209669639814 0.00253021354318654730 
0.00000000099999999977 0.06516185423992057468 0.00000000099999999977 0.93106098045378737904 0.00377716130629199374 0.00000000099999999977 0.00000000099999999977 
0.00000000099999999993 0.06321239788873818377 0.00000000099999999993 0.93318640572917632703 0.00083846914162311308 0.00000000099999999993 0.00276272424046230701 
0.00132995997952007044 0.01149586835348473911 0.00000000099999999991 0.98694073476697119496 0.00000000099999999991 0.00023343390002395902 0.00000000099999999991 
0.00000000099999999979 0.05983955158483211800 0.00000000099999999979 0.93490680148884475198 0.00525364292632324054 0.00000000099999999979 0.00000000099999999979 
0.00232131561087039464 0.03743437184885563956 0.00000000099999999995 0.96024430854027398308 0.00000000099999999995 0.00000000099999999995 0.00000000099999999995 
0.00000000099999999984 0.02921799228923926961 0.00000000099999999984 0.96828333385577325387 0.00249866985498759095 0.00000000099999999984 0.00000000099999999984 
0.00000000099999999975 0.02373140099715520188 0.00000000099999999975 0.97416929787937889262 0.00209929712346600258 0.00000000099999999975 0.00000000099999999975 
0.00000000099999999976 0.05923106574148432474 0.00000000099999999976 0.94076892925851562932 0.00000000099999999976 0.00000000099999999976 0.00000000099999999976 
0.00000000099999999966 0.03794751266135952539 0.00000000099999999966 0.95797348626807721228 0.00407899707056326964 0.00000000099999999966 0.00000000099999999966 
0.00298257398107071520 0.03936908104334169156 0.00000000099999999997 0.95580671713251807997 0.00076015895809369610 0.00108146688497564626 0.00000000099999999997 
0.00081743541233233953 0.05581605739100630598 0.00000000099999999998 0.93758576259455173041 0.00139413954388319019 0.00000000099999999998 0.00438660305822663986 
0.00017358777992048028 0.02113136895110374544 0.00000000099999999991 0.97869503926897571944 0.00000000099999999991 0.00000000099999999991 0.00000000099999999991 
0.00000000099999999971 0.05982358584804807478 0.00000000099999999971 0.94017640915195188622 0.00000000099999999971 0.00000000099999999971 0.00000000099999999971 
0.00000000099999999956 0.07770266841721501505 0.00000000099999999956 0.92229732658278495983 0.00000000099999999956 0.00000000099999999956 0.00000000099999999956 
0.00072728095264055917 0.04424764287416820679 0.00000000099999999993 0.95502507217319132504 0.00000000099999999993 0.00000000099999999993 0.00000000099999999993 
0.00000000099999999997 0.07576036720240579558 0.00000000099999999997 0.91303052902626058440 0.01120909977133361345 0.00000000099999999997 0.00000000099999999997 
0.00292493715587344855 0.11964801488959549147 0.00000000100000000000 0.87699500790274553808 0.00000000100000000000 0.00043203705178555758 0.00000000100000000000 
0.00000000099999999999 0.14421691615516618601 0.00000000099999999999 0.82779824173006011367 0.02798483811477369895 0.00000000099999999999 0.00000000099999999999 
0.00000000099999999961 0.05994254878237301187 0.00000000099999999961 0.93407156782506894910 0.00000000099999999961 0.00598587939255813915 0.00000000099999999961 
0.00000000099999999998 0.10423102917729068495 0.00000000099999999998 0.87690711286105427202 0.01886185396165515615 0.00000000099999999998 0.00000000099999999998 
0.00000000099999999998 0.22708727584354909679 0.00282974027064083729 0.77008297988580998172 0.00000000099999999998 0.00000000099999999998 0.00000000099999999998 
0.00000000099999999989 0.00647326117766231467 0.00000000099999999989 0.99286447223143214913 0.00000000099999999989 0.00066226259090554416 0.00000000099999999989 
0.00000000099999999999 0.00025556040824099651 0.00000000099999999999 0.98858700612931238449 0.00689072086246234668 0.00426670959998424852 0.00000000099999999999 
0.00000000099999999982 0.03526811388103347905 0.00000000099999999982 0.94892233897657041197 0.00000000099999999982 0.01580954314239604863 0.00000000099999999982 
0.00000000099999999990 0.01908445315055493433 0.00000000099999999990 0.97918134493724418022 0.00000000099999999990 0.00173419791220078153 0.00000000099999999990 
0.00000000099999999961 0.01690905263965847283 0.00000000099999999961 0.97481928468390832698 0.00000000099999999961 0.00827165867643318148 0.00000000099999999961 
0.00000000099999999992 0.02207062763751108797 0.00000000099999999992 0.97575628284701021453 0.00000000099999999992 0.00217308551547868616 0.00000000099999999992 
0.00000000099999999931 0.03898472761950796256 0.00000000099999999931 0.96101526738049214416 0.00000000099999999931 0.00000000099999999931 0.00000000099999999931 
0.00000000099999999957 0.00628079986341435487 0.00000000099999999957 0.99371919513658568679 0.00000000099999999957 0.00000000099999999957 0.00000000099999999957 
0.00239286472755511140 0.24477088062287888359 0.00000000099999999977 0.75283625064956594120 0.00000000099999999977 0.00000000099999999977 0.00000000099999999977 
0.00000000099999999982 0.22114396722406987061 0.00000000099999999982 0.77745427735339844855 0.00000000099999999982 0.00140175142253155306 0.00000000099999999982 
0.21612980151794741746 0.10717916923387482697 0.00000000099999999993 0.55319233401246248327 0.00000000099999999993 0.00000000099999999993 0.12349869223571544041 
0.00430909671721785292 0.27216056747008970929 0.00000000099999999989 0.71975219407954449391 0.00000000099999999989 0.00377813873314802266 0.00000000099999999989 
0.00424073332389673929 0.24449753692636030933 0.00000000099999999994 0.74818213258112509223 0.00000000099999999994 0.00307959416861789629 0.00000000099999999994 
0.35258900902258460963 0.10272335723215926528 0.00000000099999999990 0.51380901558915748062 0.00000000099999999990 0.00000000099999999990 0.03087861515609859747 
0.28807723104982962958 0.16121859360698284624 0.00000000099999999990 0.53661782150780834577 0.00000000099999999990 0.00000000099999999990 0.01408635083537911233 
0.29869998101444195093 0.09744034092667532010 0.00000000099999999987 0.59388020025576371275 0.00000000099999999987 0.00000000099999999987 0.00997947480311884606 
0.27710043907573728150 0.11806401201718252914 0.00000000099999999989 0.59466821737137409709 0.00000000099999999989 0.00000000099999999989 0.01016732853570627600 
0.14875985097551472358 0.15568317554871222153 0.00000000099999999992 0.58257364263357236389 0.00000000099999999992 0.00000000559893252036 0.11298332324326827714 
0.00000000099999999983 0.24168819860016774181 0.00000000099999999983 0.75831179639983226082 0.00000000099999999983 0.00000000099999999983 0.00000000099999999983 
0.13382031698255861252 0.10554321387152848510 0.00000000099999999992 0.58382053057523553008 0.00000000099999999992 0.00000000099999999992 0.17681593557067748490 
0.00873961079213197468 0.22493749370003793264 0.00000000099999999987 0.76087307376693225081 0.00000000099999999987 0.00544981874089791977 0.00000000099999999987 
0.37792809619816580824 0.12358054205475166309 0.00000000099999999984 0.49849135774708253077 0.00000000099999999984 0.00000000099999999984 0.00000000099999999984 
0.00000000099999999969 0.25742662479919747875 0.00000000099999999969 0.73987133395998450069 0.00000000099999999969 0.00270203724081810766 0.00000000099999999969 
0.00000000099999999967 0.26939970982391486798 0.00000000099999999967 0.73060028517608510690 0.00000000099999999967 0.00000000099999999967 0.00000000099999999967 
0.11919520210236941860 0.14056315454368040196 0.00000000099999999994 0.53043210772893989446 0.00000000099999999994 0.00684301940063313744 0.20296651422437708701 
0.00100142054087243890 0.22046774644515254593 0.00000000099999999972 0.77853082901397507865 0.00000000099999999972 0.00000000099999999972 0.00000000099999999972 
0.00377734849550152851 0.25157834916605198439 0.00000000099999999982 0.74464429833844647533 0.00000000099999999982 0.00000000099999999982 0.00000000099999999982 
0.00000000099999999998 0.12156712748414655323 0.00000000099999999998 0.87264222780407252333 0.00579064071178097151 0.00000000099999999998 0.00000000099999999998 
0.00000000099999999999 0.03664619521579960681 0.00000000099999999999 0.87912626828886664132 0.08422753249533365683 0.00000000099999999999 0.00000000099999999999 
0.00000000099999999992 0.06931596650609776755 0.00000000099999999992 0.92448655135406176964 0.00619747813984043369 0.00000000099999999992 0.00000000099999999992 
0.00000000099999999990 0.00393544755693765302 0.00000000099999999990 0.99346958548136432565 0.00259496296169812925 0.00000000099999999990 0.00000000099999999990 
0.00000000099999999995 0.05856596275068395863 0.00000000099999999995 0.91508710315887709097 0.00000000099999999995 0.00000000099999999995 0.02634693009043897333 
0.00000000099999999945 0.00000000099999999945 0.00000000099999999945 0.99999999399999994765 0.00000000099999999945 0.00000000099999999945 0.00000000099999999945 
0.00000000099999999954 0.00000000099999999954 0.00000000099999999954 0.99999999400000005867 0.00000000099999999954 0.00000000099999999954 0.00000000099999999954 
0.03487921463300392572 0.00000000099999999998 0.00000000099999999998 0.85282698653642885489 0.00000000099999999998 0.00352257441726396264 0.10877122141330332339 
0.00049016996567430716 0.00000000099999999989 0.00000000099999999989 0.99950982503432583837 0.00000000099999999989 0.00000000099999999989 0.00000000099999999989 
0.00000000099999999983 0.00000000099999999983 0.00000000099999999983 0.99999999399999994765 0.00000000099999999983 0.00000000099999999983 0.00000000099999999983 
0.00000000099999999890 0.00000000099999999890 0.00000000099999999890 0.99999999399999983662 0.00000000099999999890 0.00000000099999999890 0.00000000099999999890 
0.00000000099999999923 0.00058712366894468236 0.00000000099999999923 0.99941287133105538576 0.00000000099999999923 0.00000000099999999923 0.00000000099999999923 
0.00000000099999999927 0.00114564309452458912 0.00000000099999999927 0.99885435190547544604 0.00000000099999999927 0.00000000099999999927 0.00000000099999999927 
0.00000000099999999927 0.00000000099999999927 0.00000000099999999927 0.99999999400000005867 0.00000000099999999927 0.00000000099999999927 0.00000000099999999927 
0.00000000099999999909 0.00000000099999999909 0.00000000099999999909 0.99999999399999994765 0.00000000099999999909 0.00000000099999999909 0.00000000099999999909 
0.00000000099999999946 0.00827640758028254375 0.00000000099999999946 0.99172358741971744500 0.00000000099999999946 0.00000000099999999946 0.00000000099999999946 
0.00000000099999999970 0.00300043737016323286 0.00000000099999999970 0.99699955762983683005 0.00000000099999999970 0.00000000099999999970 0.00000000099999999970 
0.00000000099999999937 0.00000000099999999937 0.00000000099999999937 0.99999999399999994765 0.00000000099999999937 0.00000000099999999937 0.00000000099999999937 
0.00773282159387671513 0.00000000099999999990 0.00000000099999999990 0.99226717340612324847 0.00000000099999999990 0.00000000099999999990 0.00000000099999999990 
0.00000000099999999976 0.03285250701533016376 0.00000000099999999976 0.96679359843657319828 0.00000000099999999976 0.00035389054809660780 0.00000000099999999976 
0.00000000099999999959 0.00646294161729051627 0.00000000099999999959 0.99353705338270947856 0.00000000099999999959 0.00000000099999999959 0.00000000099999999959 
0.00000000099999999980 0.00633463361921829393 0.00119202073721490220 0.99247334164356670883 0.00000000099999999980 0.00000000099999999980 0.00000000099999999980 
0.00000000099999999924 0.00000000099999999924 0.00000000099999999924 0.99999999400000005867 0.00000000099999999924 0.00000000099999999924 0.00000000099999999924 
0.00000000099999999954 0.00000000099999999954 0.00000000099999999954 0.99999999400000005867 0.00000000099999999954 0.00000000099999999954 0.00000000099999999954 
0.00000000099999999977 0.00699530206887322061 0.00138830800383092754 0.99161638592729595132 0.00000000099999999977 0.00000000099999999977 0.00000000099999999977 
0.00586676187955181231 0.03877469549436630969 0.00000000099999999992 0.95535853862608188791 0.00000000099999999992 0.00000000099999999992 0.00000000099999999992 
0.00000000099999999960 0.00945294433809650350 0.00000000099999999960 0.99054705066190362750 0.00000000099999999960 0.00000000099999999960 0.00000000099999999960 
0.00000000099999999952 0.00649116572411525226 0.00000000099999999952 0.99350882927588490823 0.00000000099999999952 0.00000000099999999952 0.00000000099999999952 
0.00000000099999999914 0.00000000099999999914 0.00000000099999999914 0.99999999400000005867 0.00000000099999999914 0.00000000099999999914 0.00000000099999999914 
0.00000000099999999950 0.00446197468722670139 0.00000000099999999950 0.99553802031277327522 0.00000000099999999950 0.00000000099999999950 0.00000000099999999950 
0.00000000099999999952 0.02339082003472669688 0.00000000099999999952 0.97660917496527333004 0.00000000099999999952 0.00000000099999999952 0.00000000099999999952 
0.00000000099999999964 0.00705610738053713635 0.00000000099999999964 0.99294388761946295041 0.00000000099999999964 0.00000000099999999964 0.00000000099999999964 
0.00000000099999999994 0.07673550229336309481 0.00000000099999999994 0.92118652920135901674 0.00000000099999999994 0.00207796450527778474 0.00000000099999999994 
0.00000000099999999995 0.01162992948255669144 0.00000000099999999995 0.98662043232751339694 0.00012977288132697232 0.00161986230860297490 0.00000000099999999995 
0.00000000099999999977 0.00000000099999999977 0.00000000099999999977 0.99999626319607481939 0.00000000099999999977 0.00000373180392513363 0.00000000099999999977 
0.00080111118599717520 0.05150013761818406088 0.00000000099999999988 0.94769874719581870259 0.00000000099999999988 0.00000000099999999988 0.00000000099999999988 
0.00000000099999999974 0.00000000099999999974 0.00000000099999999974 0.99769181053443611873 0.00061821727076462839 0.00168996819479914602 0.00000000099999999974 
0.00482731063439547324 0.00000000099999999993 0.00000000099999999993 0.99309865460897372991 0.00000000099999999993 0.00207403075663090694 0.00000000099999999993 
0.00000000099999999990 0.00000000099999999990 0.00000000099999999990 0.99787250250435854948 0.00000000099999999990 0.00000000099999999990 0.00212749249564135557 
0.00000000099999999986 0.00723650853483235462 0.00000000099999999986 0.97527613568589621718 0.01404523066629080781 0.00344212211298074991 0.00000000099999999986 
0.00775849074497385674 0.00000000137901327368 0.00000000099999999986 0.99224150387601295353 0.00000000099999999986 0.00000000099999999986 0.00000000099999999986 
0.00000000099999999977 0.00000000099999999977 0.00000000099999999977 0.99473321863161723311 0.00526677636838272008 0.00000000099999999977 0.00000000099999999977 
0.00000000099999999970 0.01023251680185588430 0.00000000099999999970 0.98976747819814403506 0.00000000099999999970 0.00000000099999999970 0.00000000099999999970 
0.00000000099999999978 0.00459552558169496004 0.00000000099999999978 0.99540446941830507122 0.00000000099999999978 0.00000000099999999978 0.00000000099999999978 
0.00000000099999999964 0.03120989780185705331 0.00000000099999999964 0.96879009719814290769 0.00000000099999999964 0.00000000099999999964 0.00000000099999999964 
0.00213771884677717294 0.00085623345957843724 0.00000000099999999995 0.99412089843285755819 0.00000001814070383893 0.00288512912008297455 0.00000000099999999995 
0.00000000099999999951 0.00000000099999999951 0.00000000099999999951 0.99999999400000005867 0.00000000099999999951 0.00000000099999999951 0.00000000099999999951 
0.00000000099999999995 0.00006194602506712425 0.00220424697008077394 0.99409193332256973186 0.00150999769990861946 0.00213187398237373558 0.00000000099999999995 
0.00000000099999999994 0.13814346694178103458 0.00000000099999999994 0.85898339059548911578 0.00000000099999999994 0.00287313846272981921 0.00000000099999999994 
0.00000000099999999966 0.06965260172398859972 0.00000000099999999966 0.93034739327601145842 0.00000000099999999966 0.00000000099999999966 0.00000000099999999966 
0.00000000099999999990 0.00021529589838725790 0.00000000099999999990 0.99642043099894905822 0.00336426910266364541 0.00000000099999999990 0.00000000099999999990 
0.00000000099999999990 0.00000000099999999990 0.00000000099999999990 0.99999999400000005867 0.00000000099999999990 0.00000000099999999990 0.00000000099999999990 
0.00000000099999999992 0.00000000099999999992 0.00000000099999999992 0.99726127426630462036 0.00000000099999999992 0.00273872073369541653 0.00000000099999999992 
