0.00000000099999999795 0.00000000099999999795 0.00000000099999999795 0.00000000099999999795 0.99999999099999992147 0.00000000099999999795 0.00000000099999999795 0.00000000099999999795 0.00000000099999999795 0.00000000099999999795 
0.00000000099999999806 0.00000000099999999806 0.00000000099999999806 0.00000000099999999806 0.99999999099999992147 0.00000000099999999806 0.00000000099999999806 0.00000000099999999806 0.00000000099999999806 0.00000000099999999806 
0.00000000099999999800 0.00000000099999999800 0.00000000099999999800 0.00000000099999999800 0.99999999099999992147 0.00000000099999999800 0.00000000099999999800 0.00000000099999999800 0.00000000099999999800 0.00000000099999999800 
0.00000000099999999804 0.00000000099999999804 0.00000000099999999804 0.00000000099999999804 0.99999999100000003249 0.00000000099999999804 0.00000000099999999804 0.00000000099999999804 0.00000000099999999804 0.00000000099999999804 
0.00000000099999999811 0.00000000099999999811 0.00000000099999999811 0.00000000099999999811 0.99999999100000003249 0.00000000099999999811 0.00000000099999999811 0.00000000099999999811 0.00000000099999999811 0.00000000099999999811 
0.00000000099999999811 0.00000000099999999811 0.00000000099999999811 0.00000000099999999811 0.99999999099999992147 0.00000000099999999811 0.00000000099999999811 0.00000000099999999811 0.00000000099999999811 0.00000000099999999811 
0.00000000099999999800 0.00000000099999999800 0.00000000099999999800 0.00000000099999999800 0.99999999099999981045 0.00000000099999999800 0.00000000099999999800 0.00000000099999999800 0.00000000099999999800 0.00000000099999999800 
0.00000000099999999818 0.00000000099999999818 0.00000000099999999818 0.00000000099999999818 0.99999999100000003249 0.00000000099999999818 0.00000000099999999818 0.00000000099999999818 0.00000000099999999818 0.00000000099999999818 
0.00000000099999999805 0.00000000099999999805 0.00000000099999999805 0.00000000099999999805 0.99999999100000003249 0.00000000099999999805 0.00000000099999999805 0.00000000099999999805 0.00000000099999999805 0.00000000099999999805 
0.00000000099999999815 0.00000000099999999815 0.00000000099999999815 0.00000000099999999815 0.99999999100000003249 0.00000000099999999815 0.00000000099999999815 0.00000000099999999815 0.00000000099999999815 0.00000000099999999815 
0.00000000099999999810 0.00000000099999999810 0.00000000099999999810 0.00000000099999999810 0.99999999099999992147 0.00000000099999999810 0.00000000099999999810 0.00000000099999999810 0.00000000099999999810 0.00000000099999999810 
0.00000000099999999845 0.00000000099999999845 0.00000000099999999845 0.00000000099999999845 0.99999999099999992147 0.00000000099999999845 0.00000000099999999845 0.00000000099999999845 0.00000000099999999845 0.00000000099999999845 
0.00000000099999999810 0.00000000099999999810 0.00000000099999999810 0.00000000099999999810 0.99999999100000003249 0.00000000099999999810 0.00000000099999999810 0.00000000099999999810 0.00000000099999999810 0.00000000099999999810 
0.00000000099999999804 0.00000000099999999804 0.00000000099999999804 0.00000000099999999804 0.99999999099999992147 0.00000000099999999804 0.00000000099999999804 0.00000000099999999804 0.00000000099999999804 0.00000000099999999804 
0.00000000099999999808 0.00000000099999999808 0.00000000099999999808 0.00000000099999999808 0.99999999099999992147 0.00000000099999999808 0.00000000099999999808 0.00000000099999999808 0.00000000099999999808 0.00000000099999999808 
0.00000000099999999807 0.00000000099999999807 0.00000000099999999807 0.00000000099999999807 0.99999999099999992147 0.00000000099999999807 0.00000000099999999807 0.00000000099999999807 0.00000000099999999807 0.00000000099999999807 
0.00000000099999999806 0.00000000099999999806 0.00000000099999999806 0.00000000099999999806 0.99999999100000003249 0.00000000099999999806 0.00000000099999999806 0.00000000099999999806 0.00000000099999999806 0.00000000099999999806 
0.00000000099999999820 0.00000000099999999820 0.00000000099999999820 0.00000000099999999820 0.99999999100000003249 0.00000000099999999820 0.00000000099999999820 0.00000000099999999820 0.00000000099999999820 0.00000000099999999820 
0.00000000099999999824 0.00000000099999999824 0.00000000099999999824 0.00000000099999999824 0.99999999099999992147 0.00000000099999999824 0.00000000099999999824 0.00000000099999999824 0.00000000099999999824 0.00000000099999999824 
0.00000000099999999821 0.00000000099999999821 0.00000000099999999821 0.00000000099999999821 0.99999999100000003249 0.00000000099999999821 0.00000000099999999821 0.00000000099999999821 0.00000000099999999821 0.00000000099999999821 
0.00000000099999999811 0.00000000099999999811 0.00000000099999999811 0.00000000099999999811 0.99999999099999992147 0.00000000099999999811 0.00000000099999999811 0.00000000099999999811 0.00000000099999999811 0.00000000099999999811 
0.00000000099999999815 0.00000000099999999815 0.00000000099999999815 0.00000000099999999815 0.99999999099999992147 0.00000000099999999815 0.00000000099999999815 0.00000000099999999815 0.00000000099999999815 0.00000000099999999815 
0.00000000099999999813 0.00000000099999999813 0.00000000099999999813 0.00000000099999999813 0.99999999099999992147 0.00000000099999999813 0.00000000099999999813 0.00000000099999999813 0.00000000099999999813 0.00000000099999999813 
0.00000000099999999816 0.00000000099999999816 0.00000000099999999816 0.00000000099999999816 0.99999999100000003249 0.00000000099999999816 0.00000000099999999816 0.00000000099999999816 0.00000000099999999816 0.00000000099999999816 
0.00000000099999999867 0.00000000099999999867 0.00000000099999999867 0.00000000099999999867 0.99999999100000003249 0.00000000099999999867 0.00000000099999999867 0.00000000099999999867 0.00000000099999999867 0.00000000099999999867 
0.00000000099999999813 0.00000000099999999813 0.00000000099999999813 0.00000000099999999813 0.99999999100000003249 0.00000000099999999813 0.00000000099999999813 0.00000000099999999813 0.00000000099999999813 0.00000000099999999813 
0.00000000099999999818 0.00000000099999999818 0.00000000099999999818 0.00000000099999999818 0.99999999100000003249 0.00000000099999999818 0.00000000099999999818 0.00000000099999999818 0.00000000099999999818 0.00000000099999999818 
0.00000000099999999822 0.00000000099999999822 0.00000000099999999822 0.00000000099999999822 0.99999999099999992147 0.00000000099999999822 0.00000000099999999822 0.00000000099999999822 0.00000000099999999822 0.00000000099999999822 
0.00000000099999999824 0.00000000099999999824 0.00000000099999999824 0.00000000099999999824 0.99999999100000003249 0.00000000099999999824 0.00000000099999999824 0.00000000099999999824 0.00000000099999999824 0.00000000099999999824 
0.00000000099999999818 0.00000000099999999818 0.00000000099999999818 0.00000000099999999818 0.99999999099999992147 0.00000000099999999818 0.00000000099999999818 0.00000000099999999818 0.00000000099999999818 0.00000000099999999818 
0.00000000099999999845 0.00000000099999999845 0.00000000099999999845 0.00000000099999999845 0.99999999100000003249 0.00000000099999999845 0.00000000099999999845 0.00000000099999999845 0.00000000099999999845 0.00000000099999999845 
0.00000000099999999874 0.00000000099999999874 0.00000000099999999874 0.00000000099999999874 0.99999999100000003249 0.00000000099999999874 0.00000000099999999874 0.00000000099999999874 0.00000000099999999874 0.00000000099999999874 
0.00000000099999999838 0.00000000099999999838 0.00000000099999999838 0.00000000099999999838 0.99999999100000003249 0.00000000099999999838 0.00000000099999999838 0.00000000099999999838 0.00000000099999999838 0.00000000099999999838 
0.00000000099999999861 0.00000000099999999861 0.00000000099999999861 0.00000000099999999861 0.99999999099999992147 0.00000000099999999861 0.00000000099999999861 0.00000000099999999861 0.00000000099999999861 0.00000000099999999861 
0.00000000099999999837 0.00000000099999999837 0.00000000099999999837 0.00000000099999999837 0.99999999100000003249 0.00000000099999999837 0.00000000099999999837 0.00000000099999999837 0.00000000099999999837 0.00000000099999999837 
0.00000000099999999852 0.00000000099999999852 0.00000000099999999852 0.00000000099999999852 0.99999999099999992147 0.00000000099999999852 0.00000000099999999852 0.00000000099999999852 0.00000000099999999852 0.00000000099999999852 
0.00000000099999999842 0.00000000099999999842 0.00000000099999999842 0.00000000099999999842 0.99999999099999992147 0.00000000099999999842 0.00000000099999999842 0.00000000099999999842 0.00000000099999999842 0.00000000099999999842 
0.00000000099999999843 0.00000000099999999843 0.00000000099999999843 0.00000000099999999843 0.99999999099999992147 0.00000000099999999843 0.00000000099999999843 0.00000000099999999843 0.00000000099999999843 0.00000000099999999843 
0.00000000099999999848 0.00000000099999999848 0.00000000099999999848 0.00000000099999999848 0.99999999100000003249 0.00000000099999999848 0.00000000099999999848 0.00000000099999999848 0.00000000099999999848 0.00000000099999999848 
0.00000000099999999877 0.00000000099999999877 0.00000000099999999877 0.00000000099999999877 0.99999999099999992147 0.00000000099999999877 0.00000000099999999877 0.00000000099999999877 0.00000000099999999877 0.00000000099999999877 
0.00000000099999999838 0.00000000099999999838 0.00000000099999999838 0.00000000099999999838 0.99999999099999992147 0.00000000099999999838 0.00000000099999999838 0.00000000099999999838 0.00000000099999999838 0.00000000099999999838 
0.00000000099999999858 0.00000000099999999858 0.00000000099999999858 0.00000000099999999858 0.99999999099999992147 0.00000000099999999858 0.00000000099999999858 0.00000000099999999858 0.00000000099999999858 0.00000000099999999858 
0.00000000099999999845 0.00000000099999999845 0.00000000099999999845 0.00000000099999999845 0.99999999099999992147 0.00000000099999999845 0.00000000099999999845 0.00000000099999999845 0.00000000099999999845 0.00000000099999999845 
0.00000000099999999841 0.00000000099999999841 0.00000000099999999841 0.00000000099999999841 0.99999999099999992147 0.00000000099999999841 0.00000000099999999841 0.00000000099999999841 0.00000000099999999841 0.00000000099999999841 
0.00000000099999999859 0.00000000099999999859 0.00000000099999999859 0.00000000099999999859 0.99999999099999992147 0.00000000099999999859 0.00000000099999999859 0.00000000099999999859 0.00000000099999999859 0.00000000099999999859 
0.00000000099999999847 0.00000000099999999847 0.00000000099999999847 0.00000000099999999847 0.99999999100000003249 0.00000000099999999847 0.00000000099999999847 0.00000000099999999847 0.00000000099999999847 0.00000000099999999847 
0.00000000099999999852 0.00000000099999999852 0.00000000099999999852 0.00000000099999999852 0.99999999099999992147 0.00000000099999999852 0.00000000099999999852 0.00000000099999999852 0.00000000099999999852 0.00000000099999999852 
0.00000000099999999885 0.00000000099999999885 0.00000000099999999885 0.00000000099999999885 0.99999999100000003249 0.00000000099999999885 0.00000000099999999885 0.00000000099999999885 0.00000000099999999885 0.00000000099999999885 
0.00000000099999999887 0.00000000099999999887 0.00000000099999999887 0.00000000099999999887 0.99999999099999992147 0.00000000099999999887 0.00000000099999999887 0.00000000099999999887 0.00000000099999999887 0.00000000099999999887 
0.00000000099999999903 0.00000000099999999903 0.00000000099999999903 0.00000000099999999903 0.99999999100000003249 0.00000000099999999903 0.00000000099999999903 0.00000000099999999903 0.00000000099999999903 0.00000000099999999903 
0.00000000099999999943 0.00000000099999999943 0.00000000099999999943 0.00000000099999999943 0.99999999100000014352 0.00000000099999999943 0.00000000099999999943 0.00000000099999999943 0.00000000099999999943 0.00000000099999999943 
0.00000000099999999910 0.00000000099999999910 0.00000000099999999910 0.10765379117157324040 0.00000000099999999910 0.00000000099999999910 0.89234620082842686095 0.00000000099999999910 0.00000000099999999910 0.00000000099999999910 
0.00000000099999999895 0.00000000099999999895 0.00000000099999999895 0.16100534997834181627 0.00000000099999999895 0.00000000099999999895 0.83899464202165818794 0.00000000099999999895 0.00000000099999999895 0.00000000099999999895 
0.00000000099999999935 0.00000000099999999935 0.00000000099999999935 0.16205806777072304103 0.00000000099999999935 0.00000000099999999935 0.83794192422927704644 0.00000000099999999935 0.00000000099999999935 0.00000000099999999935 
0.00000000099999999868 0.00000000099999999868 0.00000000099999999868 0.11928291697377860214 0.00000000099999999868 0.00000000099999999868 0.86991801842469818062 0.00000000099999999868 0.01079905760152309081 0.00000000099999999868 
0.00000000099999999878 0.00000000099999999878 0.00000000099999999878 0.08555132472395148013 0.00000000099999999878 0.00000000099999999878 0.90575355287722736364 0.00000000099999999878 0.00869511539882106103 0.00000000099999999878 
0.00000000099999999860 0.00000000099999999860 0.00000000099999999860 0.12342805340609669384 0.00000000099999999860 0.00000000099999999860 0.87657193848606307363 0.00000000099999999860 0.00000000110784019314 0.00000000099999999860 
0.00000000099999999908 0.00000000099999999908 0.00000000099999999908 0.11832895012993896455 0.00000000099999999908 0.00000000099999999908 0.86596325987221589582 0.00000000099999999908 0.01570778299784514331 0.00000000099999999908 
0.00000000099999999870 0.00000000099999999870 0.00000000099999999870 0.10758768492301781783 0.00000000099999999870 0.00000000099999999870 0.89241230707698204760 0.00000000099999999870 0.00000000099999999870 0.00000000099999999870 
0.00000000099999999899 0.00000000099999999899 0.00000000099999999899 0.13231409824158874011 0.00000000099999999899 0.00000000099999999899 0.85842542988153169858 0.00000000099999999899 0.00926046487687962744 0.00000000099999999899 
0.00588156833493673481 0.00000000099999999974 0.00000000099999999974 0.10025903299555717629 0.00000000099999999974 0.00000000099999999974 0.89385939166950612034 0.00000000099999999974 0.00000000099999999974 0.00000000099999999974 
0.00000000099999999880 0.00000000099999999880 0.00000000099999999880 0.11478700785767095849 0.00000000099999999880 0.00000000099999999880 0.88521298414232896246 0.00000000099999999880 0.00000000099999999880 0.00000000099999999880 
0.00000000099999999879 0.00000000099999999879 0.00000000099999999879 0.13664437814320412601 0.00000000099999999879 0.00000000099999999879 0.86269410238616162090 0.00000000099999999879 0.00066151247063418305 0.00000000099999999879 
0.00629307469400245192 0.00000000099999999958 0.00000000099999999958 0.15495871426359150713 0.00000000099999999958 0.00000000099999999958 0.81871794881546777756 0.00000000099999999958 0.02003025622693830818 0.00000000099999999958 
0.00000000099999999902 0.00000000099999999902 0.00000000099999999902 0.11331184807214088328 0.00000000099999999902 0.00000000099999999902 0.86528945152798419915 0.00000000099999999902 0.02139869339987491778 0.00000000099999999902 
0.00000000099999999941 0.00000000099999999941 0.00000000099999999941 0.08137359021117775149 0.00000000099999999941 0.00000000099999999941 0.91862640178882226660 0.00000000099999999941 0.00000000099999999941 0.00000000099999999941 
0.00000000099999999861 0.00000000099999999861 0.00000000099999999861 0.10661303432871847841 0.00000000099999999861 0.00000000099999999861 0.89338695767128151193 0.00000000099999999861 0.00000000099999999861 0.00000000099999999861 
0.00000000099999999923 0.00000000099999999923 0.00000000099999999923 0.19662122525652445115 0.00000000099999999923 0.00000000099999999923 0.79364709499278929261 0.00000000099999999923 0.00973167275068642645 0.00000000099999999923 
0.00000000099999999927 0.00000000099999999927 0.00000000099999999927 0.16344613815554559499 0.00000000099999999927 0.00000000099999999927 0.83655385384445435371 0.00000000099999999927 0.00000000099999999927 0.00000000099999999927 
0.00000000099999999895 0.00000000099999999895 0.00000000099999999895 0.12157924307522767482 0.00000000099999999895 0.00000000099999999895 0.87842074892477228776 0.00000000099999999895 0.00000000099999999895 0.00000000099999999895 
0.00000000099999999891 0.00000000099999999891 0.00000000099999999891 0.12446098217077100623 0.00000000099999999891 0.00000000099999999891 0.87553900982922894247 0.00000000099999999891 0.00000000099999999891 0.00000000099999999891 
0.00000000099999999894 0.00000000099999999894 0.00000000099999999894 0.16414126292248229499 0.00000000099999999894 0.00000000099999999894 0.79979295184639620508 0.00000000099999999894 0.03606577823112151748 0.00000000099999999894 
0.00000000099999999866 0.00000000099999999866 0.00000000099999999866 0.15838702322338868433 0.00000000099999999866 0.00000000099999999866 0.84161292377085794580 0.00000000099999999866 0.00000004600575322973 0.00000000099999999866 
0.00000000099999999897 0.00000000099999999897 0.00000000099999999897 0.12620135298972440241 0.00000000099999999897 0.00000000099999999897 0.87379863901027565731 0.00000000099999999897 0.00000000099999999897 0.00000000099999999897 
0.00000000099999999899 0.00000000099999999899 0.00000000099999999899 0.18097344310121218913 0.00000000099999999899 0.00000000099999999899 0.81902654889878778732 0.00000000099999999899 0.00000000099999999899 0.00000000099999999899 
0.00000000099999999935 0.00000000099999999935 0.00000000099999999935 0.19614146168963780825 0.00000000099999999935 0.00000000099999999935 0.80385853031036225147 0.00000000099999999935 0.00000000099999999935 0.00000000099999999935 
0.00000000099999999878 0.00000000099999999878 0.00000000099999999878 0.12567486338797972945 0.00000000099999999878 0.00000000099999999878 0.87432512861202027477 0.00000000099999999878 0.00000000099999999878 0.00000000099999999878 
0.00000000099999999897 0.00000000099999999897 0.00000000099999999897 0.16888245785105177044 0.00000000099999999897 0.00000000099999999897 0.83111753414894817826 0.00000000099999999897 0.00000000099999999897 0.00000000099999999897 
0.00182415550528619683 0.00000000099999999981 0.00295393029049095639 0.19187636366164320667 0.00004121179985100158 0.00000000099999999981 0.80330433374272869340 0.00000000099999999981 0.00000000099999999981 0.00000000099999999981 
0.00000000099999999945 0.00000000099999999945 0.00000000099999999945 0.12433502298694840138 0.00000000099999999945 0.00000000099999999945 0.87566496901305168610 0.00000000099999999945 0.00000000099999999945 0.00000000099999999945 
0.00000000099999999908 0.00000000099999999908 0.00000000099999999908 0.17029243288256701305 0.00000000099999999908 0.00000000099999999908 0.82970755911743310218 0.00000000099999999908 0.00000000099999999908 0.00000000099999999908 
0.00000000099999999880 0.00000000099999999880 0.00000000099999999880 0.11487830207784904823 0.00000000099999999880 0.00000000099999999880 0.88512168992215090046 0.00000000099999999880 0.00000000099999999880 0.00000000099999999880 
0.00000000099999999969 0.00432798009623000350 0.00000000099999999969 0.09496236562747378818 0.00000000099999999969 0.00000000099999999969 0.90070964727629632129 0.00000000099999999969 0.00000000099999999969 0.00000000099999999969 
0.00000000099999999943 0.00000000099999999943 0.00000000099999999943 0.22493564500938095785 0.00000000099999999943 0.00000000099999999943 0.76953679341918779233 0.00000000099999999943 0.00552755457143134024 0.00000000099999999943 
0.00000000099999999934 0.00000000099999999934 0.00000000099999999934 0.15700005654608273353 0.00000000099999999934 0.00000000099999999934 0.84299882855954832994 0.00000000099999999934 0.00000110789436895606 0.00000000099999999934 
0.00000000099999999924 0.00000000099999999924 0.00000000099999999924 0.17944373737916613498 0.00000000099999999924 0.00000000099999999924 0.79073325180704445714 0.00000000099999999924 0.02982300381378944279 0.00000000099999999924 
0.00000000099999999936 0.00000000099999999936 0.00000000099999999936 0.12281056574310826590 0.00000000099999999936 0.00000000099999999936 0.85126149429014219550 0.00000000099999999936 0.02592793296674958045 0.00000000099999999936 
0.00000000099999999914 0.00000000099999999914 0.00000000099999999914 0.18446266666292820968 0.00000000099999999914 0.00000000099999999914 0.81553732533707179453 0.00000000099999999914 0.00000000099999999914 0.00000000099999999914 
0.00000000099999999921 0.00000000099999999921 0.00000000099999999921 0.18194019458642138320 0.00000000099999999921 0.00000000099999999921 0.81805979741357859325 0.00000000099999999921 0.00000000099999999921 0.00000000099999999921 
0.00000000099999999926 0.00000000099999999926 0.00000000099999999926 0.21736385032478636181 0.00000000099999999926 0.00000000099999999926 0.77976332432794570604 0.00000000099999999926 0.00287281834726778621 0.00000000099999999926 
0.00000000099999999967 0.00000000099999999967 0.00000000099999999967 0.06969512721291087898 0.00000000099999999967 0.00000000099999999967 0.93030420796448975995 0.00000000099999999967 0.00000065782259942249 0.00000000099999999967 
0.00000000099999999934 0.00000000099999999934 0.00000000099999999934 0.10403898910463343919 0.00000000099999999934 0.00000000099999999934 0.89596100289536673156 0.00000000099999999934 0.00000000099999999934 0.00000000099999999934 
0.00000000099999999968 0.00000000099999999968 0.00000000099999999968 0.08535199372465872292 0.00000000099999999968 0.00000000099999999968 0.89218529742547392214 0.00000000099999999968 0.02246270184986741067 0.00000000099999999968 
0.00000000099999999910 0.00000000099999999910 0.00000000099999999910 0.10560905582124742452 0.00000000099999999910 0.00000000099999999910 0.89439093617875264908 0.00000000099999999910 0.00000000099999999910 0.00000000099999999910 
0.00000000099999999897 0.00000000099999999897 0.00000000099999999897 0.16182697932562367660 0.00000000099999999897 0.00000000099999999897 0.83118890238374043555 0.00000000099999999897 0.00698411129063582041 0.00000000099999999897 
0.00000000099999999892 0.00000000099999999892 0.00000000099999999892 0.19294953745639717435 0.00000000099999999892 0.00000000099999999892 0.80705045454360291313 0.00000000099999999892 0.00000000099999999892 0.00000000099999999892 
0.00000000099999999898 0.00000000099999999898 0.00000000099999999898 0.15666733163081700275 0.00000000099999999898 0.00000000099999999898 0.84333266036918308473 0.00000000099999999898 0.00000000099999999898 0.00000000099999999898 
0.00000000099999999901 0.00000000099999999901 0.00000000099999999901 0.13753516172196530998 0.00000000099999999901 0.00000000099999999901 0.86101538807451694080 0.00000000099999999901 0.00144944320351779216 0.00000000099999999901 
0.00000000099999999940 0.00000000099999999940 0.00000000099999999940 0.17607979816399954576 0.00000000099999999940 0.00000000099999999940 0.82392019383600056948 0.00000000099999999940 0.00000000099999999940 0.00000000099999999940 
0.00000000099999999898 0.00000000099999999898 0.00000000099999999898 0.15965867556728913224 0.00000000099999999898 0.00000000099999999898 0.81318064872777728880 0.00000000099999999898 0.02716066870493350979 0.00000000099999999898 
0.00000000099999999915 0.00000000099999999915 0.00000000099999999915 0.19656813200826989130 0.00000000099999999915 0.00000000099999999915 0.80343185999173005740 0.00000000099999999915 0.00000000099999999915 0.00000000099999999915 
0.00000000099999999896 0.00000000099999999896 0.00000000099999999896 0.15406939297919394760 0.00000000099999999896 0.00000000099999999896 0.81120236331351747161 0.00000000099999999896 0.03472823670728863305 0.00000000099999999896 
0.00000000099999999910 0.00000000099999999910 0.00000000099999999910 0.18145664211270481903 0.00000000099999999910 0.00000000099999999910 0.81854334988729526845 0.00000000099999999910 0.00000000099999999910 0.00000000099999999910 
0.00000000099999999924 0.00000000099999999924 0.00000000099999999924 0.04941235151836863293 0.00000000099999999924 0.00000000099999999924 0.95058764048163146843 0.00000000099999999924 0.00000000099999999924 0.00000000099999999924 
0.00000000099999999927 0.00000000099999999927 0.00000000099999999927 0.08134447429804587959 0.00000000099999999927 0.00000000099999999927 0.90633048090458190327 0.00000000099999999927 0.01232503779737221042 0.00000000099999999927 
0.00000000099999999900 0.00000000099999999900 0.00000000099999999900 0.14124338151855475587 0.00000000099999999900 0.00000000099999999900 0.84582319269776840009 0.00000000099999999900 0.01293341878367691017 0.00000000099999999900 
0.00000000099999999913 0.00000000099999999913 0.00000000099999999913 0.11639052825296743177 0.00000000099999999913 0.00000000099999999913 0.87855606045023315609 0.00000000099999999913 0.00505340429679951471 0.00000000099999999913 
0.00000000099999999932 0.00000000099999999932 0.00000000099999999932 0.12166756366646212795 0.00000000099999999932 0.00000000099999999932 0.87833242833353786239 0.00000000099999999932 0.00000000099999999932 0.00000000099999999932 
0.00000000099999999935 0.00000000099999999935 0.00000000099999999935 0.10521298290098748951 0.00000000099999999935 0.00000000099999999935 0.89478700909901243143 0.00000000099999999935 0.00000000099999999935 0.00000000099999999935 
0.00000000099999999893 0.00000000099999999893 0.00000000099999999893 0.09247511264467560277 0.00000000099999999893 0.00000000099999999893 0.87739398415117408891 0.00000000099999999893 0.03013089620415037792 0.00000000099999999893 
0.00000000099999999925 0.00000000099999999925 0.00000000099999999925 0.07368312207277598336 0.00000000099999999925 0.00000000099999999925 0.92631686992722406249 0.00000000099999999925 0.00000000099999999925 0.00000000099999999925 
0.00000000099999999898 0.00000000099999999898 0.00000000099999999898 0.12081207024560008945 0.00000000099999999898 0.00000000099999999898 0.87918792175439985925 0.00000000099999999898 0.00000000099999999898 0.00000000099999999898 
0.00000000099999999945 0.00000000099999999945 0.00000000099999999945 0.12347199874534554864 0.00000000099999999945 0.00000000099999999945 0.87652799325465446945 0.00000000099999999945 0.00000000099999999945 0.00000000099999999945 
0.00000000099999999929 0.00000000099999999929 0.00000000099999999929 0.08920562179522434354 0.00000000099999999929 0.00000000099999999929 0.91079437020477571618 0.00000000099999999929 0.00000000099999999929 0.00000000099999999929 
0.00000000099999999943 0.00000000099999999943 0.00000000099999999943 0.10044435535680527882 0.00000000099999999943 0.00000000099999999943 0.89955563664319471151 0.00000000099999999943 0.00000000099999999943 0.00000000099999999943 
0.00000000099999999908 0.00000000099999999908 0.00000000099999999908 0.11119561366897698362 0.00000000099999999908 0.00000000099999999908 0.86456284913260905700 0.00000000099999999908 0.02424153019841397000 0.00000000099999999908 
0.00000000099999999964 0.00000000099999999964 0.00000000099999999964 0.11334014748675447226 0.00000000099999999964 0.00000000099999999964 0.88665984451324553195 0.00000000099999999964 0.00000000099999999964 0.00000000099999999964 
0.00000000099999999971 0.01007539687732725286 0.00000000099999999971 0.07281633218268988850 0.00000000099999999971 0.00000000099999999971 0.91710826393998290396 0.00000000099999999971 0.00000000099999999971 0.00000000099999999971 
0.00477080211849238277 0.00000000099999999993 0.00000000099999999993 0.12762694368687821367 0.00000000099999999993 0.00000000099999999993 0.85333592323196993945 0.00000000099999999993 0.01426632496265948027 0.00000000099999999993 
0.00000000099999999970 0.00753085288835478230 0.00000000099999999970 0.11721744502068669191 0.00000000099999999970 0.00000000099999999970 0.87525169509095845921 0.00000000099999999970 0.00000000099999999970 0.00000000099999999970 
0.00000000099999999977 0.00000000099999999977 0.00000000099999999977 0.11168836726408344628 0.00000000099999999977 0.00000000099999999977 0.88648126053691744808 0.00000000099999999977 0.00000039411552895611 0.00182997208347002540 
0.00000000099999999991 0.00000000099999999991 0.00000000099999999991 0.15351795526851055862 0.00333653434163099210 0.00000000099999999991 0.83398330805283038547 0.00000000099999999991 0.00907562381483416336 0.00008657352219390631 
0.00000000099999999967 0.00516754923646154177 0.00000000099999999967 0.08391421533441953406 0.00000000099999999967 0.00000000099999999967 0.91091804025236156050 0.00000000099999999967 0.00000018917675725857 0.00000000099999999967 
0.00000000099999999920 0.00000000099999999920 0.00000000099999999920 0.01074449208184781804 0.00000000099999999920 0.00000000099999999920 0.00000000099999999920 0.00000000099999999920 0.98925549991815209250 0.00000000099999999920 
0.00000000099999999911 0.00000000099999999911 0.00000000099999999911 0.00000000099999999911 0.00000000099999999911 0.00000000099999999911 0.00000000099999999911 0.00000000099999999911 0.99999999099999992147 0.00000000099999999911 
0.00000000099999999947 0.00000000099999999947 0.00000000099999999947 0.00645795101734403677 0.00000000099999999947 0.00000000099999999947 0.01357243581343916747 0.00000000099999999947 0.97996960616921680032 0.00000000099999999947 
0.00000000099999999980 0.00000000099999999980 0.00000000099999999980 0.00000000099999999980 0.00000000099999999980 0.00000000099999999980 0.00000000099999999980 0.00000000099999999980 0.99999999099999992147 0.00000000099999999980 
0.00000000099999999906 0.00000000099999999906 0.00000000099999999906 0.00623222472223052340 0.00000000099999999906 0.00000000099999999906 0.00020532412670035106 0.00000000099999999906 0.99356244415106897971 0.00000000099999999906 
0.00000000099999999926 0.00000000099999999926 0.00000000099999999926 0.00025865300765020536 0.00000000099999999926 0.00000000099999999926 0.00000000099999999926 0.00000000099999999926 0.99974133899234984835 0.00000000099999999926 
0.00000000099999999941 0.00000000099999999941 0.00000000099999999941 0.00567425291591713583 0.00000000099999999941 0.00000000099999999941 0.00000000099999999941 0.00000000099999999941 0.99432573908408294905 0.00000000099999999941 
0.00000000099999999934 0.00000000099999999934 0.00000000099999999934 0.00670767404537762641 0.00000000099999999934 0.00000000099999999934 0.00000000099999999934 0.00000000099999999934 0.99329231795462236132 0.00000000099999999934 
0.00000000099999999923 0.00000000099999999923 0.00000000099999999923 0.00497148107729827003 0.00000000099999999923 0.00000000099999999923 0.00000000099999999923 0.00000000099999999923 0.99502851092270183653 0.00000000099999999923 
0.00000000099999999966 0.00000000099999999966 0.00000000099999999966 0.00000000099999999966 0.00000000099999999966 0.00000000099999999966 0.00000000099999999966 0.00000000099999999966 0.99999999100000003249 0.00000000099999999966 
0.00000000099999999923 0.00000000099999999923 0.00000000099999999923 0.00000000099999999923 0.00000000099999999923 0.00000000099999999923 0.00000000099999999923 0.00000000099999999923 0.99999999099999992147 0.00000000099999999923 
0.00000000099999999909 0.00000000099999999909 0.00000000099999999909 0.00120983475930928159 0.00000000099999999909 0.00000000099999999909 0.02119418500979510650 0.00000000099999999909 0.97759597323089553189 0.00000000099999999909 
0.00000000099999999920 0.00000000099999999920 0.00000000099999999920 0.00000000099999999920 0.00000000099999999920 0.00000000099999999920 0.00000000099999999920 0.00000000099999999920 0.99999999099999992147 0.00000000099999999920 
0.00000000099999999926 0.00000000099999999926 0.00000000099999999926 0.00000000099999999926 0.00000000099999999926 0.00000000099999999926 0.01050197569584871565 0.00000000099999999926 0.98949801630415135101 0.00000000099999999926 
0.00000000099999999948 0.00000000099999999948 0.00000000099999999948 0.00000000099999999948 0.00104016336167899034 0.00000000099999999948 0.00000000099999999948 0.00000000099999999948 0.99895982863832111232 0.00000000099999999948 
0.00000000099999999931 0.00000000099999999931 0.00000000099999999931 0.03595423421963343802 0.00000000099999999931 0.00000000099999999931 0.00000000099999999931 0.00000000099999999931 0.96404575778036649680 0.00000000099999999931 
0.00000000099999999944 0.00000000099999999944 0.00000000099999999944 0.00215904123310888636 0.00000000099999999944 0.00000000099999999944 0.00162815245738064151 0.00000000099999999944 0.99621279930951034398 0.00000000099999999944 
0.00000000099999999889 0.00000000099999999889 0.00000000099999999889 0.00000000099999999889 0.00000000099999999889 0.00000000099999999889 0.00000000099999999889 0.00000000099999999889 0.99999999099999981045 0.00000000099999999889 
0.00000000099999999942 0.00000000099999999942 0.00000000099999999942 0.02423985473092106838 0.00000000099999999942 0.00000000099999999942 0.01230608156333644169 0.00000000099999999942 0.95817674621241455402 0.00527731149332782111 
0.00134391036884912054 0.00000000099999999988 0.00000000099999999988 0.07202040419754293654 0.00000000099999999988 0.00000000099999999988 0.01992611140241786274 0.00071527046582602321 0.90599429856536395356 0.00000000099999999988 
0.00000000099999999974 0.00000000099999999974 0.00000000099999999974 0.00000000099999999974 0.00000000099999999974 0.00000000099999999974 0.08295402755520012161 0.00000000099999999974 0.91704596444479979933 0.00000000099999999974 
0.00000000099999999985 0.00000000099999999985 0.00000000099999999985 0.07128259000333436735 0.00000000099999999985 0.00841387297241437578 0.00000011917467669336 0.00000000099999999985 0.92030341184957453748 0.00000000099999999985 
0.00000000099999999967 0.00375509446748431997 0.00000000099999999967 0.06439227993956302132 0.00000000099999999967 0.00000000099999999967 0.07134450091018441908 0.00000000099999999967 0.86050811868276821937 0.00000000099999999967 
0.00000000099999999970 0.00000000099999999970 0.00000000099999999970 0.07590200762517412825 0.00000000099999999970 0.00552311888544374310 0.02638276625106968434 0.00000000099999999970 0.89219210123831249604 0.00000000099999999970 
0.00134425725154984277 0.00000000099999999991 0.00000000099999999991 0.02596836316616525642 0.00000000099999999991 0.00000000099999999991 0.01784306511560945427 0.00000000099999999991 0.95484430846667545101 0.00000000099999999991 
0.00304414236475366706 0.00000000099999999987 0.00000000143627278717 0.06831230608793975589 0.00000000099999999987 0.00000000099999999987 0.05842156148523686143 0.00000000099999999987 0.87022198362579694653 0.00000000099999999987 
0.00000000099999999970 0.00000000099999999970 0.00000000099999999970 0.05865763872802694234 0.00000000099999999970 0.00382889767186847226 0.02597025477096941842 0.00000000099999999970 0.91154320282913514628 0.00000000099999999970 
0.00000000099999999958 0.00290552176939819998 0.00000000099999999958 0.05166455438667708761 0.00000000099999999958 0.00000000099999999958 0.00003380395362244245 0.00000000099999999958 0.94539611389030231425 0.00000000099999999958 
0.00000000099999999957 0.00000000099999999957 0.00000000099999999957 0.03701844583102682773 0.00000000099999999957 0.00000000099999999957 0.00000000099999999957 0.00000000099999999957 0.96029566393954013392 0.00268588322943308670 
0.00000000099999999963 0.00000000099999999963 0.00000000099999999963 0.08387564683114827335 0.00000000099999999963 0.00000000099999999963 0.00969509720386409028 0.00000000099999999963 0.90642924896498766607 0.00000000099999999963 
0.00000000099999999939 0.00000000099999999939 0.00000000099999999939 0.06587852604618919805 0.00000000099999999939 0.00000000099999999939 0.00000000099999999939 0.00000000099999999939 0.92890868538546489397 0.00521278156834578590 
0.00000000099999999969 0.00636215686141381083 0.00000000099999999969 0.04178223514597611404 0.00000000099999999969 0.00000000099999999969 0.11291229699542999765 0.00000000099999999969 0.83894330499718006156 0.00000000099999999969 
0.00000000099999999961 0.01202694642863168066 0.00000000099999999961 0.07132096090332749883 0.00000000099999999961 0.00000000099999999961 0.02157677399559978018 0.00000000099999999961 0.89507531267244100359 0.00000000099999999961 
0.00000000099999999982 0.00000000099999999982 0.00000000099999999982 0.03343821357828712093 0.00000000099999999982 0.00000000099999999982 0.07128801176274034146 0.00000000099999999982 0.89527376765897248578 0.00000000099999999982 
0.00000000099999999955 0.00000000099999999955 0.00000000099999999955 0.08816502118257345255 0.00000000099999999955 0.00000000099999999955 0.00000000099999999955 0.00000000099999999955 0.91183497081742659329 0.00000000099999999955 
0.00000000099999999936 0.00000000099999999936 0.00000000099999999936 0.07746411882651547953 0.00000000099999999936 0.00000000099999999936 0.08281549359478650174 0.00000000099999999936 0.83972038057869802241 0.00000000099999999936 
0.00000000099999999988 0.00000000099999999988 0.00000000099999999988 0.04874017896158845675 0.00000000099999999988 0.00000000099999999988 0.07009082604227792612 0.00000000099999999988 0.88116898799613352367 0.00000000099999999988 
0.00000000099999999995 0.00000000099999999995 0.00000000099999999995 0.06464431565696697468 0.00000000099999999995 0.00000000099999999995 0.09113904260789414125 0.00000000099999999995 0.82911592668951017426 0.01510070904562867827 
0.00000000099999999998 0.00000000099999999998 0.00000000099999999998 0.23442996464961565750 0.00000000099999999998 0.00000000099999999998 0.09122771468167188702 0.00000000099999999998 0.66971324661322595428 0.00462906805548669083 
0.00000000099999999997 0.00000000099999999997 0.00000000099999999997 0.07816054190929087875 0.00000000099999999997 0.00000000099999999997 0.31806228719435469809 0.00000000099999999997 0.56263891346303207541 0.04113825143332241335 
0.00000000099999999948 0.00000000099999999948 0.00000000099999999948 0.06601750590878284475 0.00616616539677493618 0.00000000099999999948 0.03320054900843321527 0.00000000099999999948 0.89461577368600897486 0.00000000099999999948 
0.00000000099999999997 0.00000000099999999997 0.00000000099999999997 0.09954208138101100500 0.00000000099999999997 0.00000000099999999997 0.11928860833741955494 0.00000000099999999997 0.75792594874061425259 0.02324335554095511777 
0.00000000099999999997 0.00000000099999999997 0.00000000099999999997 0.26901777999161863297 0.00000000099999999997 0.00000000099999999997 0.23106960075079979733 0.00307199140131882804 0.49684062185626259867 0.00000000099999999997 
0.00000000099999999980 0.00000000099999999980 0.00000000099999999980 0.01989576004809045714 0.00000000099999999980 0.00000000099999999980 0.03290123556983696324 0.00000000099999999980 0.94720299738207247575 0.00000000099999999980 
0.00000000099999999998 0.00000000099999999998 0.00000000099999999998 0.00000000653278485486 0.01090126952050210311 0.00000000099999999998 0.43541731524261190200 0.00000000099999999998 0.55368140270410104442 0.00000000099999999998 
0.00000000099999999975 0.00000000099999999975 0.00000000099999999975 0.03836789111941277947 0.01569018407975796697 0.00000000099999999975 0.09791813292587429884 0.00000000099999999975 0.84802378587495497175 0.00000000099999999975 
0.00000000099999999985 0.00000000099999999985 0.00000000099999999985 0.01695878423016379533 0.00167436905773167099 0.00000000099999999985 0.02177619724281704486 0.00000000099999999985 0.95959064346928757416 0.00000000099999999985 
0.00000000099999999944 0.00000000099999999944 0.00000000099999999944 0.01146688921005826339 0.00809715127471009183 0.00000000099999999944 0.11802837997192197617 0.00000000099999999944 0.86240757354330954687 0.00000000099999999944 
0.00000000099999999985 0.00000000099999999985 0.00000000099999999985 0.02381750283949145633 0.00175875032454960042 0.00000000099999999985 0.09208053146178493686 0.00000000099999999985 0.88182675585148284636 0.00051645452269126089 
0.00000000099999999902 0.00000000099999999902 0.00000000099999999902 0.04110374530854577629 0.00000000099999999902 0.00000000099999999902 0.03766665951864697770 0.00000000099999999902 0.92122958817280720112 0.00000000099999999902 
