0.00000000099999999889 0.00000000099999999889 0.99999999499999980834 0.00000000099999999889 0.00000000099999999889 0.00000000099999999889 
0.00000000099999999894 0.00000000099999999894 0.99999999499999991937 0.00000000099999999894 0.00000000099999999894 0.00000000099999999894 
0.00000000099999999891 0.00000000099999999891 0.99999999499999991937 0.00000000099999999891 0.00000000099999999891 0.00000000099999999891 
0.00000000099999999894 0.00000000099999999894 0.99999999499999980834 0.00000000099999999894 0.00000000099999999894 0.00000000099999999894 
0.00000000099999999897 0.00000000099999999897 0.99999999499999991937 0.00000000099999999897 0.00000000099999999897 0.00000000099999999897 
0.00000000099999999897 0.00000000099999999897 0.99999999499999991937 0.00000000099999999897 0.00000000099999999897 0.00000000099999999897 
0.00000000099999999891 0.00000000099999999891 0.99999999499999991937 0.00000000099999999891 0.00000000099999999891 0.00000000099999999891 
0.00000000099999999900 0.00000000099999999900 0.99999999499999991937 0.00000000099999999900 0.00000000099999999900 0.00000000099999999900 
0.00000000099999999893 0.00000000099999999893 0.99999999499999991937 0.00000000099999999893 0.00000000099999999893 0.00000000099999999893 
0.00000000099999999900 0.00000000099999999900 0.99999999499999991937 0.00000000099999999900 0.00000000099999999900 0.00000000099999999900 
0.00000000099999999897 0.00000000099999999897 0.99999999499999980834 0.00000000099999999897 0.00000000099999999897 0.00000000099999999897 
0.00000000099999999916 0.00000000099999999916 0.99999999500000003039 0.00000000099999999916 0.00000000099999999916 0.00000000099999999916 
0.00000000099999999897 0.00000000099999999897 0.99999999499999991937 0.00000000099999999897 0.00000000099999999897 0.00000000099999999897 
0.00000000099999999894 0.00000000099999999894 0.99999999499999980834 0.00000000099999999894 0.00000000099999999894 0.00000000099999999894 
0.00000000099999999895 0.00000000099999999895 0.99999999499999991937 0.00000000099999999895 0.00000000099999999895 0.00000000099999999895 
0.00000000099999999895 0.00000000099999999895 0.99999999499999980834 0.00000000099999999895 0.00000000099999999895 0.00000000099999999895 
0.00000000099999999895 0.00000000099999999895 0.99999999499999991937 0.00000000099999999895 0.00000000099999999895 0.00000000099999999895 
0.00000000099999999902 0.00000000099999999902 0.99999999500000003039 0.00000000099999999902 0.00000000099999999902 0.00000000099999999902 
0.00000000099999999903 0.00000000099999999903 0.99999999499999991937 0.00000000099999999903 0.00000000099999999903 0.00000000099999999903 
0.00000000099999999901 0.00000000099999999901 0.99999999500000003039 0.00000000099999999901 0.00000000099999999901 0.00000000099999999901 
0.00000000099999999897 0.00000000099999999897 0.99999999499999991937 0.00000000099999999897 0.00000000099999999897 0.00000000099999999897 
0.00000000099999999899 0.00000000099999999899 0.99999999499999991937 0.00000000099999999899 0.00000000099999999899 0.00000000099999999899 
0.00000000099999999897 0.00000000099999999897 0.99999999499999980834 0.00000000099999999897 0.00000000099999999897 0.00000000099999999897 
0.00000000099999999900 0.00000000099999999900 0.99999999499999980834 0.00000000099999999900 0.00000000099999999900 0.00000000099999999900 
0.00000000099999999927 0.00000000099999999927 0.99999999500000003039 0.00000000099999999927 0.00000000099999999927 0.00000000099999999927 
0.00000000099999999897 0.00000000099999999897 0.99999999499999991937 0.00000000099999999897 0.00000000099999999897 0.00000000099999999897 
0.00000000099999999901 0.00000000099999999901 0.99999999499999991937 0.00000000099999999901 0.00000000099999999901 0.00000000099999999901 
0.00000000099999999903 0.00000000099999999903 0.99999999499999991937 0.00000000099999999903 0.00000000099999999903 0.00000000099999999903 
0.00000000099999999904 0.00000000099999999904 0.99999999500000003039 0.00000000099999999904 0.00000000099999999904 0.00000000099999999904 
0.00000000099999999901 0.00000000099999999901 0.99999999499999991937 0.00000000099999999901 0.00000000099999999901 0.00000000099999999901 
0.00000000099999999915 0.00000000099999999915 0.99999999499999991937 0.00000000099999999915 0.00000000099999999915 0.00000000099999999915 
0.00000000099999999931 0.00000000099999999931 0.99999999499999991937 0.00000000099999999931 0.00000000099999999931 0.00000000099999999931 
0.00000000099999999911 0.00000000099999999911 0.99999999499999991937 0.00000000099999999911 0.00000000099999999911 0.00000000099999999911 
0.00000000099999999924 0.00000000099999999924 0.99999999500000003039 0.00000000099999999924 0.00000000099999999924 0.00000000099999999924 
0.00000000099999999911 0.00000000099999999911 0.99999999500000003039 0.00000000099999999911 0.00000000099999999911 0.00000000099999999911 
0.00000000099999999919 0.00000000099999999919 0.99999999500000003039 0.00000000099999999919 0.00000000099999999919 0.00000000099999999919 
0.00000000099999999913 0.00000000099999999913 0.99999999499999991937 0.00000000099999999913 0.00000000099999999913 0.00000000099999999913 
0.00000000099999999914 0.00000000099999999914 0.99999999499999991937 0.00000000099999999914 0.00000000099999999914 0.00000000099999999914 
0.00000000099999999918 0.00000000099999999918 0.99999999499999991937 0.00000000099999999918 0.00000000099999999918 0.00000000099999999918 
0.00000000099999999934 0.00000000099999999934 0.99999999499999991937 0.00000000099999999934 0.00000000099999999934 0.00000000099999999934 
0.00000000099999999913 0.00000000099999999913 0.99999999500000003039 0.00000000099999999913 0.00000000099999999913 0.00000000099999999913 
0.00000000099999999922 0.00000000099999999922 0.99999999500000003039 0.00000000099999999922 0.00000000099999999922 0.00000000099999999922 
0.00000000099999999916 0.00000000099999999916 0.99999999499999991937 0.00000000099999999916 0.00000000099999999916 0.00000000099999999916 
0.00000000099999999913 0.00000000099999999913 0.99999999499999991937 0.00000000099999999913 0.00000000099999999913 0.00000000099999999913 
0.00000000099999999922 0.00000000099999999922 0.99999999500000003039 0.00000000099999999922 0.00000000099999999922 0.00000000099999999922 
0.00000000099999999915 0.00000000099999999915 0.99999999500000003039 0.00000000099999999915 0.00000000099999999915 0.00000000099999999915 
0.00000000099999999919 0.00000000099999999919 0.99999999499999991937 0.00000000099999999919 0.00000000099999999919 0.00000000099999999919 
0.00000000099999999937 0.00000000099999999937 0.99999999499999991937 0.00000000099999999937 0.00000000099999999937 0.00000000099999999937 
0.00000000099999999939 0.00000000099999999939 0.99999999500000003039 0.00000000099999999939 0.00000000099999999939 0.00000000099999999939 
0.00000000099999999947 0.00000000099999999947 0.99999999499999991937 0.00000000099999999947 0.00000000099999999947 0.00000000099999999947 
0.00000000099999999970 0.00000000099999999970 0.99999999500000003039 0.00000000099999999970 0.00000000099999999970 0.00000000099999999970 
0.00000000099999999980 0.00000000099999999980 0.00000000099999999980 0.59764520675917709447 0.40235478924082279661 0.00000000099999999980 
0.00000000099999999951 0.00000000099999999951 0.00000000099999999951 0.55640805904404866400 0.44359193695595128260 0.00000000099999999951 
0.00000000099999999982 0.00000000099999999982 0.00000000099999999982 0.51205882244070854981 0.48794117355929139679 0.00000000099999999982 
0.00000000099999999930 0.00000000099999999930 0.00000000099999999930 0.60735534857075890169 0.39264464742924098939 0.00000000099999999930 
0.00000000099999999940 0.00000000099999999940 0.00000000099999999940 0.60433823835821887105 0.39566175764178113106 0.00000000099999999940 
0.00000000099999999928 0.00000000099999999928 0.00000000099999999928 0.59784590328604059195 0.40215409271395929913 0.00000000099999999928 
0.00000000099999999959 0.00000000099999999959 0.00000000099999999959 0.60532016700615842719 0.39467982899384146389 0.00000000099999999959 
0.00000000099999999935 0.00000000099999999935 0.00000000099999999935 0.62596033646725712796 0.37403965953274270761 0.00000000099999999935 
0.00000000099999999951 0.00000000099999999951 0.00000000099999999951 0.59477078091740165355 0.40522921508259823753 0.00000000099999999951 
0.00000000099999999997 0.00462267757842655790 0.00000000099999999997 0.59804596560372025316 0.39733135052095652773 0.00000000429689668913 
0.00000000099999999944 0.00000000099999999944 0.00000000099999999944 0.57442828091765107956 0.42557171508234886703 0.00000000099999999944 
0.00000000099999999937 0.00000000099999999937 0.00000000099999999937 0.57838855712256909136 0.42161143887743074421 0.00000000099999999937 
0.00000000099999999991 0.00466571371191354303 0.00000000099999999991 0.56934169790102995279 0.42599258538705642163 0.00000000099999999991 
0.00000000099999999951 0.00000000099999999951 0.00000000099999999951 0.56971035165901995345 0.43028964434097999314 0.00000000099999999951 
0.00000000099999999986 0.00000000099999999986 0.00000000099999999986 0.61605374536231283233 0.38394625063768711426 0.00000000099999999986 
0.00000000099999999929 0.00000000099999999929 0.00000000099999999929 0.60730529814144840195 0.39269469785855143362 0.00000000099999999929 
0.00000000099999999960 0.00000000099999999960 0.00000000099999999960 0.51168357931417718376 0.48831641668582276283 0.00000000099999999960 
0.00000000099999999982 0.00000000099999999982 0.00000000099999999982 0.51810671951643061384 0.48189327648356944378 0.00000000099999999982 
0.00000000099999999944 0.00000000099999999944 0.00000000099999999944 0.56848480282170688049 0.43151519317829312161 0.00000000099999999944 
0.00000000099999999945 0.00000000099999999945 0.00000000099999999945 0.58127900557702238959 0.41872099042297755700 0.00000000099999999945 
0.00000000099999999951 0.00000000099999999951 0.00000000099999999951 0.58914637876853226395 0.41085361723146757162 0.00000000099999999951 
0.00000000099999999928 0.00000000099999999928 0.00000000099999999928 0.59231617398596569934 0.40768382201403419174 0.00000000099999999928 
0.00000000099999999953 0.00000000099999999953 0.00000000099999999953 0.55648889380774158031 0.44351110219225831077 0.00000000099999999953 
0.00000000099999999950 0.00000000099999999950 0.00000000099999999950 0.53509104878789481852 0.46490894721210518359 0.00000000099999999950 
0.00000000099999999970 0.00000000099999999970 0.00000000099999999970 0.50758931620820446629 0.49241067979179536929 0.00000000099999999970 
0.00000000099999999942 0.00000000099999999942 0.00000000099999999942 0.59447231182702198193 0.40552768417297807568 0.00000000099999999942 
0.00000000099999999952 0.00000000099999999952 0.00000000099999999952 0.53390595019094189144 0.46609404580905805515 0.00000000099999999952 
0.00000000099999999990 0.00462147443903310542 0.00042680327945534993 0.54139342007060253792 0.45355830021090881576 0.00000000099999999990 
0.00000000099999999992 0.00000000099999999992 0.00000000099999999992 0.60289097505016853162 0.39557010055473046384 0.00153892139510098552 
0.00000000099999999957 0.00000000099999999957 0.00000000099999999957 0.54945863904840408498 0.45054135695159580610 0.00000000099999999957 
0.00000000099999999943 0.00000000099999999943 0.00000000099999999943 0.61659946471822713043 0.38340053128177292718 0.00000000099999999943 
0.00000000099999999989 0.00000000099999999989 0.00000000422378422224 0.57127987397456636565 0.42467590993006026912 0.00404420987158911251 
0.00000000099999999973 0.00000000099999999973 0.00000000099999999973 0.46032908994609067488 0.53967090605390910518 0.00000000099999999973 
0.00000000099999999969 0.00000000099999999969 0.00000000099999999969 0.53987740891018887179 0.46012258708981096378 0.00000000099999999969 
0.00000000099999999959 0.00000000099999999959 0.00000000099999999959 0.52760640290136284758 0.47239359309863721004 0.00000000099999999959 
0.00000000099999999968 0.00000000099999999968 0.00000000099999999968 0.57869100691154495841 0.42130898908845493267 0.00000000099999999968 
0.00000000099999999958 0.00000000099999999958 0.00000000099999999958 0.51656124234066724821 0.48343875365933264288 0.00000000099999999958 
0.00000000099999999964 0.00000000099999999964 0.00000000099999999964 0.51864339578012619292 0.48135660021987380919 0.00000000099999999964 
0.00000000099999999960 0.00000000099999999960 0.00000000099999999960 0.48146781597254367790 0.51853218002745615767 0.00000000099999999960 
0.00000000099999999993 0.00000000099999999993 0.00000000099999999993 0.57761704891466358891 0.42027845758996396075 0.00210449049537234740 
0.00000000099999999978 0.00000000099999999978 0.00000000099999999978 0.57528564124408632097 0.42471435475591351461 0.00000000099999999978 
0.00000000099999999988 0.00000000099999999988 0.00000000099999999988 0.56433806768445760049 0.43566192831554240161 0.00000000099999999988 
0.00000000099999999966 0.00000000099999999966 0.00000000099999999966 0.58809752220579580850 0.41190247379420424911 0.00000000099999999966 
0.00000000099999999945 0.00000000099999999945 0.00000000099999999945 0.52440735382957825994 0.47559264217042157563 0.00000000099999999945 
0.00000000099999999943 0.00000000099999999943 0.00000000099999999943 0.54463372720853642228 0.45536626879146357982 0.00000000099999999943 
0.00000000099999999949 0.00000000099999999949 0.00000000099999999949 0.52875240791922140104 0.47124758808077843453 0.00000000099999999949 
0.00000000099999999948 0.00000000099999999948 0.00000000099999999948 0.54667181198392644781 0.45332818401607349879 0.00000000099999999948 
0.00000000099999999986 0.00000000099999999986 0.00000000099999999986 0.50463496396141882538 0.49536503203858101019 0.00000000099999999986 
0.00000000099999999944 0.00000000099999999944 0.00000000099999999944 0.55218763082604116477 0.44781236517395872632 0.00000000099999999944 
0.00000000099999999966 0.00000000099999999966 0.00000000099999999966 0.50070360773230571105 0.49929638826769423554 0.00000000099999999966 
0.00000000099999999949 0.00000000099999999949 0.00000000099999999949 0.56643254438171142251 0.43356745161828846857 0.00000000099999999949 
0.00000000099999999954 0.00000000099999999954 0.00000000099999999954 0.51204958257034383085 0.48795041342965617126 0.00000000099999999954 
0.00000000099999999965 0.00000000099999999965 0.00000000099999999965 0.53818741164826056078 0.46181258435173927479 0.00000000099999999965 
0.00000000099999999968 0.00000000099999999968 0.00000000099999999968 0.58146184938618372673 0.41853814661381627538 0.00000000099999999968 
0.00000000099999999954 0.00000000099999999954 0.00000000099999999954 0.55620821913020102034 0.44379177686979887074 0.00000000099999999954 
0.00000000099999999956 0.00000000099999999956 0.00000000099999999956 0.57440550116996835772 0.42559449483003158887 0.00000000099999999956 
0.00000000099999999971 0.00000000099999999971 0.00000000099999999971 0.56377336311138159797 0.43622663288861845965 0.00000000099999999971 
0.00000000099999999974 0.00000000099999999974 0.00032565138666514201 0.54406007086251584326 0.45561427475081894833 0.00000000099999999974 
0.00000000099999999948 0.00000000099999999948 0.00000000099999999948 0.55916197215974650092 0.44083802384025339016 0.00000000099999999948 
0.00000000099999999972 0.00000000099999999972 0.00000000099999999972 0.57261143947410420019 0.42738855652589569090 0.00000000099999999972 
0.00000000099999999944 0.00000000099999999944 0.00000000099999999944 0.53036288303942868971 0.46963711296057109035 0.00000000099999999944 
0.00000000099999999986 0.00000000099999999986 0.00000000099999999986 0.50801912766470536109 0.49198086833529458550 0.00000000099999999986 
0.00000000099999999975 0.00000000099999999975 0.00145577287715027920 0.53541678161026262650 0.46312744251258691763 0.00000000099999999975 
0.00114934299146139630 0.00000000099999999988 0.00000000099999999988 0.52095771473611662827 0.47789293927242193494 0.00000000099999999988 
0.00000000099999999970 0.00000000099999999970 0.00000000099999999970 0.56702914837179752006 0.43297084762820248205 0.00000000099999999970 
0.00000000099999999983 0.00000000099999999983 0.00000000099999999983 0.50012810110997252266 0.49987189489002725740 0.00000000099999999983 
0.00006675750044668766 0.00409508721668394061 0.00408863458093334728 0.60485523380918748693 0.38600857975145108636 0.00088570714129735978 
0.00000000099999999999 0.00323004881269414647 0.00149598527606870872 0.55659867277092578419 0.43768076363140234752 0.00099452850890904246 
0.00121405041024429399 0.00203003758872831452 0.00046864969678961311 0.54955445114247281069 0.44621461009045748636 0.00051820107130757620 
0.00000000099999999996 0.00000000099999999996 0.00033032312115069336 0.53501081111608528307 0.46276702017527621136 0.00189184358748787263 
0.00000109411479921314 0.00000000099999999999 0.00312781113698904975 0.52350614934335837347 0.47146029475990297586 0.00190464964495026530 
0.00000000099999999989 0.00000000099999999989 0.00120379003451291005 0.56802134827329553435 0.42660885017884064840 0.00416600951335095206 
0.00000000099999999957 0.00000000099999999957 0.00000000099999999957 0.99048521958347246485 0.00951477641652750256 0.00000000099999999957 
0.00000000099999999956 0.00000000099999999956 0.00000000099999999956 0.99999999499999991937 0.00000000099999999956 0.00000000099999999956 
0.00000000099999999974 0.00000000099999999974 0.00000000099999999974 0.99291310771010155012 0.00708688828989839561 0.00000000099999999974 
0.00000000099999999992 0.00000000099999999992 0.00000000099999999992 0.99929556429725796551 0.00000000099999999992 0.00070443170274204852 
0.00000000099999999950 0.00000000099999999950 0.00000000099999999950 0.99999999500000003039 0.00000000099999999950 0.00000000099999999950 
0.00000000099999999958 0.00000000099999999958 0.00000000099999999958 0.99999999499999991937 0.00000000099999999958 0.00000000099999999958 
0.00000000099999999965 0.00000000099999999965 0.00000000099999999965 0.99829591277301321650 0.00170408322698669930 0.00000000099999999965 
0.00000000099999999965 0.00000000099999999965 0.00000000099999999965 0.99403256017499530550 0.00596743582500461767 0.00000000099999999965 
0.00000000099999999957 0.00000000099999999957 0.00000000099999999957 0.99819133342656163332 0.00180866257343827294 0.00000000099999999957 
0.00000000099999999984 0.00000000099999999984 0.00091961705309269611 0.99908037894690737701 0.00000000099999999984 0.00000000099999999984 
0.00000000099999999957 0.00000000099999999957 0.00000000099999999957 0.99999999500000003039 0.00000000099999999957 0.00000000099999999957 
0.00000000099999999947 0.00000000099999999947 0.00000000099999999947 0.99623921632502820955 0.00376077967497178214 0.00000000099999999947 
0.00000000099999999955 0.00000000099999999955 0.00000000099999999955 0.99999999500000003039 0.00000000099999999955 0.00000000099999999955 
0.00000000099999999961 0.00000000099999999961 0.00000000099999999961 0.99865468389017875150 0.00134531210982130915 0.00000000099999999961 
0.00000000099999999974 0.00000000099999999974 0.00123183364779244197 0.99876816235220755580 0.00000000099999999974 0.00000000099999999974 
0.00000000099999999964 0.00000000099999999964 0.00000000099999999964 0.96970013264710896994 0.03029986335289095237 0.00000000099999999964 
0.00000000099999999969 0.00000000099999999969 0.00000000099999999969 0.99699977773412995496 0.00300021826587002242 0.00000000099999999969 
0.00000000099999999940 0.00000000099999999940 0.00000000099999999940 0.99999999499999991937 0.00000000099999999940 0.00000000099999999940 
0.00000000099999999999 0.00157317944408080323 0.00031518544395200986 0.98606441917094433958 0.01161445541982949504 0.00043275952119316763 
0.00229270643389499745 0.00000000099999999992 0.00000000099999999992 0.94625248162599207014 0.05145480894011300599 0.00000000099999999992 
0.00000000099999999986 0.00000000099999999986 0.00000000099999999986 0.99999999499999991937 0.00000000099999999986 0.00000000099999999986 
0.00000000099999999992 0.00000000099999999992 0.00000000099999999992 0.94197339034741889296 0.04801626959399488831 0.01001033705858610234 
0.00000000099999999976 0.00000000099999999976 0.00000000099999999976 0.93166883814934209340 0.06379383062168937635 0.00453732822896852055 
0.00000000099999999995 0.00318641786343369128 0.00000000099999999995 0.93320351813087232262 0.06361005153499969811 0.00000001047069436414 
0.00000000099999999990 0.00000000099999999990 0.00000000099999999990 0.98807741196519793814 0.01001030239401149921 0.00191228264079046188 
0.00000000099999999997 0.00217700106869705414 0.00000000099999999997 0.93757224917247117268 0.05966761667024780141 0.00058313108858396186 
0.00000000099999999998 0.00147600514537860766 0.00009661343202119182 0.95969686186298175379 0.03801793446796720988 0.00071258409165122073 
0.00000000099999999979 0.00000000099999999979 0.00000000099999999979 0.96719912785724926341 0.02977984189110175969 0.00302102725164892384 
0.00000000099999999982 0.00000000099999999982 0.00000000099999999982 0.97485887950260241563 0.02289326268173792756 0.00224785481565962413 
0.00000000099999999985 0.00000000099999999985 0.00000000099999999985 0.94009930839382183088 0.05990068760617797694 0.00000000099999999985 
0.00000000099999999975 0.00000000099999999975 0.00000000099999999975 0.95862515685843585622 0.03711741664305795441 0.00425742349850605478 
0.00000000099999999997 0.00126968735673490250 0.00031289629652064409 0.95609367464155781136 0.03884591241654401089 0.00347782828864272829 
0.00000000099999999996 0.00311595015625043981 0.00000000099999999996 0.93713396400306125944 0.05506182871030018688 0.00468825513038812012 
0.00000000099999999994 0.00000000099999999994 0.00005595860121350588 0.97869598921545852832 0.02124804918332790643 0.00000000099999999994 
0.00000000099999999978 0.00000000099999999978 0.00000000099999999978 0.94049485393339915529 0.05950514206660088151 0.00000000099999999978 
0.00000000099999999965 0.00000000099999999965 0.00000000099999999965 0.92150826657472550973 0.07849172942527456176 0.00000000099999999965 
0.00000000099999999986 0.00000000099999999986 0.00000000099999999986 0.95520260548251612054 0.04340588115640315464 0.00139151036108070038 
0.00926795319224116981 0.00000000099999999999 0.00343864212423648221 0.91305294470263964612 0.07424045798088264869 0.00000000099999999999 
0.00000000099999999999 0.00000000099999999999 0.00000000099999999999 0.87437490700007736155 0.12181931281181627991 0.00380577718810642777 
0.00000000099999999999 0.00000000099999999999 0.00000000099999999999 0.79200909354349668945 0.17572790928040701863 0.03226299417609611309 
0.00000000099999999971 0.00000000099999999971 0.00597933840521742543 0.93467423202822008665 0.05934642656656249210 0.00000000099999999971 
0.00000000099999999998 0.00000000099999999998 0.00000000099999999998 0.87664617591864557600 0.10239798515389249289 0.02095583592746178003 
0.00241078737733424692 0.00000000099999999999 0.00000000099999999999 0.76663843439850809514 0.23095077522415746740 0.00000000099999999999 
0.00000000099999999991 0.00000000099999999991 0.00066512084703835770 0.99289025844136968857 0.00644461771159186500 0.00000000099999999991 
0.00000000099999999999 0.00000000099999999999 0.00422059330347620242 0.98684915129691852531 0.00197628376214994744 0.00695396963745527081 
0.00000000099999999987 0.00000000099999999987 0.01575510302780948335 0.95011248899662048562 0.03413240497556999792 0.00000000099999999987 
0.00000000099999999993 0.00000000099999999993 0.00174434888950955776 0.97900116368726541882 0.01925448442322488102 0.00000000099999999993 
0.00000000099999999974 0.00000000099999999974 0.00815034508560398552 0.97447042443940545819 0.01737922747499049889 0.00000000099999999974 
0.00000000099999999995 0.00000000099999999995 0.00216086953147328611 0.97580853782643695027 0.02203058964208977344 0.00000000099999999995 
0.00000000099999999946 0.00000000099999999946 0.00000000099999999946 0.96099057613280047807 0.03900941986719936444 0.00000000099999999946 
0.00000000099999999966 0.00000000099999999966 0.00000000099999999966 0.99388474694556405709 0.00611524905443578976 0.00000000099999999966 
0.00000000099999999995 0.00116914908524771250 0.00000000099999999995 0.74955238524451139881 0.24927846267024086901 0.00000000099999999995 
0.00000000099999999984 0.00000000099999999984 0.00139930265736859147 0.77614300744930264653 0.22245768689332864887 0.00000000099999999984 
0.05328636907942068540 0.26163409730209946646 0.00000000099999999997 0.56417605818083793601 0.12090347343764194787 0.00000000099999999997 
0.00088504087822574465 0.00226670718754417872 0.00453405983610547306 0.71588498616008966469 0.27642920493803485593 0.00000000099999999994 
0.00012469253117584547 0.00277091956928042114 0.00228341992391947919 0.74405368025655072017 0.25076728671907350110 0.00000000099999999996 
0.05199690531647187253 0.28475338036057173952 0.00000000099999999998 0.55132228926379578393 0.11192742305916045242 0.00000000099999999998 
0.04542538930070087744 0.22078487141030564422 0.00000000099999999997 0.55815993161864796424 0.17562980567034539026 0.00000000099999999997 
0.01961878796237482778 0.23660182571661914075 0.00036082474122060273 0.62005404774422090419 0.12336451283556440495 0.00000000099999999998 
0.00000000099999999996 0.23123848285106574085 0.00557937715714198687 0.61534418269883928154 0.14783795529295307158 0.00000000099999999996 
0.00000000099999999999 0.22444683783580998693 0.00346565196045922012 0.59853803202717092979 0.17354947617655971936 0.00000000099999999999 
0.00000000099999999982 0.00000000099999999982 0.00000000099999999982 0.75761989346752423025 0.24238010253247571635 0.00000000099999999982 
0.00000000099999999996 0.27483784300861652250 0.00533227569571095503 0.59021294438941795946 0.12961693490625461611 0.00000000099999999996 
0.00061052223115705612 0.00510869962804955547 0.00676891751111537068 0.75232194015074205229 0.23518991947893586048 0.00000000099999999998 
0.02661782206670142148 0.28654957678923137498 0.00293199273630275360 0.53170785742777260108 0.15219274997999193699 0.00000000099999999998 
0.00000000099999999974 0.00000000099999999974 0.00266205815110455131 0.73855701200433110376 0.25878092684456427408 0.00000000099999999974 
0.00000000099999999973 0.00000000099999999973 0.00000000099999999973 0.73003630106618844220 0.26996369493381144888 0.00000000099999999973 
0.00000000099999999997 0.28990988473999373953 0.01098607725192759892 0.54463042321993737627 0.15447361278814120134 0.00000000099999999997 
0.00000000099999999982 0.00000000099999999982 0.00054952692836860112 0.77325948089766349813 0.22619098917396790460 0.00000000099999999982 
0.00052703472034405189 0.00201660644140145119 0.00000000099999999996 0.73904571349079961617 0.25841064334745494913 0.00000000099999999996 
0.00537824347601249374 0.00000000099999999999 0.00000000099999999999 0.87262873677116026272 0.12160220629394746794 0.00039081145887960860 
0.00000000099999999999 0.00000000099999999999 0.00000000099999999999 0.88462941397070782301 0.02317513429625533972 0.09219544873303676946 
0.00000000099999999995 0.00000000099999999995 0.00000000099999999995 0.92691600148826491790 0.06753133469243852161 0.00555266081929648488 
0.00000000099999999988 0.00000000099999999988 0.00000000099999999988 0.99342481205214527851 0.00265440378363393558 0.00392078116422063614 
0.00000000099999999996 0.01614898131643870485 0.00000000099999999996 0.92749852691729861576 0.03739317269666007221 0.01895931706960254579 
0.00000000099999999959 0.00000000099999999959 0.00000000099999999959 0.99999999499999991937 0.00000000099999999959 0.00000000099999999959 
0.00000000099999999974 0.00000000099999999974 0.00000000099999999974 0.99999999500000003039 0.00000000099999999974 0.00000000099999999974 
0.00000000099999999998 0.11853547782632600782 0.00506953631698565596 0.84995378380235842020 0.00000000099999999998 0.02644120005433008361 
0.00000000099999999976 0.00000000099999999976 0.00000000099999999976 0.99793301713667270647 0.00000000099999999976 0.00206697886332744439 
0.00000000099999999985 0.00000000099999999985 0.00000000099999999985 0.99894640974928572419 0.00000000099999999985 0.00105358625071418771 
0.00000000099999999917 0.00000000099999999917 0.00000000099999999917 0.99999999500000003039 0.00000000099999999917 0.00000000099999999917 
0.00000000099999999943 0.00000000099999999943 0.00000000099999999943 0.99922763502032363458 0.00077236097967625715 0.00000000099999999943 
0.00000000099999999945 0.00000000099999999945 0.00000000099999999945 0.99880735809764031874 0.00119263790235972934 0.00000000099999999945 
0.00000000099999999948 0.00000000099999999948 0.00000000099999999948 0.99999999500000003039 0.00000000099999999948 0.00000000099999999948 
0.00000000099999999935 0.00000000099999999935 0.00000000099999999935 0.99999999500000003039 0.00000000099999999935 0.00000000099999999935 
0.00000000099999999960 0.00000000099999999960 0.00000000099999999960 0.99179664361208841328 0.00820335238791155760 0.00000000099999999960 
0.00000000099999999980 0.00000000099999999980 0.00000000099999999980 0.99698826031706477835 0.00301173568293524804 0.00000000099999999980 
0.00000000099999999952 0.00000000099999999952 0.00000000099999999952 0.99999999500000003039 0.00000000099999999952 0.00000000099999999952 
0.00000000099999999988 0.00000000099999999988 0.00000000099999999988 0.98914818579750751759 0.00000000099999999988 0.01085181020249247237 
0.00000000099999999985 0.00000000099999999985 0.00036844262331878918 0.96639708535590218563 0.03323446902077890203 0.00000000099999999985 
0.00000000099999999967 0.00000000099999999967 0.00000000099999999967 0.99357261129752028062 0.00642738470247970761 0.00000000099999999967 
0.00117575711157603068 0.00000000099999999987 0.00000000099999999987 0.99228660520614253571 0.00653763468228140028 0.00000000099999999987 
0.00000000099999999943 0.00000000099999999943 0.00000000099999999943 0.99999999500000003039 0.00000000099999999943 0.00000000099999999943 
0.00000000099999999965 0.00000000099999999965 0.00000000099999999965 0.99999999500000003039 0.00000000099999999965 0.00000000099999999965 
0.00129688094951245958 0.00000000099999999987 0.00000000099999999987 0.99168766897457460985 0.00701544707591284650 0.00000000099999999987 
0.00000000099999999992 0.00000000099999999992 0.00000000099999999992 0.95436133935487010849 0.03730480894971018729 0.00833384869541952886 
0.00000000099999999969 0.00000000099999999969 0.00000000099999999969 0.99053364665522725119 0.00946634934477266592 0.00000000099999999969 
0.00000000099999999966 0.00000000099999999966 0.00000000099999999966 0.99342412141611369236 0.00657587458388638347 0.00000000099999999966 
0.00000000099999999933 0.00000000099999999933 0.00000000099999999933 0.99999999499999991937 0.00000000099999999933 0.00000000099999999933 
0.00000000099999999961 0.00000000099999999961 0.00000000099999999961 0.99551163564747102708 0.00448836035252892472 0.00000000099999999961 
0.00000000099999999963 0.00000000099999999963 0.00000000099999999963 0.97653860442544637710 0.02346139157455359378 0.00000000099999999963 
0.00000000099999999979 0.00000000099999999979 0.00000000099999999979 0.99287526036767870252 0.00712473563232134469 0.00000000099999999979 
0.00000000099999999996 0.00000000099999999996 0.00196757413235222481 0.92179134064087331346 0.07607318477592983630 0.00016789845084458141 
0.00000000099999999993 0.00000000099999999993 0.00076675218488527820 0.98630375955393678744 0.01166021420928007278 0.00126927205189799447 
0.00000000099999999986 0.00000000099999999986 0.00008689625716585284 0.99991309974283415496 0.00000000099999999986 0.00000000099999999986 
0.00000000099999999989 0.00000000099999999989 0.00000000099999999989 0.94731303478528583462 0.05152436046800441122 0.00116260174670975922 
0.00000000099999999977 0.00000000099999999977 0.00150013871183123028 0.99849985728816870179 0.00000000099999999977 0.00000000099999999977 
0.00000000099999999982 0.00000000099999999982 0.00000000099999999982 0.99019463678997543532 0.00000000099999999982 0.00980535921002453036 
0.00000000099999999997 0.00208089281170661814 0.00000000099999999997 0.99791910318829335491 0.00000000099999999997 0.00000000099999999997 
0.00000000099999999999 0.00002540804019538481 0.00888758402498446634 0.97414286717486420208 0.00778192876028620598 0.00916221099966983178 
0.00000000099999999975 0.00000000099999999975 0.00000000099999999975 0.98745381183582570106 0.00000000099999999975 0.01254618416417422298 
0.00000000099999999984 0.00000000099999999984 0.00000000099999999984 0.99541181215382201763 0.00000000099999999984 0.00458818384617812065 
0.00000000099999999977 0.00000000099999999977 0.00000000099999999977 0.98929302080910208606 0.01070697519089794901 0.00000000099999999977 
0.00000000099999999981 0.00000000099999999981 0.00000000099999999981 0.99535281550348841950 0.00464718049651160342 0.00000000099999999981 
0.00000000099999999971 0.00000000099999999971 0.00000000099999999971 0.96916128856670646918 0.03083870743329339761 0.00000000099999999971 
0.00163273178940676121 0.00000000099999999997 0.00344887181869740506 0.99462873597749024146 0.00028965841440557516 0.00000000099999999997 
0.00000000099999999970 0.00000000099999999970 0.00000000099999999970 0.99999999500000003039 0.00000000099999999970 0.00000000099999999970 
0.00321829673901636356 0.00000000099999999994 0.00218299458797975663 0.99459866352688297564 0.00000004314612103437 0.00000000099999999994 
0.00000000099999999997 0.00000000099999999997 0.00288642689312778797 0.85860063643209949547 0.13851293367477263141 0.00000000099999999997 
0.00000000099999999974 0.00000000099999999974 0.00000000099999999974 0.92969864641059851706 0.07030134958940144341 0.00000000099999999974 
0.00000000099999999992 0.00000000099999999992 0.00000000099999999992 0.99598503867215149032 0.00066936470827870628 0.00334559361956976616 
0.00000000099999999993 0.00000000099999999993 0.00000000099999999993 0.99999999345913370696 0.00000000254086624118 0.00000000099999999993 
0.00000000099999999994 0.00000000099999999994 0.00266194663590507436 0.99733804936409486963 0.00000000099999999994 0.00000000099999999994 
0.00000000099999999984 0.00000000099999999984 0.00127836662590022137 0.99190312611731867865 0.00000000099999999984 0.00681850425678108812 
0.00000000099999999985 0.00000000099999999985 0.00000000099999999985 0.98040086916158997177 0.01959912683841004769 0.00000000099999999985 
0.00000000099999999980 0.00000000099999999980 0.00000000099999999980 0.99986306129958379962 0.00013693470041608953 0.00000000099999999980 
0.00000000099999999978 0.00000000099999999978 0.00000000099999999978 0.95794616350925143600 0.04205383249074860080 0.00000000099999999978 
0.00000000099999999990 0.00000000099999999990 0.00208612822592427194 0.99791386777407575792 0.00000000099999999990 0.00000000099999999990 
0.00000000099999999974 0.00000000099999999974 0.00000000099999999974 0.99999999500000003039 0.00000000099999999974 0.00000000099999999974 
0.00000000099999999966 0.00000000099999999966 0.00000000099999999966 0.99999999500000003039 0.00000000099999999966 0.00000000099999999966 
0.00000000099999999993 0.00000000099999999993 0.00000000099999999993 0.98460155987289821322 0.00000000099999999993 0.01539843612710169521 
0.00000000099999999967 0.00000000099999999967 0.00000000099999999967 0.99999999500000003039 0.00000000099999999967 0.00000000099999999967 
0.00000000099999999990 0.00000000099999999990 0.00000000099999999990 0.98554976855925946477 0.01266469384836038138 0.00178553459238001253 
0.00000000099999999958 0.00000000099999999958 0.00000000099999999958 0.99999999500000003039 0.00000000099999999958 0.00000000099999999958 
0.00000000099999999983 0.00000000099999999983 0.00000000099999999983 0.99841654949538993780 0.00000000099999999983 0.00158344650460999492 
0.00000000099999999987 0.00000000099999999987 0.00000000099999999987 0.99573656201950067057 0.00178690810379499043 0.00247652687670431131 
0.00000000099999999991 0.00000000099999999991 0.00064246307216126028 0.97284153689589480951 0.01927372998969479126 0.00724226804224912049 
0.00000000099999999995 0.00136850248490767213 0.00000000099999999995 0.99863149351509228335 0.00000000099999999995 0.00000000099999999995 
0.00000000099999999989 0.00000000099999999989 0.00000000099999999989 0.99999999500000003039 0.00000000099999999989 0.00000000099999999989 
0.00000000099999999992 0.00109545116776689835 0.00000000099999999992 0.99283111955156411188 0.00607342606170644880 0.00000000121896249383 
0.00000000099999999993 0.00068774294591351242 0.00000000099999999993 0.98319669651126229137 0.01611555754282400013 0.00000000099999999993 
0.00000000099999999993 0.00000000099999999993 0.00000000099999999993 0.99098617273123279503 0.00901382326876721922 0.00000000099999999993 
0.00000000099999999993 0.00000000099999999993 0.00207459093820729166 0.99792540506179272519 0.00000000099999999993 0.00000000099999999993 
0.00000000099999999996 0.00855777342493324600 0.00000000099999999996 0.99073407089451936969 0.00070815268054725124 0.00000000099999999996 
0.00000000099999999997 0.00248785446811774147 0.00118088205528605705 0.99536324031750689212 0.00000000099999999997 0.00096802115908930901 
0.00000000099999999999 0.00056818681478040464 0.00437799495476714779 0.98989595891007942097 0.00515622328394107089 0.00000163503643208091 
0.00000000099999999995 0.00000000099999999995 0.00000000099999999995 0.89879590843816126178 0.07331963766196303300 0.02788445089987571721 
0.00000000099999999983 0.00000000099999999983 0.00000000099999999983 0.99388144409340362095 0.00015153620775646670 0.00596701669883992550 
0.00000000100000000000 0.00269330940804716470 0.00000000100000000000 0.96806202064327495638 0.02924039561161335954 0.00000427233706457477 
0.00000000099999999987 0.00000000099999999987 0.00000000099999999987 0.99999999499999991937 0.00000000099999999987 0.00000000099999999987 
0.00000000099999999963 0.00000000099999999963 0.00000000099999999963 0.99999999499999991937 0.00000000099999999963 0.00000000099999999963 
0.00000000099999999978 0.00000000099999999978 0.00097285974668030696 0.99902713625331973635 0.00000000099999999978 0.00000000099999999978 
0.00000000099999999991 0.00000000099999999991 0.00000000099999999991 0.99371519655444806585 0.00550537152365251740 0.00077942892189924833 
0.00000000099999999986 0.00000000099999999986 0.00000000099999999986 0.98976500609570339240 0.01023498990429647267 0.00000000099999999986 
0.00000000099999999978 0.00000000099999999978 0.00000000099999999978 0.99717405223900401623 0.00000000099999999978 0.00282594376099588960 
0.00000000099999999988 0.00000000099999999988 0.00000000099999999988 0.99052350037599801169 0.00000000099999999988 0.00947649562400206848 
0.00000000099999999993 0.00000000099999999993 0.00000000099999999993 0.99999999499999991937 0.00000000099999999993 0.00000000099999999993 
0.00000000099999999993 0.00000000099999999993 0.00000000099999999993 0.98958482580487672209 0.00000000099999999993 0.01041517019512339451 
0.00000000099999999994 0.00000000099999999994 0.00000000099999999994 0.99036707907918353211 0.00530058868917130960 0.00433232923164510609 
0.00000000099999999999 0.00337704464143669418 0.00239681432211992810 0.99049809460490945145 0.00000068882895657164 0.00372735660257733897 
0.00000000099999999996 0.00000000099999999996 0.00729200135654968582 0.98269413185585974269 0.00000000099999999996 0.01001386378759073527 
0.00000000099999999991 0.00000000099999999991 0.00000000099999999991 0.97487536709348288078 0.00000447283096943447 0.02512015707554779778 
0.00000000099999999984 0.00000000099999999984 0.00000000099999999984 0.99770452043860280433 0.00019355660436558530 0.00210191995703152808 
0.00000000099999999974 0.00000000099999999974 0.00000000099999999974 0.99999999500000003039 0.00000000099999999974 0.00000000099999999974 
