0.00000000099999999862 0.00000000099999999862 0.99999999399999994765 0.00000000099999999862 0.00000000099999999862 0.00000000099999999862 0.00000000099999999862 
0.00000000099999999869 0.00000000099999999869 0.99999999399999983662 0.00000000099999999869 0.00000000099999999869 0.00000000099999999869 0.00000000099999999869 
0.00000000099999999866 0.00000000099999999866 0.99999999399999983662 0.00000000099999999866 0.00000000099999999866 0.00000000099999999866 0.00000000099999999866 
0.00000000099999999868 0.00000000099999999868 0.99999999399999983662 0.00000000099999999868 0.00000000099999999868 0.00000000099999999868 0.00000000099999999868 
0.00000000099999999872 0.00000000099999999872 0.99999999399999983662 0.00000000099999999872 0.00000000099999999872 0.00000000099999999872 0.00000000099999999872 
0.00000000099999999873 0.00000000099999999873 0.99999999399999983662 0.00000000099999999873 0.00000000099999999873 0.00000000099999999873 0.00000000099999999873 
0.00000000099999999865 0.00000000099999999865 0.99999999399999983662 0.00000000099999999865 0.00000000099999999865 0.00000000099999999865 0.00000000099999999865 
0.00000000099999999877 0.00000000099999999877 0.99999999399999983662 0.00000000099999999877 0.00000000099999999877 0.00000000099999999877 0.00000000099999999877 
0.00000000099999999868 0.00000000099999999868 0.99999999399999983662 0.00000000099999999868 0.00000000099999999868 0.00000000099999999868 0.00000000099999999868 
0.00000000099999999876 0.00000000099999999876 0.99999999399999994765 0.00000000099999999876 0.00000000099999999876 0.00000000099999999876 0.00000000099999999876 
0.00000000099999999872 0.00000000099999999872 0.99999999399999983662 0.00000000099999999872 0.00000000099999999872 0.00000000099999999872 0.00000000099999999872 
0.00000000099999999895 0.00000000099999999895 0.99999999399999983662 0.00000000099999999895 0.00000000099999999895 0.00000000099999999895 0.00000000099999999895 
0.00000000099999999872 0.00000000099999999872 0.99999999399999994765 0.00000000099999999872 0.00000000099999999872 0.00000000099999999872 0.00000000099999999872 
0.00000000099999999868 0.00000000099999999868 0.99999999399999983662 0.00000000099999999868 0.00000000099999999868 0.00000000099999999868 0.00000000099999999868 
0.00000000099999999871 0.00000000099999999871 0.99999999399999994765 0.00000000099999999871 0.00000000099999999871 0.00000000099999999871 0.00000000099999999871 
0.00000000099999999870 0.00000000099999999870 0.99999999399999994765 0.00000000099999999870 0.00000000099999999870 0.00000000099999999870 0.00000000099999999870 
0.00000000099999999869 0.00000000099999999869 0.99999999399999994765 0.00000000099999999869 0.00000000099999999869 0.00000000099999999869 0.00000000099999999869 
0.00000000099999999879 0.00000000099999999879 0.99999999399999994765 0.00000000099999999879 0.00000000099999999879 0.00000000099999999879 0.00000000099999999879 
0.00000000099999999880 0.00000000099999999880 0.99999999399999994765 0.00000000099999999880 0.00000000099999999880 0.00000000099999999880 0.00000000099999999880 
0.00000000099999999878 0.00000000099999999878 0.99999999399999994765 0.00000000099999999878 0.00000000099999999878 0.00000000099999999878 0.00000000099999999878 
0.00000000099999999873 0.00000000099999999873 0.99999999399999994765 0.00000000099999999873 0.00000000099999999873 0.00000000099999999873 0.00000000099999999873 
0.00000000099999999876 0.00000000099999999876 0.99999999399999994765 0.00000000099999999876 0.00000000099999999876 0.00000000099999999876 0.00000000099999999876 
0.00000000099999999874 0.00000000099999999874 0.99999999399999994765 0.00000000099999999874 0.00000000099999999874 0.00000000099999999874 0.00000000099999999874 
0.00000000099999999876 0.00000000099999999876 0.99999999399999994765 0.00000000099999999876 0.00000000099999999876 0.00000000099999999876 0.00000000099999999876 
0.00000000099999999911 0.00000000099999999911 0.99999999400000005867 0.00000000099999999911 0.00000000099999999911 0.00000000099999999911 0.00000000099999999911 
0.00000000099999999873 0.00000000099999999873 0.99999999399999994765 0.00000000099999999873 0.00000000099999999873 0.00000000099999999873 0.00000000099999999873 
0.00000000099999999877 0.00000000099999999877 0.99999999399999983662 0.00000000099999999877 0.00000000099999999877 0.00000000099999999877 0.00000000099999999877 
0.00000000099999999880 0.00000000099999999880 0.99999999399999994765 0.00000000099999999880 0.00000000099999999880 0.00000000099999999880 0.00000000099999999880 
0.00000000099999999881 0.00000000099999999881 0.99999999399999994765 0.00000000099999999881 0.00000000099999999881 0.00000000099999999881 0.00000000099999999881 
0.00000000099999999877 0.00000000099999999877 0.99999999399999994765 0.00000000099999999877 0.00000000099999999877 0.00000000099999999877 0.00000000099999999877 
0.00000000099999999895 0.00000000099999999895 0.99999999399999994765 0.00000000099999999895 0.00000000099999999895 0.00000000099999999895 0.00000000099999999895 
0.00000000099999999914 0.00000000099999999914 0.99999999399999994765 0.00000000099999999914 0.00000000099999999914 0.00000000099999999914 0.00000000099999999914 
0.00000000099999999890 0.00000000099999999890 0.99999999399999983662 0.00000000099999999890 0.00000000099999999890 0.00000000099999999890 0.00000000099999999890 
0.00000000099999999907 0.00000000099999999907 0.99999999400000005867 0.00000000099999999907 0.00000000099999999907 0.00000000099999999907 0.00000000099999999907 
0.00000000099999999890 0.00000000099999999890 0.99999999399999994765 0.00000000099999999890 0.00000000099999999890 0.00000000099999999890 0.00000000099999999890 
0.00000000099999999900 0.00000000099999999900 0.99999999399999983662 0.00000000099999999900 0.00000000099999999900 0.00000000099999999900 0.00000000099999999900 
0.00000000099999999892 0.00000000099999999892 0.99999999399999983662 0.00000000099999999892 0.00000000099999999892 0.00000000099999999892 0.00000000099999999892 
0.00000000099999999893 0.00000000099999999893 0.99999999399999983662 0.00000000099999999893 0.00000000099999999893 0.00000000099999999893 0.00000000099999999893 
0.00000000099999999897 0.00000000099999999897 0.99999999399999983662 0.00000000099999999897 0.00000000099999999897 0.00000000099999999897 0.00000000099999999897 
0.00000000099999999917 0.00000000099999999917 0.99999999399999994765 0.00000000099999999917 0.00000000099999999917 0.00000000099999999917 0.00000000099999999917 
0.00000000099999999892 0.00000000099999999892 0.99999999399999983662 0.00000000099999999892 0.00000000099999999892 0.00000000099999999892 0.00000000099999999892 
0.00000000099999999904 0.00000000099999999904 0.99999999399999994765 0.00000000099999999904 0.00000000099999999904 0.00000000099999999904 0.00000000099999999904 
0.00000000099999999895 0.00000000099999999895 0.99999999399999994765 0.00000000099999999895 0.00000000099999999895 0.00000000099999999895 0.00000000099999999895 
0.00000000099999999893 0.00000000099999999893 0.99999999399999994765 0.00000000099999999893 0.00000000099999999893 0.00000000099999999893 0.00000000099999999893 
0.00000000099999999904 0.00000000099999999904 0.99999999399999994765 0.00000000099999999904 0.00000000099999999904 0.00000000099999999904 0.00000000099999999904 
0.00000000099999999896 0.00000000099999999896 0.99999999399999994765 0.00000000099999999896 0.00000000099999999896 0.00000000099999999896 0.00000000099999999896 
0.00000000099999999901 0.00000000099999999901 0.99999999399999994765 0.00000000099999999901 0.00000000099999999901 0.00000000099999999901 0.00000000099999999901 
0.00000000099999999922 0.00000000099999999922 0.99999999399999994765 0.00000000099999999922 0.00000000099999999922 0.00000000099999999922 0.00000000099999999922 
0.00000000099999999925 0.00000000099999999925 0.99999999400000005867 0.00000000099999999925 0.00000000099999999925 0.00000000099999999925 0.00000000099999999925 
0.00000000099999999934 0.00000000099999999934 0.99999999399999994765 0.00000000099999999934 0.00000000099999999934 0.00000000099999999934 0.00000000099999999934 
0.00000000099999999962 0.00000000099999999962 0.99999999400000005867 0.00000000099999999962 0.00000000099999999962 0.00000000099999999962 0.00000000099999999962 
0.40176224323663728422 0.00000000099999999971 0.00000000099999999971 0.00000000099999999971 0.00014081427399145074 0.59809693848937117711 0.00000000099999999971 
0.44377256155530087067 0.00000000099999999939 0.00000000099999999939 0.00000000099999999939 0.00000000099999999939 0.55622743344469893767 0.00000000099999999939 
0.48806295908362767877 0.00000000099999999979 0.00000000099999999979 0.00000000099999999979 0.00000000099999999979 0.51193703591637207406 0.00000000099999999979 
0.39257384994097849207 0.00000000099999999913 0.00000000099999999913 0.00000000099999999913 0.00000000099999999913 0.60742614505902137179 0.00000000099999999913 
0.39548216090082677354 0.00000000099999999926 0.00000000099999999926 0.00000000099999999926 0.00000000099999999926 0.60451783409917303480 0.00000000099999999926 
0.40255705177400563644 0.00000000099999999911 0.00000000099999999911 0.00000000099999999911 0.00000000099999999911 0.59744294322599422742 0.00000000099999999911 
0.39481397560874337271 0.00000000099999999950 0.00000000099999999950 0.00000000099999999950 0.00000000099999999950 0.60518601939125638012 0.00000000099999999950 
0.37385397947412696285 0.00000000099999999922 0.00000000099999999922 0.00000000099999999922 0.00000000099999999922 0.62614601552587290101 0.00000000099999999922 
0.40477922679381816984 0.00000000099999999946 0.00000000099999999946 0.00000000099999999946 0.00000000099999999946 0.59522076820618174953 0.00000000099999999946 
0.39716296430707509479 0.00000000099999999996 0.00000000099999999996 0.00474427509962070063 0.00000000099999999996 0.59809275659330396469 0.00000000099999999996 
0.42576921169971421177 0.00000000099999999928 0.00000000099999999928 0.00000000099999999928 0.00000000099999999928 0.57423078330028554106 0.00000000099999999928 
0.42180906036971910211 0.00000000099999999923 0.00000000099999999923 0.00000000099999999923 0.00000000099999999923 0.57819093463028081725 0.00000000099999999923 
0.42653168372199262715 0.00000000099999999987 0.00000000099999999987 0.00476385338908048763 0.00000000099999999987 0.56870445888892673381 0.00000000099999999987 
0.43015793839653632125 0.00000000099999999939 0.00000000099999999939 0.00000000099999999939 0.00000000099999999939 0.56984205660346354261 0.00000000099999999939 
0.38336795811623441965 0.00000000099999999981 0.00000000099999999981 0.00000000099999999981 0.00000000099999999981 0.61663203688376533318 0.00000000099999999981 
0.39330435528234164444 0.00000000099999999916 0.00000000099999999916 0.00000000099999999916 0.00000000099999999916 0.60669563971765827493 0.00000000099999999916 
0.48818028671250957018 0.00000000099999999951 0.00000000099999999951 0.00000000099999999951 0.00000000099999999951 0.51181970828749012714 0.00000000099999999951 
0.48455131187200950471 0.00000000099999999981 0.00000000099999999981 0.00000000099999999981 0.00000000099999999981 0.51544868312799019261 0.00000000099999999981 
0.43186900331319477697 0.00000000099999999931 0.00000000099999999931 0.00000000099999999931 0.00000000099999999931 0.56813099168680514239 0.00000000099999999931 
0.41932054667609736098 0.00000000099999999933 0.00000000099999999933 0.00000000099999999933 0.00000000099999999933 0.58067944832390250287 0.00000000099999999933 
0.41091743140678810287 0.00000000099999999936 0.00000000099999999936 0.00000000099999999936 0.00000000099999999936 0.58908256359321164997 0.00000000099999999936 
0.40809786740907744162 0.00000000099999999912 0.00000000099999999912 0.00000000099999999912 0.00000000099999999912 0.59190212759092242223 0.00000000099999999912 
0.44325787519959614080 0.00000000099999999945 0.00000000099999999945 0.00000000099999999945 0.00000000099999999945 0.55674211980040377856 0.00000000099999999945 
0.46490088775127808018 0.00000000099999999938 0.00000000099999999938 0.00000000099999999938 0.00000000099999999938 0.53509910724872167265 0.00000000099999999938 
0.49448281846176039833 0.00000000099999999965 0.00000000099999999965 0.00000000099999999965 0.00000000099999999965 0.50551717653823935450 0.00000000099999999965 
0.40516262633012301020 0.00000000099999999926 0.00000000099999999926 0.00000000099999999926 0.00000000099999999926 0.59483736866987690917 0.00000000099999999926 
0.46565952353087491922 0.00000000099999999943 0.00000000099999999943 0.00000000099999999943 0.00000000099999999943 0.53434047146912488913 0.00000000099999999943 
0.45342509998463098597 0.00000000099999999990 0.00050267483821980524 0.00470122420070921351 0.00000000099999999990 0.54137099797643983834 0.00000000099999999990 
0.39992310857585594563 0.00000000099999999996 0.00000000099999999996 0.00000000099999999996 0.00101634516254279226 0.59906054217618176505 0.00000000108541936197 
0.45116401927403709804 0.00000000099999999946 0.00000000099999999946 0.00000000099999999946 0.00000000099999999946 0.54883597572596265479 0.00000000099999999946 
0.38375499873209428792 0.00000000099999999928 0.00000000099999999928 0.00000000099999999928 0.00000000099999999928 0.61624499626790552043 0.00000000099999999928 
0.42535919043531911221 0.00318896589528086267 0.00113412796231963844 0.00000000099999999989 0.00000000099999999989 0.57031771270708042643 0.00000000099999999989 
0.53926035438269692701 0.00000000099999999965 0.00000000099999999965 0.00000000099999999965 0.00000000099999999965 0.46073964061730310338 0.00000000099999999965 
0.45942904922437005633 0.00000000099999999959 0.00000000099999999959 0.00000000099999999959 0.00000000099999999959 0.54057094577562969651 0.00000000099999999959 
0.47271780598043611210 0.00000000099999999949 0.00000000099999999949 0.00000000099999999949 0.00000000099999999949 0.52728218901956369624 0.00000000099999999949 
0.42134239163051512289 0.00000000099999999961 0.00000000099999999961 0.00000000099999999961 0.00000000099999999961 0.57865760336948457443 0.00000000099999999961 
0.48366591829168259498 0.00000000099999999947 0.00000000099999999947 0.00000000099999999947 0.00000000099999999947 0.51633407670831732439 0.00000000099999999947 
0.48063404398203712908 0.00000000099999999954 0.00000000099999999954 0.00000000099999999954 0.00000000099999999954 0.51936595101796267926 0.00000000099999999954 
0.51839344269141718335 0.00000000099999999949 0.00000000099999999949 0.00000000099999999949 0.00000000099999999949 0.48160655230858279152 0.00000000099999999949 
0.41458225578957697000 0.00000000099999999984 0.00000000099999999984 0.00000000099999999984 0.00000000099999999984 0.58208918441082513340 0.00332855579959783019 
0.42483269330486961302 0.00000000099999999969 0.00000000099999999969 0.00000000099999999969 0.00000000099999999969 0.57516730169513030635 0.00000000099999999969 
0.43549832978095454061 0.00000000099999999985 0.00000000099999999985 0.00000000099999999985 0.00000000099999999985 0.56450166521904521222 0.00000000099999999985 
0.41201023472045167351 0.00000000099999999957 0.00000000099999999957 0.00000000099999999957 0.00000000099999999957 0.58798976027954807932 0.00000000099999999957 
0.47551535808463946120 0.00000000099999999933 0.00000000099999999933 0.00000000099999999933 0.00000000099999999933 0.52448463691536040265 0.00000000099999999933 
0.45514783770547345698 0.00000000099999999929 0.00000000099999999929 0.00000000099999999929 0.00000000099999999929 0.54485215729452640687 0.00000000099999999929 
0.47080360958232980728 0.00000000099999999934 0.00000000099999999934 0.00000000099999999934 0.00000000099999999934 0.52919638541767000106 0.00000000099999999934 
0.45333482225870452842 0.00000000099999999939 0.00000000099999999939 0.00000000099999999939 0.00000000099999999939 0.54666517274129522441 0.00000000099999999939 
0.48443566372882973514 0.00000000099999999978 0.00000000099999999978 0.00000000099999999978 0.00000000099999999978 0.51374586454584081352 0.00181846772532928865 
0.44758516920597751776 0.00000000099999999929 0.00000000099999999929 0.00000000099999999929 0.00000000099999999929 0.55241482579402234609 0.00000000099999999929 
0.50011759262309063434 0.00000000099999999955 0.00000000099999999955 0.00000000099999999955 0.00000000099999999955 0.49988240237690939605 0.00000000099999999955 
0.43325417608571348271 0.00000000099999999935 0.00000000099999999935 0.00000000099999999935 0.00000000099999999935 0.56674581891428632563 0.00000000099999999935 
0.48744394648245287227 0.00000000099999999943 0.00000000099999999943 0.00000000099999999943 0.00000000099999999943 0.51255604851754688056 0.00000000099999999943 
0.46201748731253433622 0.00000000099999999956 0.00000000099999999956 0.00000000099999999956 0.00000000099999999956 0.53798250768746558315 0.00000000099999999956 
0.41919015368582995817 0.00000000099999999958 0.00000000099999999958 0.00000000099999999958 0.00000000099999999958 0.58080984131417001670 0.00000000099999999958 
0.44379345645115697572 0.00000000099999999942 0.00000000099999999942 0.00000000099999999942 0.00000000099999999942 0.55620653854884294365 0.00000000099999999942 
0.42572067316645395563 0.00000000099999999946 0.00000000099999999946 0.00000000099999999946 0.00000000099999999946 0.57427932183354590823 0.00000000099999999946 
0.43624420200080882282 0.00000000099999999965 0.00000000099999999965 0.00000000099999999965 0.00000000099999999965 0.56375579299919098553 0.00000000099999999965 
0.45344183436601182002 0.00000000099999999965 0.00111938614485760138 0.00000000099999999965 0.00000000099999999965 0.54543877548913055620 0.00000000099999999965 
0.44131107939630631609 0.00000000099999999938 0.00000000099999999938 0.00000000099999999938 0.00000000099999999938 0.55868891560369360327 0.00000000099999999938 
0.42717523957803910095 0.00000000099999999964 0.00000000099999999964 0.00000000099999999964 0.00000000099999999964 0.57282475542196076290 0.00000000099999999964 
0.46903023440512886522 0.00000000099999999931 0.00000000099999999931 0.00000000099999999931 0.00000000099999999931 0.53096976059487088762 0.00000000099999999931 
0.49188338868364611667 0.00000000099999999983 0.00000000099999999983 0.00000000099999999983 0.00000000099999999983 0.50811660631635358065 0.00000000099999999983 
0.46346957249571230086 0.00000000099999999967 0.00169167453825259896 0.00000000099999999967 0.00000000099999999967 0.53483874896603500471 0.00000000099999999967 
0.47758475158131180605 0.00000000099999999987 0.00000000099999999987 0.00000000099999999987 0.00000000099999999987 0.52141555313593535015 0.00099969128275277565 
0.43258169392253231766 0.00000000099999999961 0.00000000099999999961 0.00000000099999999961 0.00000000099999999961 0.56741830107746749068 0.00000000099999999961 
0.49964091967272139527 0.00000000099999999980 0.00000000099999999980 0.00000000099999999980 0.00000000099999999980 0.50035907532727841307 0.00000000099999999980 
0.38666462604504359124 0.00000000099999999998 0.00362677762340448415 0.00181185609890711918 0.00000000099999999998 0.60303043528756949954 0.00486630294507519115 
0.43947020935245489914 0.00000000099999999998 0.00131030504240040794 0.00310908102652294885 0.00000000099999999998 0.55483209531519195323 0.00127830726342955791 
0.44714989704055363440 0.00000000099999999989 0.00000004683238102886 0.00000000099999999989 0.00000000099999999989 0.54769949551717400649 0.00515055760989132413 
0.45929239518200926096 0.00294130070953977025 0.00000000099999999983 0.00000000099999999983 0.00000000099999999983 0.53776630010845083429 0.00000000099999999983 
0.46953233536389610281 0.00000000099999999996 0.00315615248898324209 0.00093616941976776800 0.00091460109784368717 0.52546073962950901048 0.00000000099999999996 
0.42803629548385652148 0.00070522631483065329 0.00232950651934917029 0.00169109161654970889 0.00000000099999999996 0.56701684652136219444 0.00022103254405161419 
0.00954709384855698812 0.00000000099999999948 0.00000000099999999948 0.00000000099999999948 0.00000000099999999948 0.99045290115144302145 0.00000000099999999948 
0.00000000099999999941 0.00000000099999999941 0.00000000099999999941 0.00000000099999999941 0.00000000099999999941 0.99999999400000005867 0.00000000099999999941 
0.00693971500836525895 0.00000000099999999968 0.00000000099999999968 0.00000000099999999968 0.00000000099999999968 0.99306027999163470898 0.00000000099999999968 
0.00000000099999999986 0.00000000099999999986 0.00000000099999999986 0.00000000099999999986 0.00000000099999999986 0.99887177458146614306 0.00112822041853394847 
0.00000000099999999936 0.00000000099999999936 0.00000000099999999936 0.00000000099999999936 0.00000000099999999936 0.99999999399999994765 0.00000000099999999936 
0.00000000099999999947 0.00000000099999999947 0.00000000099999999947 0.00000000099999999947 0.00000000099999999947 0.99999999399999994765 0.00000000099999999947 
0.00082063820278222488 0.00000000099999999958 0.00000000099999999958 0.00000000099999999958 0.00000000099999999958 0.99917935679721781028 0.00000000099999999958 
0.00594533711878499852 0.00000000099999999957 0.00000000099999999957 0.00000000099999999957 0.00000000099999999957 0.99405465788121483151 0.00000000099999999957 
0.00169348598595278404 0.00000000099999999946 0.00000000099999999946 0.00000000099999999946 0.00000000099999999946 0.99830650901404727193 0.00000000099999999946 
0.00000000099999999980 0.00000000099999999980 0.00093890286769220241 0.00000000099999999980 0.00000000099999999980 0.99906109213230775978 0.00000000099999999980 
0.00000000099999999948 0.00000000099999999948 0.00000000099999999948 0.00000000099999999948 0.00000000099999999948 0.99999999399999994765 0.00000000099999999948 
0.00373324096884037823 0.00000000099999999932 0.00000000099999999932 0.00000000099999999932 0.00000000099999999932 0.99626675403115960705 0.00000000099999999932 
0.00000000099999999945 0.00000000099999999945 0.00000000099999999945 0.00000000099999999945 0.00000000099999999945 0.99999999399999994765 0.00000000099999999945 
0.00134876863731287389 0.00000000099999999950 0.00000000099999999950 0.00000000099999999950 0.00000000099999999950 0.99865122636268721656 0.00000000099999999950 
0.00000000099999999968 0.00000000099999999968 0.00124149233760410533 0.00000000099999999968 0.00000000099999999968 0.99875850266239574182 0.00000000099999999968 
0.03000632744004136723 0.00000000099999999954 0.00000000099999999954 0.00000000099999999954 0.00000000099999999954 0.96999366755995863887 0.00000000099999999954 
0.00318513001112941292 0.00000000099999999960 0.00000000099999999960 0.00000000099999999960 0.00000000099999999960 0.99681486498887050818 0.00000000099999999960 
0.00000000099999999924 0.00000000099999999924 0.00000000099999999924 0.00000000099999999924 0.00000000099999999924 0.99999999400000005867 0.00000000099999999924 
0.01139100320802351185 0.00000000099999999996 0.00081610652465166731 0.00160366758088958212 0.00023870734341656301 0.98595051334301875290 0.00000000099999999996 
0.05099729221473960766 0.00271716596122270311 0.00000000099999999982 0.00000000099999999982 0.00000000099999999982 0.94628553782403779238 0.00000000099999999982 
0.00000000099999999984 0.00000000099999999984 0.00000000099999999984 0.00000000099999999984 0.00000000099999999984 0.99999999400000005867 0.00000000099999999984 
0.04982723643649118739 0.00295053133209431532 0.00305648053619584758 0.00000000099999999996 0.00000000099999999996 0.94032731385371548516 0.00383843584150317949 
0.06624417215482197863 0.00000000099999999983 0.00000000099999999983 0.00000000099999999983 0.00000000099999999983 0.93025776721970043770 0.00349805662547748907 
0.06225020390580997265 0.00000000099999999979 0.00000000099999999979 0.00000000099999999979 0.00000000099999999979 0.93227005939419749225 0.00547973269999256062 
0.01189426975196974413 0.00000000099999999989 0.00000000099999999989 0.00120737900181722754 0.00000000099999999989 0.98689834724621305906 0.00000000099999999989 
0.06009910489815140783 0.00000000099999999997 0.00004546295034782149 0.00197937468294047923 0.00000000099999999997 0.93675062117230645242 0.00112543429625375788 
0.03571345133506977076 0.00000000099999999981 0.00000000099999999981 0.00000000099999999981 0.00000000099999999981 0.96060449849760354279 0.00368204616732664388 
0.02954675074313165700 0.00287533140188526125 0.00000000099999999975 0.00000000099999999975 0.00000000099999999975 0.96757791385498315151 0.00000000099999999975 
0.02337972498164078705 0.00000000099999999986 0.00000000099999999986 0.00000000099999999986 0.00000000099999999986 0.97485545315926325216 0.00176481785909599867 
0.05914771190625316838 0.00000000099999999978 0.00000000099999999978 0.00000000099999999978 0.00000000099999999978 0.94085228309374679956 0.00000000099999999978 
0.03944869478911986610 0.00000000099999999973 0.00000000099999999973 0.00000000099999999973 0.00000000099999999973 0.95703178292989699028 0.00351951828098310930 
0.03897621993484016306 0.00220346275090767436 0.00028968748038262718 0.00173997149692969237 0.00000000099999999997 0.95643966125201629325 0.00035099608492354515 
0.05141104710552541618 0.01209361718358239329 0.00000000099999999972 0.00000000099999999972 0.00000000099999999972 0.93649533171089205386 0.00000000099999999972 
0.02037890366389671915 0.00000000099999999989 0.00004281766108466403 0.00000000099999999989 0.00000000099999999989 0.97957827467501856766 0.00000000099999999989 
0.05959046754408682534 0.00000000099999999972 0.00000000099999999972 0.00000000099999999972 0.00000000099999999972 0.94040952745591321893 0.00000000099999999972 
0.07772788800991005387 0.00000000099999999956 0.00000000099999999956 0.00000000099999999956 0.00000000099999999956 0.92227210699008987937 0.00000000099999999956 
0.04372632114228281602 0.00138895486965907172 0.00000000099999999981 0.00000000099999999981 0.00000000099999999981 0.95488471998805801721 0.00000000099999999981 
0.07662432417975488519 0.00000000099999999998 0.00000000099999999998 0.00000000099999999998 0.00000000099999999998 0.91240218458848731942 0.01097348723175772291 
0.11878538961183972289 0.00000000099999999999 0.00000000099999999999 0.00000000099999999999 0.00000000099999999999 0.87744757453606081476 0.00376703185209937034 
0.15069220055812365677 0.00000000099999999999 0.00000000160056935577 0.00000000099999999999 0.00000000099999999999 0.82920555450148203391 0.02010224033982507472 
0.05953135805753149296 0.00000000099999999963 0.00598239485135752813 0.00000000099999999963 0.00000000099999999963 0.93448624309111094632 0.00000000099999999963 
0.10357923481035159752 0.01874052535556981411 0.00000000099999999998 0.00000000099999999998 0.00000000099999999998 0.87768023583407850374 0.00000000099999999998 
0.23828032021955181108 0.00000000099999999998 0.00000000099999999998 0.00000000099999999998 0.00189376048784293963 0.75982591529260523622 0.00000000099999999998 
0.00626981822927911211 0.00000000099999999990 0.00066901109727959980 0.00000000099999999990 0.00000000099999999990 0.99306116667344124238 0.00000000099999999990 
0.00045388068134314568 0.00585331071891837668 0.00525160914383832750 0.00000000099999999999 0.00000000099999999999 0.98844119645590022838 0.00000000099999999999 
0.03382688089746797161 0.00000000099999999983 0.01584489574574948420 0.00000000099999999983 0.00000000099999999983 0.95032821935678257752 0.00000000099999999983 
0.01906369975508356157 0.00000000099999999991 0.00173854292630013191 0.00000000099999999991 0.00000000099999999991 0.97919775331861635959 0.00000000099999999991 
0.01746813800409140194 0.00000000099999999964 0.00836895192822002115 0.00000000099999999964 0.00000000099999999964 0.97416290606768840554 0.00000000099999999964 
0.02180609539005941983 0.00000000099999999991 0.00219003725355878696 0.00000000099999999991 0.00000000099999999991 0.97600386335638178448 0.00000000099999999991 
0.03891859581577879895 0.00000000099999999933 0.00000000099999999933 0.00000000099999999933 0.00000000099999999933 0.96108139918422130776 0.00000000099999999933 
0.00616840965966097051 0.00000000099999999959 0.00000000099999999959 0.00000000099999999959 0.00000000099999999959 0.99383158534033899656 0.00000000099999999959 
0.24960529795058927771 0.00000000099999999993 0.00000000099999999993 0.00091040216063534242 0.00000000099999999993 0.74891124568615297097 0.00057305120262247076 
0.22305901155931398550 0.00000000099999999982 0.00141467287526720188 0.00000000099999999982 0.00000000099999999982 0.77552631156541873558 0.00000000099999999982 
0.10719580373712639387 0.00000000099999999998 0.00000000099999999998 0.26739763453444714836 0.05925380890162099123 0.56615274629351797220 0.00000000453328756226 
0.27924508836570277603 0.00000000099999999992 0.00384119870991727090 0.00158653964112279405 0.00000000099999999992 0.71300749900913007462 0.00231967227412696250 
0.25126940879766529457 0.00000000099999999999 0.00210104425800940360 0.00308130467104432253 0.00000000099999999999 0.74354823927328095312 0.00000000099999999999 
0.10585093797804027982 0.00000000099999999998 0.00000000099999999998 0.29153104530534068584 0.05677733203760700065 0.54584068167901200752 0.00000000099999999998 
0.17379141357158944814 0.00000000099999999995 0.00000000099999999995 0.22780655603223701200 0.04550549011071242100 0.55289653728546106493 0.00000000099999999995 
0.12230605786374905419 0.00000000099999999999 0.00000000099999999999 0.24068645602731897348 0.02602028678545798349 0.61098655652518685244 0.00000064079828706321 
0.14396409706947677076 0.00000000099999999993 0.00000000099999999993 0.20385712852439746845 0.00000000099999999993 0.59491176224494235480 0.05726700916118338675 
0.16930012234699004514 0.00000000099999999997 0.00089929627083940229 0.21878052295100181013 0.00000000099999999997 0.59067886603284902591 0.02034119039831959810 
0.24280525446609629858 0.00000000099999999981 0.00000000099999999981 0.00000000099999999981 0.00000000099999999981 0.75719474053390378732 0.00000000099999999981 
0.11836923698315326980 0.03490687420884416858 0.00000000099999999995 0.26391826718244715266 0.00000000099999999995 0.58280561862555535502 0.00000000099999999995 
0.23497364109141222199 0.00031950071549510317 0.00680232907864995479 0.00539896920067185152 0.00013884947972411492 0.75236670943404670986 0.00000000099999999998 
0.14941299050587650288 0.00000000099999999998 0.00000000099999999998 0.29248974891050966152 0.03378374692575893817 0.52431351065785503085 0.00000000099999999998 
0.25913366746331301105 0.00000000099999999972 0.00271092903076115919 0.00000000099999999972 0.00000000099999999972 0.73815539950592568008 0.00000000099999999972 
0.27046631836564105633 0.00000000099999999966 0.00000000099999999966 0.00000000099999999966 0.00000000099999999966 0.72953367663435886303 0.00000000099999999966 
0.15213819375129070122 0.00000000099999999996 0.00556029402988044742 0.28066150610355461437 0.00000000099999999996 0.52911823876171015790 0.03252176535356401249 
0.22709835323234220383 0.00000000099999999979 0.00057240704404372866 0.00000000099999999979 0.00000000099999999979 0.77232923572361400488 0.00000000099999999979 
0.25884830380671070005 0.00000000099999999995 0.00000000099999999995 0.00207564681009859801 0.00047876511105968399 0.73859728127213097881 0.00000000099999999995 
0.12065422884410620386 0.00000000099999999998 0.00000000099999999998 0.00000000099999999998 0.00631834437994988844 0.87302742277594380660 0.00000000099999999998 
0.01957336100154314154 0.09709448186728561470 0.00000000099999999999 0.00000000099999999999 0.00000000099999999999 0.88333215313117108280 0.00000000099999999999 
0.07039532835974127156 0.00000000099999999993 0.00000000099999999993 0.00000000099999999993 0.00000000099999999993 0.92383694530641657927 0.00576772233384211831 
0.00318900090207253559 0.00000000099999999987 0.00000000099999999987 0.00000000099999999987 0.00000000099999999987 0.99365546235530999297 0.00315553274261732219 
0.05754615539441840927 0.00127491969402194929 0.00000000099999999998 0.02566354542167464253 0.00000000099999999998 0.91551537648988501328 0.00000000099999999998 
0.00000000099999999948 0.00000000099999999948 0.00000000099999999948 0.00000000099999999948 0.00000000099999999948 0.99999999399999994765 0.00000000099999999948 
0.00000000099999999967 0.00000000099999999967 0.00000000099999999967 0.00000000099999999967 0.00000000099999999967 0.99999999400000005867 0.00000000099999999967 
0.00000000099999999988 0.00000000099999999988 0.00000000099999999988 0.04029202088020786970 0.00000000099999999988 0.79895590315265518910 0.16075207196713695024 
0.00000000099999999973 0.00000000099999999973 0.00000000099999999973 0.00000000099999999973 0.00000000099999999973 0.99830084270576235905 0.00169915229423766656 
0.00000000099999999980 0.00000000099999999980 0.00000000099999999980 0.00000000099999999980 0.00000000099999999980 0.99887709454066531123 0.00112290045933478616 
0.00000000099999999897 0.00000000099999999897 0.00000000099999999897 0.00000000099999999897 0.00000000099999999897 0.99999999399999994765 0.00000000099999999897 
0.00032539943539041814 0.00000000099999999926 0.00000000099999999926 0.00000000099999999926 0.00000000099999999926 0.99967459556460946946 0.00000000099999999926 
0.00113726791072758728 0.00000000099999999929 0.00000000099999999929 0.00000000099999999929 0.00000000099999999929 0.99886272708927248409 0.00000000099999999929 
0.00000000099999999933 0.00000000099999999933 0.00000000099999999933 0.00000000099999999933 0.00000000099999999933 0.99999999399999994765 0.00000000099999999933 
0.00000000099999999914 0.00000000099999999914 0.00000000099999999914 0.00000000099999999914 0.00000000099999999914 0.99999999399999994765 0.00000000099999999914 
0.00811942000030588251 0.00000000099999999949 0.00000000099999999949 0.00000000099999999949 0.00000000099999999949 0.99188057499969417563 0.00000000099999999949 
0.00299267631695798297 0.00000000099999999974 0.00000000099999999974 0.00000000099999999974 0.00000000099999999974 0.99700731868304193206 0.00000000099999999974 
0.00000000099999999942 0.00000000099999999942 0.00000000099999999942 0.00000000099999999942 0.00000000099999999942 0.99999999400000005867 0.00000000099999999942 
0.00000000099999999980 0.01063312822283558022 0.00000000099999999980 0.00000000099999999980 0.00000000099999999980 0.98936686677716434435 0.00000000099999999980 
0.03282822410313746692 0.00000000099999999979 0.00037746827202314581 0.00000000099999999979 0.00000000099999999979 0.96679430362483942396 0.00000000099999999979 
0.00642442739760888670 0.00000000099999999957 0.00000000099999999957 0.00000000099999999957 0.00000000099999999957 0.99357556760239118532 0.00000000099999999957 
0.00637450100106404498 0.00000000099999999985 0.00000000099999999985 0.00000000099999999985 0.00131033094163689168 0.99231516405729902619 0.00000000099999999985 
0.00000000099999999929 0.00000000099999999929 0.00000000099999999929 0.00000000099999999929 0.00000000099999999929 0.99999999400000005867 0.00000000099999999929 
0.00000000099999999956 0.00000000099999999956 0.00000000099999999956 0.00000000099999999956 0.00000000099999999956 0.99999999399999994765 0.00000000099999999956 
0.00675828025957943366 0.00000000099999999980 0.00000000099999999980 0.00000000099999999980 0.00133731555972087593 0.99190440018069969685 0.00000000099999999980 
0.03723777939679565052 0.00784382543414881631 0.00000000099999999989 0.00000000099999999989 0.00000000099999999989 0.95491839116905552487 0.00000000099999999989 
0.00936226284370436646 0.00000000099999999963 0.00000000099999999963 0.00000000099999999963 0.00000000099999999963 0.99063773215629569169 0.00000000099999999963 
0.00651092434107965190 0.00000000099999999958 0.00000000099999999958 0.00000000099999999958 0.00000000099999999958 0.99348907065892033685 0.00000000099999999958 
0.00000000099999999916 0.00000000099999999916 0.00000000099999999916 0.00000000099999999916 0.00000000099999999916 0.99999999400000005867 0.00000000099999999916 
0.00444162193115428972 0.00000000099999999954 0.00000000099999999954 0.00000000099999999954 0.00000000099999999954 0.99555837306884564786 0.00000000099999999954 
0.02340340091788614685 0.00000000099999999953 0.00000000099999999953 0.00000000099999999953 0.00000000099999999953 0.97659659408211385578 0.00000000099999999953 
0.00703680791643687860 0.00000000099999999968 0.00000000099999999968 0.00000000099999999968 0.00000000099999999968 0.99296318708356312577 0.00000000099999999968 
0.07695385168382870567 0.00000000099999999994 0.00207414783870774055 0.00000000099999999994 0.00000000099999999994 0.92097199647746341711 0.00000000099999999994 
0.01156542087775296046 0.00000000099999999995 0.00150262767800939134 0.00000000099999999995 0.00000000099999999995 0.98649122941859823666 0.00044071902563948067 
0.00000000099999999983 0.00000000099999999983 0.00020146027553792856 0.00000000099999999983 0.00000000099999999983 0.99979853472446200691 0.00000000099999999983 
0.05153774920936537995 0.00096373787134682487 0.00000000099999999989 0.00000000099999999989 0.00000000099999999989 0.94749850891928777408 0.00000000099999999989 
0.00000000099999999980 0.00000000099999999980 0.00065222289016989379 0.00000000099999999980 0.00000000099999999980 0.99816657415454212998 0.00118119895528806182 
0.00000000099999999977 0.00912147878904390023 0.00000000099999999977 0.00000000099999999977 0.00000000099999999977 0.99087851621095601740 0.00000000099999999977 
0.00000000099999999993 0.00000000099999999993 0.00000000099999999993 0.00210668155437310255 0.00000000099999999993 0.99780778316193319277 0.00008553128369377952 
0.00761661933198810610 0.00000000099999999985 0.00000000099999999985 0.00000000099999999985 0.00000000099999999985 0.97735569452051795913 0.01502768214749398458 
0.00000000099999999969 0.01190966234240640673 0.00000000099999999969 0.00000000099999999969 0.00000000099999999969 0.98809033265759349529 0.00000000099999999969 
0.00000000099999999978 0.00537252648307738265 0.00000000099999999978 0.00000000099999999978 0.00000000099999999978 0.99462746851692263039 0.00000000099999999978 
0.01092979151211177433 0.00000000099999999973 0.00000000099999999973 0.00000000099999999973 0.00000000099999999973 0.98907020348788832198 0.00000000099999999973 
0.00453992163601717007 0.00000000099999999978 0.00000000099999999978 0.00000000099999999978 0.00000000099999999978 0.99546007336398267817 0.00000000099999999978 
0.03110421062720272051 0.00000000099999999964 0.00000000099999999964 0.00000000099999999964 0.00000000099999999964 0.96889578437279721967 0.00000000099999999964 
0.00132940465411135423 0.00000000099999999980 0.00089383434753145666 0.00000000099999999980 0.00000000099999999980 0.99324010923222016967 0.00453664876613709724 
0.00000000099999999959 0.00000000099999999959 0.00000000099999999959 0.00000000099999999959 0.00000000099999999959 0.99999999399999994765 0.00000000099999999959 
0.00000000099999999973 0.00000000099999999973 0.00000000099999999973 0.00000000099999999973 0.00000000099999999973 0.99419910360657048898 0.00580089139342967325 
0.13844724238709454900 0.00000000099999999995 0.00292175817613249096 0.00000000099999999995 0.00000000099999999995 0.85863099543677290360 0.00000000099999999995 
0.07044170549212545873 0.00000000099999999968 0.00000000099999999968 0.00000000099999999968 0.00000000099999999968 0.92955828950787466880 0.00000000099999999968 
0.00043387010690205285 0.00309322624419118911 0.00000000099999999992 0.00000000099999999992 0.00000000099999999992 0.99647289964890672920 0.00000000099999999992 
0.00000000099999999990 0.00000000099999999990 0.00000000099999999990 0.00000000099999999990 0.00000000099999999990 0.99999999400000005867 0.00000000099999999990 
0.00000000099999999993 0.00000000099999999993 0.00263747802668834984 0.00000000099999999993 0.00000000099999999993 0.99736251697331168575 0.00000000099999999993 
