0.00000000099999999860 0.00000000099999999860 0.00000000099999999860 0.00000000099999999860 0.00000000099999999860 0.00000000099999999860 0.00000000099999999860 0.99999999300000008695 
0.00000000099999999868 0.00000000099999999868 0.00000000099999999868 0.00000000099999999868 0.00000000099999999868 0.00000000099999999868 0.00000000099999999868 0.99999999299999997593 
0.00000000099999999864 0.00000000099999999864 0.00000000099999999864 0.00000000099999999864 0.00000000099999999864 0.00000000099999999864 0.00000000099999999864 0.99999999299999997593 
0.00000000099999999867 0.00000000099999999867 0.00000000099999999867 0.00000000099999999867 0.00000000099999999867 0.00000000099999999867 0.00000000099999999867 0.99999999299999997593 
0.00000000099999999872 0.00000000099999999872 0.00000000099999999872 0.00000000099999999872 0.00000000099999999872 0.00000000099999999872 0.00000000099999999872 0.99999999299999997593 
0.00000000099999999869 0.00000000099999999869 0.00000000099999999869 0.00000000099999999869 0.00000000099999999869 0.00000000099999999869 0.00000000099999999869 0.99999999300000008695 
0.00000000099999999863 0.00000000099999999863 0.00000000099999999863 0.00000000099999999863 0.00000000099999999863 0.00000000099999999863 0.00000000099999999863 0.99999999300000008695 
0.00000000099999999875 0.00000000099999999875 0.00000000099999999875 0.00000000099999999875 0.00000000099999999875 0.00000000099999999875 0.00000000099999999875 0.99999999300000008695 
0.00000000099999999866 0.00000000099999999866 0.00000000099999999866 0.00000000099999999866 0.00000000099999999866 0.00000000099999999866 0.00000000099999999866 0.99999999299999997593 
0.00000000099999999874 0.00000000099999999874 0.00000000099999999874 0.00000000099999999874 0.00000000099999999874 0.00000000099999999874 0.00000000099999999874 0.99999999300000008695 
0.00000000099999999869 0.00000000099999999869 0.00000000099999999869 0.00000000099999999869 0.00000000099999999869 0.00000000099999999869 0.00000000099999999869 0.99999999299999997593 
0.00000000099999999893 0.00000000099999999893 0.00000000099999999893 0.00000000099999999893 0.00000000099999999893 0.00000000099999999893 0.00000000099999999893 0.99999999299999997593 
0.00000000099999999870 0.00000000099999999870 0.00000000099999999870 0.00000000099999999870 0.00000000099999999870 0.00000000099999999870 0.00000000099999999870 0.99999999300000008695 
0.00000000099999999865 0.00000000099999999865 0.00000000099999999865 0.00000000099999999865 0.00000000099999999865 0.00000000099999999865 0.00000000099999999865 0.99999999299999997593 
0.00000000099999999868 0.00000000099999999868 0.00000000099999999868 0.00000000099999999868 0.00000000099999999868 0.00000000099999999868 0.00000000099999999868 0.99999999299999997593 
0.00000000099999999868 0.00000000099999999868 0.00000000099999999868 0.00000000099999999868 0.00000000099999999868 0.00000000099999999868 0.00000000099999999868 0.99999999299999997593 
0.00000000099999999867 0.00000000099999999867 0.00000000099999999867 0.00000000099999999867 0.00000000099999999867 0.00000000099999999867 0.00000000099999999867 0.99999999299999997593 
0.00000000099999999877 0.00000000099999999877 0.00000000099999999877 0.00000000099999999877 0.00000000099999999877 0.00000000099999999877 0.00000000099999999877 0.99999999299999997593 
0.00000000099999999880 0.00000000099999999880 0.00000000099999999880 0.00000000099999999880 0.00000000099999999880 0.00000000099999999880 0.00000000099999999880 0.99999999300000008695 
0.00000000099999999876 0.00000000099999999876 0.00000000099999999876 0.00000000099999999876 0.00000000099999999876 0.00000000099999999876 0.00000000099999999876 0.99999999300000008695 
0.00000000099999999872 0.00000000099999999872 0.00000000099999999872 0.00000000099999999872 0.00000000099999999872 0.00000000099999999872 0.00000000099999999872 0.99999999299999997593 
0.00000000099999999874 0.00000000099999999874 0.00000000099999999874 0.00000000099999999874 0.00000000099999999874 0.00000000099999999874 0.00000000099999999874 0.99999999299999997593 
0.00000000099999999872 0.00000000099999999872 0.00000000099999999872 0.00000000099999999872 0.00000000099999999872 0.00000000099999999872 0.00000000099999999872 0.99999999300000008695 
0.00000000099999999872 0.00000000099999999872 0.00000000099999999872 0.00000000099999999872 0.00000000099999999872 0.00000000099999999872 0.00000000099999999872 0.99999999300000008695 
0.00000000099999999905 0.00000000099999999905 0.00000000099999999905 0.00000000099999999905 0.00000000099999999905 0.00000000099999999905 0.00000000099999999905 0.99999999300000008695 
0.00000000099999999870 0.00000000099999999870 0.00000000099999999870 0.00000000099999999870 0.00000000099999999870 0.00000000099999999870 0.00000000099999999870 0.99999999299999997593 
0.00000000099999999876 0.00000000099999999876 0.00000000099999999876 0.00000000099999999876 0.00000000099999999876 0.00000000099999999876 0.00000000099999999876 0.99999999300000008695 
0.00000000099999999877 0.00000000099999999877 0.00000000099999999877 0.00000000099999999877 0.00000000099999999877 0.00000000099999999877 0.00000000099999999877 0.99999999299999997593 
0.00000000099999999879 0.00000000099999999879 0.00000000099999999879 0.00000000099999999879 0.00000000099999999879 0.00000000099999999879 0.00000000099999999879 0.99999999300000008695 
0.00000000099999999875 0.00000000099999999875 0.00000000099999999875 0.00000000099999999875 0.00000000099999999875 0.00000000099999999875 0.00000000099999999875 0.99999999300000008695 
0.00000000099999999892 0.00000000099999999892 0.00000000099999999892 0.00000000099999999892 0.00000000099999999892 0.00000000099999999892 0.00000000099999999892 0.99999999300000008695 
0.00000000099999999911 0.00000000099999999911 0.00000000099999999911 0.00000000099999999911 0.00000000099999999911 0.00000000099999999911 0.00000000099999999911 0.99999999300000008695 
0.00000000099999999888 0.00000000099999999888 0.00000000099999999888 0.00000000099999999888 0.00000000099999999888 0.00000000099999999888 0.00000000099999999888 0.99999999299999997593 
0.00000000099999999905 0.00000000099999999905 0.00000000099999999905 0.00000000099999999905 0.00000000099999999905 0.00000000099999999905 0.00000000099999999905 0.99999999299999997593 
0.00000000099999999886 0.00000000099999999886 0.00000000099999999886 0.00000000099999999886 0.00000000099999999886 0.00000000099999999886 0.00000000099999999886 0.99999999299999997593 
0.00000000099999999899 0.00000000099999999899 0.00000000099999999899 0.00000000099999999899 0.00000000099999999899 0.00000000099999999899 0.00000000099999999899 0.99999999299999997593 
0.00000000099999999889 0.00000000099999999889 0.00000000099999999889 0.00000000099999999889 0.00000000099999999889 0.00000000099999999889 0.00000000099999999889 0.99999999299999997593 
0.00000000099999999893 0.00000000099999999893 0.00000000099999999893 0.00000000099999999893 0.00000000099999999893 0.00000000099999999893 0.00000000099999999893 0.99999999299999997593 
0.00000000099999999895 0.00000000099999999895 0.00000000099999999895 0.00000000099999999895 0.00000000099999999895 0.00000000099999999895 0.00000000099999999895 0.99999999300000008695 
0.00000000099999999921 0.00000000099999999921 0.00000000099999999921 0.00000000099999999921 0.00000000099999999921 0.00000000099999999921 0.00000000099999999921 0.99999999300000008695 
0.00000000099999999888 0.00000000099999999888 0.00000000099999999888 0.00000000099999999888 0.00000000099999999888 0.00000000099999999888 0.00000000099999999888 0.99999999300000008695 
0.00000000099999999904 0.00000000099999999904 0.00000000099999999904 0.00000000099999999904 0.00000000099999999904 0.00000000099999999904 0.00000000099999999904 0.99999999299999997593 
0.00000000099999999893 0.00000000099999999893 0.00000000099999999893 0.00000000099999999893 0.00000000099999999893 0.00000000099999999893 0.00000000099999999893 0.99999999300000008695 
0.00000000099999999891 0.00000000099999999891 0.00000000099999999891 0.00000000099999999891 0.00000000099999999891 0.00000000099999999891 0.00000000099999999891 0.99999999300000008695 
0.00000000099999999904 0.00000000099999999904 0.00000000099999999904 0.00000000099999999904 0.00000000099999999904 0.00000000099999999904 0.00000000099999999904 0.99999999299999997593 
0.00000000099999999895 0.00000000099999999895 0.00000000099999999895 0.00000000099999999895 0.00000000099999999895 0.00000000099999999895 0.00000000099999999895 0.99999999299999997593 
0.00000000099999999899 0.00000000099999999899 0.00000000099999999899 0.00000000099999999899 0.00000000099999999899 0.00000000099999999899 0.00000000099999999899 0.99999999300000008695 
0.00000000099999999919 0.00000000099999999919 0.00000000099999999919 0.00000000099999999919 0.00000000099999999919 0.00000000099999999919 0.00000000099999999919 0.99999999299999997593 
0.00000000099999999923 0.00000000099999999923 0.00000000099999999923 0.00000000099999999923 0.00000000099999999923 0.00000000099999999923 0.00000000099999999923 0.99999999300000008695 
0.00000000099999999933 0.00000000099999999933 0.00000000099999999933 0.00000000099999999933 0.00000000099999999933 0.00000000099999999933 0.00000000099999999933 0.99999999299999997593 
0.00000000099999999962 0.00000000099999999962 0.00000000099999999962 0.00000000099999999962 0.00000000099999999962 0.00000000099999999962 0.00000000099999999962 0.99999999300000008695 
0.00000000099999999948 0.00000000099999999948 0.00000000099999999948 0.89055747877726232353 0.00000000099999999948 0.10944251522273770738 0.00000000099999999948 0.00000000099999999948 
0.00000000099999999939 0.00000000099999999939 0.00000000099999999939 0.83787431165899661778 0.00000000099999999939 0.16212568234100355191 0.00000000099999999939 0.00000000099999999939 
0.00000000099999999961 0.00000000099999999961 0.00000000099999999961 0.83463242856964936500 0.00000000099999999961 0.16536756543035066591 0.00000000099999999961 0.00000000099999999961 
0.00000000099999999925 0.01312873954821630433 0.00000000099999999925 0.86098084776940420060 0.00000000099999999925 0.12120259785113753070 0.00468781083124214862 0.00000000099999999925 
0.00000000099999999931 0.00000000099999999931 0.00000000099999999931 0.90434067503186044146 0.00000000099999999931 0.08757098574747804176 0.00808833422066156972 0.00000000099999999931 
0.00000000099999999919 0.00786946702664093056 0.00000000099999999919 0.86856308765352119305 0.00000000099999999919 0.12356744031983778187 0.00000000099999999919 0.00000000099999999919 
0.00000000099999999945 0.00000000099999999945 0.00000000099999999945 0.85862938800294719144 0.00000000099999999945 0.11927703812948804718 0.02209356886756463564 0.00000000099999999945 
0.00000000099999999924 0.00000000579475158366 0.00000000099999999924 0.89066470359115201827 0.00000000099999999924 0.10933528561409654178 0.00000000099999999924 0.00000000099999999924 
0.00000000099999999942 0.00000000099999999942 0.00000000099999999942 0.85668585707405220386 0.00000000099999999942 0.13469232905165240410 0.00862180887429522813 0.00000000099999999942 
0.00000000099999999978 0.04720256869385688198 0.00000000099999999978 0.84522175213766959079 0.00768399946142719718 0.09989167570704637900 0.00000000099999999978 0.00000000099999999978 
0.00000000099999999931 0.00000000099999999931 0.00000000099999999931 0.88377634667219373554 0.00000000099999999931 0.11622364732780637864 0.00000000099999999931 0.00000000099999999931 
0.00000000099999999928 0.00000000099999999928 0.00000000099999999928 0.85759333686942884611 0.00000000099999999928 0.13718649298938825898 0.00522016514118272493 0.00000000099999999928 
0.00000000099999999972 0.04634868055152026323 0.00000000099999999972 0.79347979855605932364 0.00768564961329153747 0.15248584535076534219 0.00000002292836345222 0.00000000099999999972 
0.00000000099999999943 0.00000000099999999943 0.00000000099999999943 0.86364844162461817945 0.00000000099999999943 0.11425338709398076553 0.02209816628140106112 0.00000000099999999943 
0.00000000099999999965 0.00000000099999999965 0.00000000099999999965 0.91671165614470906391 0.00000000099999999965 0.08328833662841755858 0.00000000222687339709 0.00000000099999999965 
0.00000000099999999919 0.00000000099999999919 0.00000000099999999919 0.89127983625731399542 0.00000000099999999919 0.10872015774268592447 0.00000000099999999919 0.00000000099999999919 
0.00000000099999999957 0.00000087042415363344 0.00000000099999999957 0.79366673135938969885 0.00000000099999999957 0.19863873498613518476 0.00769365923032144707 0.00000000099999999957 
0.00000000099999999959 0.00000000099999999959 0.00000000099999999959 0.83403697047074665250 0.00000000099999999959 0.16596302352925332291 0.00000000099999999959 0.00000000099999999959 
0.00000000099999999939 0.00000000099999999939 0.00000000099999999939 0.87669457203203693396 0.00000000099999999939 0.12330542196796319410 0.00000000099999999939 0.00000000099999999939 
0.00000000099999999937 0.00785782140561395309 0.00000000099999999937 0.86808298082741064405 0.00000000099999999937 0.12405919276697555120 0.00000000099999999937 0.00000000099999999937 
0.00000000099999999940 0.00523814544049517380 0.00000000099999999940 0.80001618580985756068 0.00000000099999999940 0.16560169342624464495 0.02914397132340250385 0.00000000099999999940 
0.00000000099999999923 0.03772293190497885002 0.00000000099999999923 0.80777617330342144086 0.00000000099999999923 0.15450088979159970481 0.00000000099999999923 0.00000000099999999923 
0.00000000099999999939 0.00000387952557482052 0.00000000099999999939 0.87178405129175051691 0.00000000099999999939 0.12821206418267480642 0.00000000099999999939 0.00000000099999999939 
0.00000000099999999942 0.00000000099999999942 0.00000000099999999942 0.81719388974277540338 0.00000000099999999942 0.18280610425722468304 0.00000000099999999942 0.00000000099999999942 
0.00000000099999999960 0.00000500962151100277 0.00000000099999999960 0.80243444948054498678 0.00000000099999999960 0.19756053589794403402 0.00000000099999999960 0.00000000099999999960 
0.00000000099999999931 0.01456579474857689661 0.00000000099999999931 0.86037930668281448199 0.00000000099999999931 0.12505489356860879924 0.00000000099999999931 0.00000000099999999931 
0.00000000099999999941 0.00000016506094120918 0.00000000099999999941 0.82870752173873751811 0.00000000099999999941 0.17129230820032131932 0.00000000099999999941 0.00000000099999999941 
0.00425978279649942993 0.00000004387540947406 0.00000000099999999991 0.80111597752933627614 0.00000000099999999991 0.19447800245635785132 0.00000000099999999991 0.00014619034239695365 
0.00000000099999999967 0.01463641136449026978 0.00000000099999999967 0.86170273298935218254 0.00000000099999999967 0.12366085064615763012 0.00000000099999999967 0.00000000099999999967 
0.00000000099999999944 0.00000000099999999944 0.00000000099999999944 0.82807879794919281302 0.00000000099999999944 0.17192119605080710687 0.00000000099999999944 0.00000000099999999944 
0.00000000099999999928 0.00000000099999999928 0.00000000099999999928 0.88424620725719904613 0.00000000099999999928 0.11575378674280106805 0.00000000099999999928 0.00000000099999999928 
0.00000000099999999993 0.00000000099999999993 0.00000000099999999993 0.90313782218633853471 0.00200605618878741017 0.09431224169440927119 0.00000000099999999993 0.00054387593046483472 
0.00000000099999999970 0.00140780825485076200 0.00000000099999999970 0.75797076321355671968 0.00000000099999999970 0.23028241024004394988 0.01033901429154849422 0.00000000099999999970 
0.00000000099999999964 0.00705365227000443514 0.00000000099999999964 0.83485277125850554381 0.00000000099999999964 0.15809357147148997425 0.00000000099999999964 0.00000000099999999964 
0.00000000099999999956 0.00051290626034388679 0.00000000099999999956 0.78773157154784745337 0.00000000099999999956 0.18251996095596137448 0.02923555723584723640 0.00000000099999999956 
0.00000000099999999964 0.01378739947557573904 0.00000000099999999964 0.85902691505969042129 0.00000000099999999964 0.12717552523513184215 0.00001015622960201444 0.00000000099999999964 
0.00000000099999999952 0.00000000099999999952 0.00000000099999999952 0.81355569089708890118 0.00000000099999999952 0.18644430310291121300 0.00000000099999999952 0.00000000099999999952 
0.00000000099999999955 0.00000000099999999955 0.00000000099999999955 0.81674258577010416804 0.00000000099999999955 0.18325740822989586287 0.00000000099999999955 0.00000000099999999955 
0.00000000099999999957 0.00463672070318468018 0.00000000099999999957 0.77468200554932242774 0.00000000099999999957 0.22017041631057945872 0.00051085343691345596 0.00000000099999999957 
0.00000000099999999980 0.00000000099999999980 0.00000000099999999980 0.92729200676641987400 0.00000000099999999980 0.07233516292288481864 0.00037282531069531379 0.00000000099999999980 
0.00000000099999999961 0.00000000099999999961 0.00000000099999999961 0.89464265510839713347 0.00000000099999999961 0.10535733889160282806 0.00000000099999999961 0.00000000099999999961 
0.00000000099999999982 0.00022310105561768476 0.00000000099999999982 0.89182694355482605708 0.00000000099999999982 0.08858776996804756942 0.01936218142150863616 0.00000000099999999982 
0.00000000099999999946 0.00000000099999999946 0.00000000099999999946 0.89374531995272776808 0.00000000099999999946 0.10625467404727215182 0.00000000099999999946 0.00000000099999999946 
0.00000000099999999939 0.00000000099999999939 0.00000000099999999939 0.82768772660624478910 0.00000000099999999939 0.16210369776805108599 0.01020857062570422989 0.00000000099999999939 
0.00000000099999999938 0.00090662667403905710 0.00000000099999999938 0.80423295134318351085 0.00000000099999999938 0.19486041698277756229 0.00000000099999999938 0.00000000099999999938 
0.00000000099999999942 0.00000000099999999942 0.00000000099999999942 0.83946705333464166632 0.00000000099999999942 0.16053294066535825357 0.00000000099999999942 0.00000000099999999942 
0.00000000099999999944 0.00000000099999999944 0.00000000099999999944 0.84845827937365325688 0.00000000099999999944 0.13869945106238601440 0.01284226456396074523 0.00000000099999999944 
0.00000000099999999961 0.00000000099999999961 0.00000000099999999961 0.82100449938971931108 0.00000000099999999961 0.17899549461028074759 0.00000000099999999961 0.00000000099999999961 
0.00000000099999999943 0.01579098286007966923 0.00000000099999999943 0.80694228099766407425 0.00000000099999999943 0.16251848524723250256 0.01474824689502383587 0.00000000099999999943 
0.00000000099999999954 0.00604195810744307532 0.00000000099999999954 0.79803741040374609472 0.00000000099999999954 0.19592062648881103382 0.00000000099999999954 0.00000000099999999954 
0.00000000099999999942 0.00000167820496801752 0.00000000099999999942 0.80926420549055910758 0.00000000099999999942 0.15581631248067012718 0.03491779982380285169 0.00000000099999999942 
0.00000000099999999950 0.00000000099999999950 0.00000000099999999950 0.81470143087912094693 0.00000000099999999950 0.18529856312087911174 0.00000000099999999950 0.00000000099999999950 
0.00000000099999999957 0.00000000099999999957 0.00000000099999999957 0.94658161210555180620 0.00000000099999999957 0.05341838189444827328 0.00000000099999999957 0.00000000099999999957 
0.00000000099999999960 0.00000000239915113063 0.00000000099999999960 0.90320139513701513945 0.00000000099999999960 0.08335265940768452064 0.01344593905614909109 0.00000000099999999960 
0.00000000099999999943 0.00000000099999999943 0.00000000099999999943 0.83444837999735732570 0.00000000099999999943 0.14273146285992130422 0.02282015214272140047 0.00000000099999999943 
0.00000000099999999949 0.00000000099999999949 0.00000000099999999949 0.86605515284248291152 0.00000000099999999949 0.11658863610451562776 0.01735620605300148417 0.00000000099999999949 
0.00000000099999999960 0.00000000099999999960 0.00000000099999999960 0.87610562035683137161 0.00000000099999999960 0.12389437364316864543 0.00000000099999999960 0.00000000099999999960 
0.00000000099999999963 0.00000000099999999963 0.00000000099999999963 0.89266577585559780950 0.00000000099999999963 0.10733351640159785600 0.00000070274280419350 0.00000000099999999963 
0.00000000099999999938 0.00000002294145872365 0.00000000099999999938 0.87746677104349379839 0.00000000099999999938 0.09451680295217940175 0.02801639906286792006 0.00000000099999999938 
0.00000000099999999956 0.00000000099999999956 0.00000000099999999956 0.92450930378120599329 0.00000000099999999956 0.07549069021879406538 0.00000000099999999956 0.00000000099999999956 
0.00000000099999999941 0.00000000099999999941 0.00000000099999999941 0.87624823486671599149 0.00000000099999999941 0.12375174617263076660 0.00000001396065329381 0.00000000099999999941 
0.00000000099999999967 0.00000000099999999967 0.00000000099999999967 0.87517024131448717394 0.00000000099999999967 0.12482975268551281534 0.00000000099999999967 0.00000000099999999967 
0.00000000099999999960 0.00000000099999999960 0.00000000099999999960 0.90812801238965401573 0.00000000099999999960 0.09187198161034591803 0.00000000099999999960 0.00000000099999999960 
0.00000000099999999966 0.00000000099999999966 0.00000000099999999966 0.89742017520528738483 0.00000000099999999966 0.10257981879471260445 0.00000000099999999966 0.00000000099999999966 
0.00000000099999999946 0.00000000099999999946 0.00000000099999999946 0.85466068599312394749 0.00000000099999999946 0.11192962202699109631 0.03340968697988502129 0.00000000099999999946 
0.00000000099999999979 0.01128957488794039496 0.00000000099999999979 0.87279557451312272942 0.00000000099999999979 0.11591484559893688866 0.00000000099999999979 0.00000000099999999979 
0.00304702432319571472 0.00000000099999999999 0.00000000099999999999 0.90991715033854736472 0.00142352266556059273 0.07019372148237550124 0.01241341168455959050 0.00300516750576136117 
0.00336674100073285163 0.00357248840123885070 0.00000000099999999999 0.83834460374052433007 0.00000258740761344581 0.12946211350021349928 0.02403779951316340271 0.00121366543651364126 
0.00000000099999999998 0.00000000099999999998 0.00278230801542195955 0.87702690677456607293 0.00000000099999999998 0.11663909682505134435 0.00010966658243827723 0.00344201880252235784 
0.00000000099999999991 0.00051611297174457521 0.00000000099999999991 0.88655605453256314252 0.00000000099999999991 0.11277266532855526049 0.00015516316713712547 0.00000000099999999991 
0.00000000099999999993 0.00000000099999999993 0.00000000099999999993 0.82486263270243531665 0.00000000099999999993 0.15541476388842678791 0.01658753234739943419 0.00313506706173853145 
0.00000000255909099632 0.00000000099999999995 0.00000000099999999995 0.90360787286589427936 0.00000000099999999995 0.07972980865269839457 0.01383744439779588040 0.00282486852452050550 
0.00000000099999999948 0.00000000099999999948 0.00000000099999999948 0.00000000099999999948 0.00000000099999999948 0.01137279385433206079 0.98862720014566796145 0.00000000099999999948 
0.00000000099999999948 0.00000000099999999948 0.00000000099999999948 0.00000000099999999948 0.00000000099999999948 0.00000000099999999948 0.99999999299999997593 0.00000000099999999948 
0.00000000099999999965 0.00000000099999999965 0.00000000099999999965 0.00702130615290646239 0.00000000099999999965 0.00616782159163476763 0.98681086725545885674 0.00000000099999999965 
0.00000000099999999985 0.00417945664781148481 0.00000000099999999985 0.00000000099999999985 0.00000000099999999985 0.00000000099999999985 0.99582053735218856172 0.00000000099999999985 
0.00000000099999999946 0.00000000099999999946 0.00000000099999999946 0.00024541172354687320 0.00000000099999999946 0.00676240596063762064 0.99299217731581557178 0.00000000099999999946 
0.00000000099999999956 0.00000000099999999956 0.00000000099999999956 0.00000000099999999956 0.00000000099999999956 0.00000003528944471257 0.99999995871055513685 0.00000000099999999956 
0.00000000099999999964 0.01157204406346944679 0.00000000099999999964 0.00000000099999999964 0.00000000099999999964 0.00931491194953507594 0.97911303898699542092 0.00000000099999999964 
0.00000000099999999957 0.00000000099999999957 0.00000000099999999957 0.00000000099999999957 0.00000000099999999957 0.00690143430430175883 0.99309855969569815759 0.00000000099999999957 
0.00000000099999999953 0.00000000099999999953 0.00000000099999999953 0.00000000099999999953 0.00000000099999999953 0.00371971793820562212 0.99628027606179436759 0.00000000099999999953 
0.00000000099999999977 0.00000000099999999977 0.00000000099999999977 0.00000000099999999977 0.00000000099999999977 0.00000000099999999977 0.99999999299999997593 0.00000000099999999977 
0.00000000099999999954 0.00389391209324204714 0.00000000099999999954 0.00000000099999999954 0.00000000099999999954 0.00000000099999999954 0.99610608190675797857 0.00000000099999999954 
0.00000000099999999948 0.01966436680822064575 0.00000000099999999948 0.01712755353354866381 0.00000000099999999948 0.00366672898181936557 0.95954134667641122203 0.00000000099999999948 
0.00000000099999999950 0.00000000099999999950 0.00000000099999999950 0.00000000099999999950 0.00000000099999999950 0.00000000099999999950 0.99999999299999997593 0.00000000099999999950 
0.00000000099999999961 0.00000000099999999961 0.00000000099999999961 0.00706536164086973058 0.00000000099999999961 0.00000000099999999961 0.99293463235913026477 0.00000000099999999961 
0.00000000099999999968 0.00784263764249557363 0.00000000099999999968 0.00000000099999999968 0.00000000099999999968 0.00000000099999999968 0.99215735635750434973 0.00000000099999999968 
0.00000000099999999959 0.00000000099999999959 0.00000000099999999959 0.00000000099999999959 0.00000000099999999959 0.03731635451241228224 0.96268363948758761683 0.00000000099999999959 
0.00000000099999999970 0.01190944655943602937 0.00000000099999999970 0.00000013932341808518 0.00000000099999999970 0.00135233039974947799 0.98673807971739635470 0.00000000099999999970 
0.00000000099999999935 0.00000000099999999935 0.00000000099999999935 0.00000000099999999935 0.00000000099999999935 0.00000035243829966876 0.99999964156170029206 0.00000000099999999935 
0.00000000099999999985 0.00911792043188148875 0.00000000099999999985 0.02084963903610076094 0.00333673669006280624 0.02749542944456514690 0.93920027139738981869 0.00000000099999999985 
0.00000000099999999989 0.00000000099999999989 0.00219623520546028371 0.01594286472187923451 0.00000000099999999989 0.07530961458573960654 0.90655128148692076806 0.00000000099999999989 
0.00000000099999999976 0.00000000099999999976 0.00000000099999999976 0.05740438214720858245 0.00000000099999999976 0.00000000099999999976 0.94259561185279150397 0.00000000099999999976 
0.00000000099999999995 0.00000000099999999995 0.00000000099999999995 0.00000056957514218556 0.00632005768779517023 0.06956488101561229820 0.92071786873843708410 0.00339661998301316265 
0.00000000099999999982 0.00000000099999999982 0.00000000099999999982 0.05789319549110585883 0.00340629775144411914 0.06361359884242966112 0.87508690391502030881 0.00000000099999999982 
0.00241242405395518172 0.00000000099999999995 0.00000000099999999995 0.02662125510138605225 0.00120556322765956805 0.07476639286966878239 0.89499436174733026927 0.00000000099999999995 
0.00000000099999999989 0.00000000099999999989 0.00000000099999999989 0.01351131428830115548 0.00000000099999999989 0.02029454173798072095 0.96551544990466742213 0.00067869006905059979 
0.00243433783419760592 0.00000000099999999997 0.00000000099999999997 0.04136932311656755373 0.00000000099999999997 0.07084297944369942479 0.88535335560553551915 0.00000000099999999997 
0.00000000099999999987 0.00000000099999999987 0.00000000099999999987 0.02773752735269592942 0.00332943324849065310 0.05767636824249029737 0.91125666715632314130 0.00000000099999999987 
0.00000000099999999993 0.00000000099999999993 0.00000000099999999993 0.00015455955255847957 0.00083832159765926913 0.05022227888781276989 0.94878483596196949712 0.00000000099999999993 
0.00000000099999999987 0.00000000099999999987 0.00000000099999999987 0.00000000099999999987 0.00154784159316067563 0.04354807874870485207 0.95490407465813442744 0.00000000099999999987 
0.00000000099999999978 0.00000000099999999978 0.00000000099999999978 0.00073641313613739107 0.00000000099999999978 0.08745825763907810746 0.91180532422478444143 0.00000000099999999978 
0.00000000099999999980 0.00754896938998569824 0.00000000099999999980 0.00000000099999999980 0.00294748460982050464 0.06850887553048498613 0.92099466646970884476 0.00000000099999999980 
0.00256075044442848846 0.00000000099999999998 0.00000000099999999998 0.10357409827724081697 0.00036601701762172721 0.04687620540375009304 0.84578282994640430204 0.00084009691055457751 
0.00246637244059305389 0.00005011735923692133 0.00000000099999999996 0.02524827586754410658 0.00541608248306771605 0.07258145919463017404 0.89423769065492808572 0.00000000099999999996 
0.00000000099999999983 0.00000000099999999983 0.00000000099999999983 0.07442897621788990836 0.00000000099999999983 0.03196589594187449618 0.89360512284023541074 0.00000000099999999983 
0.00000000099999999972 0.01184619256123738314 0.00000000099999999972 0.00000000115209625409 0.00000000099999999972 0.10231446094033028182 0.88583934134633612878 0.00000000099999999972 
0.00000000099999999958 0.00000000099999999958 0.00000000099999999958 0.06233037549099221253 0.00000000099999999958 0.07922570550101333542 0.85844391400799435754 0.00000000099999999958 
0.00000000099999999982 0.00047244071535484201 0.00000000099999999982 0.05941328045861954399 0.00000000099999999982 0.05793746694052478302 0.88217680788550079107 0.00000000099999999982 
0.00000000099999999998 0.03932200852183389411 0.00000000099999999998 0.10217310048400307654 0.01102169907851457790 0.06633930228709515597 0.78114388662855327450 0.00000000099999999998 
0.00000000099999999999 0.15104304177497354655 0.00000000099999999999 0.04484194242486860132 0.00398360139045553490 0.21405033018107072484 0.58608108122863156186 0.00000000099999999999 
0.00000000099999999999 0.00000021230937480531 0.00000000099999999999 0.23833357220136663912 0.02727646917565523452 0.08370517167617196053 0.65068457163743120830 0.00000000099999999999 
0.00000000099999999971 0.00000000099999999971 0.00000000099999999971 0.02551977736041783143 0.00000000099999999971 0.06492613850129903830 0.90344995497059787937 0.00610412516768538398 
0.00000000099999999998 0.00001632529592618492 0.00000000099999999998 0.11010259518164865200 0.02195718936585123668 0.10538991568730984860 0.76253397146926393813 0.00000000099999999998 
0.00000000099999999999 0.22891972980478297872 0.00123219612872108811 0.26732308493673551109 0.00000000099999999999 0.25723719817284129707 0.24528778795691913439 0.00000000099999999999 
0.00000000099999999984 0.00882919217749226354 0.00000000099999999984 0.03078734440143609391 0.00000000099999999984 0.01532623253284340174 0.94505722688822813016 0.00000000099999999984 
0.00000000099999999999 0.11259135685755330969 0.00000000099999999999 0.42859056565920200521 0.00044254944064839921 0.00000000339237341961 0.44790239192371639199 0.01047313072650648061 
0.00000000099999999984 0.00000000099999999984 0.00000000099999999984 0.08111818391113533033 0.00000000099999999984 0.03325343781167587609 0.87000614890460847839 0.01562222537258030342 
0.00000000099999999992 0.00718558814983293308 0.00000000099999999992 0.02333842796903559669 0.00000000099999999992 0.01581909768161567087 0.95170876012545790879 0.00194812307405789714 
0.00000000099999999968 0.00828794650439382795 0.00000000099999999968 0.09749601962003842659 0.00000000099999999968 0.01340119126694978673 0.87257222060092520799 0.00824261900769275059 
0.00000000099999999991 0.01152238648612748453 0.00000000099999999991 0.08710243564577073438 0.00000000099999999991 0.02061499060231227962 0.87889895646085147707 0.00186122780493786595 
0.00000000099999999945 0.01252870031793567110 0.00000000099999999945 0.03679647577465219171 0.00000000099999999945 0.04943019959763584464 0.90124462030977614546 0.00000000099999999945 
0.00000000099999999965 0.00487583304479905898 0.00000000099999999965 0.03932449815630570389 0.00000000099999999965 0.01752915965942427115 0.93827050513947107824 0.00000000099999999965 
0.00000000099999999979 0.03814694827218544776 0.00000000099999999979 0.76326465735370607746 0.00000000099999999979 0.03096014598598197110 0.16762824438812648498 0.00000000099999999979 
0.00000000099999999973 0.09070325980270656230 0.00000000099999999973 0.66377073222976301636 0.00000000099999999973 0.03323622671278965435 0.21228977725474079685 0.00000000099999999973 
0.25608317521766998937 0.06472856825468296937 0.06208160517909065701 0.39549932143168348153 0.00000000099999999998 0.03547289193957427200 0.18613443597729867340 0.00000000099999999998 
0.00186763999825651254 0.04277834702129629241 0.00000000099999999996 0.73415664439850936152 0.00000000099999999996 0.05757958376033418119 0.15968061655123963472 0.00393716627036402259 
0.00148272961730067901 0.06062635294838458755 0.00000000099999999996 0.77239734909178769939 0.00000000099999999996 0.03348229108873143622 0.12994041836242231636 0.00207085689137342282 
0.28370858135982202075 0.05208161439839570361 0.05015359812052556238 0.46688601487787623201 0.00000000099999999998 0.01539239468843996324 0.13177779455494065264 0.00000000099999999998 
0.22058239744567895158 0.10942637858474056622 0.04263491208463611459 0.46861013254046118837 0.00000000099999999997 0.05303709739785741895 0.10570907994662567808 0.00000000099999999997 
0.23224572877795560122 0.06432273017987479025 0.02479142011811047083 0.49645253445765819000 0.00000000099999999998 0.01539513459915591367 0.16679244986724492406 0.00000000099999999998 
0.23022820654416109587 0.05191883902178250076 0.00000000099999999997 0.51657711166739184172 0.00000000099999999997 0.01833712174301495301 0.18174574846645427662 0.00119297055719527864 
0.22330620248192498134 0.07070413367962197215 0.00000000099999999998 0.54757000654589449429 0.00000000099999999998 0.04032966338006477303 0.11741393028265455223 0.00067606162983937601 
0.00000000099999999959 0.05017960190347523636 0.00000000099999999959 0.74431035335553308308 0.00000000099999999959 0.02788970875857415752 0.17762033198241755638 0.00000000099999999959 
0.27348811974786912948 0.07649905194348974313 0.00000000099999999996 0.58004135610587892469 0.00000000099999999996 0.00660411265844271841 0.06336735654431940867 0.00000000099999999996 
0.00459911015837855333 0.10135284286494448958 0.00072853354021032478 0.71626891586454966010 0.00000000099999999997 0.03704742281983274682 0.13506635545124873188 0.00493681830083548233 
0.28505401549816222762 0.06001085183882007984 0.02727230450350789578 0.46879993907117306629 0.00000000099999999998 0.03842039746830598623 0.11980488755427938508 0.00063760306575137726 
0.00000000099999999963 0.04083973525563868584 0.00000000099999999963 0.76387011511667979313 0.00000000099999999963 0.04717571655181373308 0.14811442907586769291 0.00000000099999999963 
0.00000000099999999965 0.03014340042068922032 0.00000000099999999965 0.76144614622797024417 0.00000000099999999965 0.05281680620879096455 0.15559364314254972572 0.00000000099999999965 
0.28871087370257259019 0.04124591157682699211 0.00000000099999999997 0.61871438142159140838 0.00000000099999999997 0.00892107203122095155 0.03582061317112128496 0.00658714609666676779 
0.00000000099999999956 0.09307942618014410086 0.00000000099999999956 0.68942604347599445447 0.00000000099999999956 0.03191442356203528369 0.18558010278182618391 0.00000000099999999956 
0.00000000099999999994 0.04828517664776298124 0.00000000099999999994 0.74353971630174742202 0.00000000099999999994 0.05898900674790139020 0.14918609630258819476 0.00000000099999999994 
0.00000000099999999997 0.00000000099999999997 0.00000000099999999997 0.11502357568055604498 0.00626531125667272298 0.06769586142821516772 0.81101524763455601352 0.00000000099999999997 
0.00000000099999999999 0.00000165765596812732 0.00000000099999999999 0.00604744470314696504 0.08662377050260999800 0.07119599123870724855 0.83613113289956753071 0.00000000099999999999 
0.00000000099999999995 0.00060623478841917390 0.00000000099999999995 0.01252430787018365445 0.00372913461234476327 0.07041592156351263176 0.91272439816553974090 0.00000000099999999995 
0.00000000099999999992 0.00006422187399300891 0.00000000099999999992 0.00000000099999999992 0.00205896358283611663 0.00683261172611682177 0.99104419881705396733 0.00000000099999999992 
0.02556641805552663932 0.00000000099999999997 0.00000000099999999997 0.00000000099999999997 0.00000000099999999997 0.06852531274839127051 0.90590826419608205811 0.00000000099999999997 
0.00000000099999999958 0.00000000099999999958 0.00000000099999999958 0.00000000099999999958 0.00000000099999999958 0.00815466705903106215 0.99184532694096882999 0.00000000099999999958 
0.00000000099999999949 0.00000000099999999949 0.00000000099999999949 0.00000000099999999949 0.00000000099999999949 0.00000000099999999949 0.99999999299999997593 0.00000000099999999949 
0.12789747280061389278 0.00000000099999999999 0.00000000546788284700 0.00000000099999999999 0.00897196790946980932 0.00000000099999999999 0.85652625289817008181 0.00660429792386337759 
0.00000000099999999975 0.00000000099999999975 0.00000000099999999975 0.00000000099999999975 0.00000000099999999975 0.01269866083154830294 0.98730133316845181124 0.00000000099999999975 
0.00000000099999999964 0.00000000099999999964 0.00000000099999999964 0.00000000099999999964 0.00000000099999999964 0.00000000099999999964 0.99999999299999986491 0.00000000099999999964 
0.00000000099999999916 0.00000000099999999916 0.00000000099999999916 0.00000000099999999916 0.00000000099999999916 0.00000000099999999916 0.99999999299999986491 0.00000000099999999916 
0.00000000099999999934 0.00000000099999999934 0.00000000099999999934 0.00000000099999999934 0.00000000099999999934 0.00374616274092410065 0.99625383125907596149 0.00000000099999999934 
0.00000000099999999937 0.00000000099999999937 0.00000000099999999937 0.00000000099999999937 0.00000000099999999937 0.00859680112507546501 0.99140319287492462141 0.00000000099999999937 
0.00000000099999999938 0.00000000099999999938 0.00000000099999999938 0.00000000099999999938 0.00000000099999999938 0.00000000099999999938 0.99999999299999986491 0.00000000099999999938 
0.00000000099999999927 0.00000000099999999927 0.00000000099999999927 0.00000000099999999927 0.00000000099999999927 0.00000000099999999927 0.99999999299999986491 0.00000000099999999927 
0.00000000099999999955 0.00000000099999999955 0.00000000099999999955 0.00642728143080377717 0.00000000099999999955 0.00821859450587890568 0.98535411906331737963 0.00000000099999999955 
0.00000000099999999976 0.00000000099999999976 0.00000000099999999976 0.00000000099999999976 0.00000000099999999976 0.00000000099999999976 0.99999999299999997593 0.00000000099999999976 
0.00000000099999999946 0.00075133301688630233 0.00000000099999999946 0.00000000099999999946 0.00000000099999999946 0.00000000099999999946 0.99924866098311371232 0.00000000099999999946 
0.00593285460661965771 0.00000000099999999996 0.00000000099999999996 0.00000000099999999996 0.00000000099999999996 0.00000000099999999996 0.99406713939338031683 0.00000000099999999996 
0.00000000099999999977 0.00000000099999999977 0.00000000099999999977 0.00000000099999999977 0.00000000099999999977 0.04930282284578080265 0.95069717115421925602 0.00000000099999999977 
0.00000000099999999962 0.00601635429332734138 0.00000000099999999962 0.00000000099999999962 0.00000000099999999962 0.00933433168576176982 0.98464930902091085674 0.00000000099999999962 
0.00000000099999999983 0.00000000099999999983 0.00000000099999999983 0.00000000099999999983 0.00000000099999999983 0.00745902144465830988 0.99254097255534179389 0.00000000099999999983 
0.00000000099999999936 0.00000000099999999936 0.00000000099999999936 0.00000000099999999936 0.00000000099999999936 0.00000000099999999936 0.99999999299999986491 0.00000000099999999936 
