0.00000000099999999875 0.00000000099999999875 0.00000000099999999875 0.00000000099999999875 0.99999999399999994765 0.00000000099999999875 0.00000000099999999875 
0.00000000099999999881 0.00000000099999999881 0.00000000099999999881 0.00000000099999999881 0.99999999399999983662 0.00000000099999999881 0.00000000099999999881 
0.00000000099999999878 0.00000000099999999878 0.00000000099999999878 0.00000000099999999878 0.99999999399999994765 0.00000000099999999878 0.00000000099999999878 
0.00000000099999999881 0.00000000099999999881 0.00000000099999999881 0.00000000099999999881 0.99999999399999994765 0.00000000099999999881 0.00000000099999999881 
0.00000000099999999885 0.00000000099999999885 0.00000000099999999885 0.00000000099999999885 0.99999999399999994765 0.00000000099999999885 0.00000000099999999885 
0.00000000099999999883 0.00000000099999999883 0.00000000099999999883 0.00000000099999999883 0.99999999399999983662 0.00000000099999999883 0.00000000099999999883 
0.00000000099999999878 0.00000000099999999878 0.00000000099999999878 0.00000000099999999878 0.99999999399999983662 0.00000000099999999878 0.00000000099999999878 
0.00000000099999999888 0.00000000099999999888 0.00000000099999999888 0.00000000099999999888 0.99999999399999983662 0.00000000099999999888 0.00000000099999999888 
0.00000000099999999880 0.00000000099999999880 0.00000000099999999880 0.00000000099999999880 0.99999999399999994765 0.00000000099999999880 0.00000000099999999880 
0.00000000099999999887 0.00000000099999999887 0.00000000099999999887 0.00000000099999999887 0.99999999399999994765 0.00000000099999999887 0.00000000099999999887 
0.00000000099999999884 0.00000000099999999884 0.00000000099999999884 0.00000000099999999884 0.99999999399999983662 0.00000000099999999884 0.00000000099999999884 
0.00000000099999999904 0.00000000099999999904 0.00000000099999999904 0.00000000099999999904 0.99999999399999994765 0.00000000099999999904 0.00000000099999999904 
0.00000000099999999883 0.00000000099999999883 0.00000000099999999883 0.00000000099999999883 0.99999999399999994765 0.00000000099999999883 0.00000000099999999883 
0.00000000099999999879 0.00000000099999999879 0.00000000099999999879 0.00000000099999999879 0.99999999399999983662 0.00000000099999999879 0.00000000099999999879 
0.00000000099999999882 0.00000000099999999882 0.00000000099999999882 0.00000000099999999882 0.99999999399999983662 0.00000000099999999882 0.00000000099999999882 
0.00000000099999999882 0.00000000099999999882 0.00000000099999999882 0.00000000099999999882 0.99999999399999994765 0.00000000099999999882 0.00000000099999999882 
0.00000000099999999881 0.00000000099999999881 0.00000000099999999881 0.00000000099999999881 0.99999999399999994765 0.00000000099999999881 0.00000000099999999881 
0.00000000099999999890 0.00000000099999999890 0.00000000099999999890 0.00000000099999999890 0.99999999399999983662 0.00000000099999999890 0.00000000099999999890 
0.00000000099999999891 0.00000000099999999891 0.00000000099999999891 0.00000000099999999891 0.99999999399999983662 0.00000000099999999891 0.00000000099999999891 
0.00000000099999999890 0.00000000099999999890 0.00000000099999999890 0.00000000099999999890 0.99999999399999994765 0.00000000099999999890 0.00000000099999999890 
0.00000000099999999885 0.00000000099999999885 0.00000000099999999885 0.00000000099999999885 0.99999999399999994765 0.00000000099999999885 0.00000000099999999885 
0.00000000099999999887 0.00000000099999999887 0.00000000099999999887 0.00000000099999999887 0.99999999399999983662 0.00000000099999999887 0.00000000099999999887 
0.00000000099999999886 0.00000000099999999886 0.00000000099999999886 0.00000000099999999886 0.99999999399999983662 0.00000000099999999886 0.00000000099999999886 
0.00000000099999999887 0.00000000099999999887 0.00000000099999999887 0.00000000099999999887 0.99999999399999983662 0.00000000099999999887 0.00000000099999999887 
0.00000000099999999917 0.00000000099999999917 0.00000000099999999917 0.00000000099999999917 0.99999999399999994765 0.00000000099999999917 0.00000000099999999917 
0.00000000099999999884 0.00000000099999999884 0.00000000099999999884 0.00000000099999999884 0.99999999399999983662 0.00000000099999999884 0.00000000099999999884 
0.00000000099999999889 0.00000000099999999889 0.00000000099999999889 0.00000000099999999889 0.99999999399999983662 0.00000000099999999889 0.00000000099999999889 
0.00000000099999999890 0.00000000099999999890 0.00000000099999999890 0.00000000099999999890 0.99999999399999983662 0.00000000099999999890 0.00000000099999999890 
0.00000000099999999892 0.00000000099999999892 0.00000000099999999892 0.00000000099999999892 0.99999999399999994765 0.00000000099999999892 0.00000000099999999892 
0.00000000099999999889 0.00000000099999999889 0.00000000099999999889 0.00000000099999999889 0.99999999399999983662 0.00000000099999999889 0.00000000099999999889 
0.00000000099999999904 0.00000000099999999904 0.00000000099999999904 0.00000000099999999904 0.99999999399999994765 0.00000000099999999904 0.00000000099999999904 
0.00000000099999999922 0.00000000099999999922 0.00000000099999999922 0.00000000099999999922 0.99999999400000005867 0.00000000099999999922 0.00000000099999999922 
0.00000000099999999901 0.00000000099999999901 0.00000000099999999901 0.00000000099999999901 0.99999999400000005867 0.00000000099999999901 0.00000000099999999901 
0.00000000099999999915 0.00000000099999999915 0.00000000099999999915 0.00000000099999999915 0.99999999400000005867 0.00000000099999999915 0.00000000099999999915 
0.00000000099999999899 0.00000000099999999899 0.00000000099999999899 0.00000000099999999899 0.99999999399999983662 0.00000000099999999899 0.00000000099999999899 
0.00000000099999999910 0.00000000099999999910 0.00000000099999999910 0.00000000099999999910 0.99999999400000005867 0.00000000099999999910 0.00000000099999999910 
0.00000000099999999902 0.00000000099999999902 0.00000000099999999902 0.00000000099999999902 0.99999999400000005867 0.00000000099999999902 0.00000000099999999902 
0.00000000099999999904 0.00000000099999999904 0.00000000099999999904 0.00000000099999999904 0.99999999400000005867 0.00000000099999999904 0.00000000099999999904 
0.00000000099999999907 0.00000000099999999907 0.00000000099999999907 0.00000000099999999907 0.99999999399999994765 0.00000000099999999907 0.00000000099999999907 
0.00000000099999999928 0.00000000099999999928 0.00000000099999999928 0.00000000099999999928 0.99999999399999994765 0.00000000099999999928 0.00000000099999999928 
0.00000000099999999900 0.00000000099999999900 0.00000000099999999900 0.00000000099999999900 0.99999999400000005867 0.00000000099999999900 0.00000000099999999900 
0.00000000099999999913 0.00000000099999999913 0.00000000099999999913 0.00000000099999999913 0.99999999399999994765 0.00000000099999999913 0.00000000099999999913 
0.00000000099999999906 0.00000000099999999906 0.00000000099999999906 0.00000000099999999906 0.99999999400000005867 0.00000000099999999906 0.00000000099999999906 
0.00000000099999999902 0.00000000099999999902 0.00000000099999999902 0.00000000099999999902 0.99999999399999994765 0.00000000099999999902 0.00000000099999999902 
0.00000000099999999913 0.00000000099999999913 0.00000000099999999913 0.00000000099999999913 0.99999999400000005867 0.00000000099999999913 0.00000000099999999913 
0.00000000099999999905 0.00000000099999999905 0.00000000099999999905 0.00000000099999999905 0.99999999399999994765 0.00000000099999999905 0.00000000099999999905 
0.00000000099999999909 0.00000000099999999909 0.00000000099999999909 0.00000000099999999909 0.99999999399999994765 0.00000000099999999909 0.00000000099999999909 
0.00000000099999999929 0.00000000099999999929 0.00000000099999999929 0.00000000099999999929 0.99999999400000005867 0.00000000099999999929 0.00000000099999999929 
0.00000000099999999931 0.00000000099999999931 0.00000000099999999931 0.00000000099999999931 0.99999999399999994765 0.00000000099999999931 0.00000000099999999931 
0.00000000099999999940 0.00000000099999999940 0.00000000099999999940 0.00000000099999999940 0.99999999399999994765 0.00000000099999999940 0.00000000099999999940 
0.00000000099999999966 0.00000000099999999966 0.00000000099999999966 0.00000000099999999966 0.99999999400000005867 0.00000000099999999966 0.00000000099999999966 
0.00000000099999999950 0.00000000099999999950 0.89009434514944740791 0.00000000099999999950 0.00000000099999999950 0.00000000099999999950 0.10990564985055263636 
0.00000000099999999938 0.00000000099999999938 0.83812538192744023835 0.00000000099999999938 0.00000000099999999938 0.00000000099999999938 0.16187461307255973653 
0.00000000099999999963 0.00000000099999999963 0.83370907123214499368 0.00000000099999999963 0.00000000099999999963 0.00000000099999999963 0.16629092376785509222 
0.00000000099999999924 0.00000000099999999924 0.86754887514436751506 0.00000000099999999924 0.00000000099999999924 0.01082257524767812201 0.12162854560795431647 
0.00000000099999999931 0.00000000099999999931 0.90232100797083314436 0.00000000099999999931 0.00000000099999999931 0.00947702284321952360 0.08820196518594733415 
0.00000000099999999918 0.00000000099999999918 0.87588908425155365123 0.00000000099999999918 0.00000000099999999918 0.00000000099999999918 0.12411091074844629589 
0.00000000099999999945 0.00000000099999999945 0.86235680453902274767 0.00000000099999999945 0.00000000099999999945 0.01733743466045031129 0.12030575680052699172 
0.00000000099999999925 0.00000000099999999925 0.89081873553256574194 0.00000000099999999925 0.00000000099999999925 0.00000000099999999925 0.10918125946743416355 
0.00000000099999999940 0.00000000099999999940 0.85690941203332038345 0.00000000099999999940 0.00000000099999999940 0.00856187032947226291 0.13452871363720750320 
0.00732316708605292715 0.00000000099999999980 0.88993946448094007895 0.00000000099999999980 0.00000000099999999980 0.00000000099999999980 0.10273736443300703070 
0.00000000099999999932 0.00000000099999999932 0.88239981839058068136 0.00000000099999999932 0.00000000099999999932 0.00000000099999999932 0.11760017660941922413 
0.00000000099999999929 0.00000000099999999929 0.86219988885816301050 0.00000000099999999929 0.00000000099999999929 0.00004084158209756994 0.13775926555973933008 
0.00743913703925647932 0.00000000099999999974 0.82263249818406547487 0.00000000099999999974 0.00000000099999999974 0.01491406525531460345 0.15501429652136330950 
0.00000000099999999942 0.00000000099999999942 0.86285114561129616639 0.00000000099999999942 0.00000000099999999942 0.02155282520791929057 0.11559602518078446187 
0.00000000099999999966 0.00000000099999999966 0.91594917944623566175 0.00000000099999999966 0.00000000099999999966 0.00000000099999999966 0.08405081555376436864 
0.00000000099999999919 0.00000000099999999919 0.89076844329069404527 0.00000000099999999919 0.00000000099999999919 0.00000000099999999919 0.10923155170930612390 
0.00000000099999999958 0.00000000099999999958 0.78914833889866808914 0.00000000099999999958 0.00000000099999999958 0.00984809605962129117 0.20100356104171068772 
0.00000000099999999960 0.00000000099999999960 0.83365218140212449249 0.00000000099999999960 0.00000000099999999960 0.00000000099999999960 0.16634781359787539912 
0.00000000099999999937 0.00000000099999999937 0.87790133400779080119 0.00000000099999999937 0.00000000099999999937 0.00000000099999999937 0.12209866099220920144 
0.00000000099999999936 0.00000000099999999936 0.87320313039841146452 0.00000000099999999936 0.00000000099999999936 0.00000000099999999936 0.12679686460158853811 
0.00000000099999999940 0.00000000099999999940 0.79923633121666037837 0.00000000099999999940 0.00000000099999999940 0.03597678792240945056 0.16478687686093024256 
0.00000000099999999922 0.00000000099999999922 0.83983241889111259759 0.00000000099999999922 0.00000000099999999922 0.00000053247250418391 0.16016704463638309353 
0.00000000099999999940 0.00000000099999999940 0.87244994823520394256 0.00000000099999999940 0.00000000099999999940 0.00000000099999999940 0.12755004676479603232 
0.00000000099999999942 0.00000000099999999942 0.81666495303350317148 0.00000000099999999942 0.00000000099999999942 0.00000000099999999942 0.18333504196649677565 
0.00000000099999999960 0.00000000099999999960 0.80163546815647235277 0.00000000099999999960 0.00000000099999999960 0.00000000099999999960 0.19836452684352770537 
0.00000000099999999931 0.00000000099999999931 0.87297176306939128221 0.00000000099999999931 0.00000000099999999931 0.00000000099999999931 0.12702823193060863716 
0.00000000099999999941 0.00000000099999999941 0.82768104030163180962 0.00000000099999999941 0.00000000099999999941 0.00000000099999999941 0.17231895469836808199 
0.00000000099999999994 0.00000000099999999994 0.80014763055369964029 0.00421909371791158797 0.00018354092851010167 0.00000000099999999994 0.19544973179987873424 
0.00000000099999999967 0.00000000099999999967 0.87367219889356506624 0.00000000099999999967 0.00000000099999999967 0.00000000099999999967 0.12632779610643513069 
0.00000000099999999945 0.00000000099999999945 0.82882897208560624147 0.00000000099999999945 0.00000000099999999945 0.00000000099999999945 0.17117102291439378892 
0.00000000099999999929 0.00000000099999999929 0.88287404053128282211 0.00000000099999999929 0.00000000099999999929 0.00000000099999999929 0.11712595446871722216 
0.00325885444861333078 0.00000000099999999986 0.90060733365363232483 0.00000000099999999986 0.00000000099999999986 0.00000000099999999986 0.09613380789775451130 
0.00000000099999999970 0.00000000099999999970 0.76276908143735344670 0.00000000099999999970 0.00000000099999999970 0.00794627322244949655 0.22928464134019721499 
0.00000000099999999965 0.00000000099999999965 0.84031471751829345251 0.00000000099999999965 0.00000000099999999965 0.00000007703849629362 0.15968520144321016185 
0.00000000099999999955 0.00000000099999999955 0.78651453698603568387 0.00000000099999999955 0.00000000099999999955 0.02939297181547624246 0.18409248719848808618 
0.00000000099999999964 0.00000000099999999964 0.84760978676945508692 0.00000000099999999964 0.00000000099999999964 0.02706282349465378295 0.12532738573589122244 
0.00000000099999999952 0.00000000099999999952 0.81369005196566956961 0.00000000099999999952 0.00000000099999999952 0.00000000099999999952 0.18630994303433057180 
0.00000000099999999955 0.00000000099999999955 0.81518040670788916024 0.00000000099999999955 0.00000000099999999955 0.00000000099999999955 0.18481958829211089790 
0.00000000099999999957 0.00000000099999999957 0.77547059638475124288 0.00000000099999999957 0.00000000099999999957 0.00341563182893966227 0.22111376778630911777 
0.00000000099999999980 0.00000000099999999980 0.92777906244959473803 0.00000000099999999980 0.00000000099999999980 0.00000000773296965030 0.07222092581743558282 
0.00000000099999999960 0.00000000099999999960 0.89465928624100155009 0.00000000099999999960 0.00000000099999999960 0.00000000099999999960 0.10534070875899848030 
0.00000000099999999982 0.00000000099999999982 0.88895107705951925681 0.00000000099999999982 0.00000000099999999982 0.02191217426526678030 0.08913674467521384703 
0.00000000099999999949 0.00000000099999999949 0.89251286874812529870 0.00000000099999999949 0.00000000099999999949 0.00000000099999999949 0.10748712625187481495 
0.00000000099999999942 0.00000000099999999942 0.82955702967697331207 0.00000000099999999942 0.00000000099999999942 0.00696910473969354106 0.16347386158333304662 
0.00000000099999999938 0.00000000099999999938 0.80448704907019685795 0.00000000099999999938 0.00000000099999999938 0.00000000099999999938 0.19551294592980311693 
0.00000000099999999942 0.00000000099999999942 0.83874635006640330115 0.00000000099999999942 0.00000000099999999942 0.00000000099999999942 0.16125364493359678475 
0.00000000099999999943 0.00000000099999999943 0.85831896907081073334 0.00000000099999999943 0.00000000099999999943 0.00244632825506143877 0.13923469867412779921 
0.00000000099999999962 0.00000000099999999962 0.82178698428015795052 0.00000000099999999962 0.00000000099999999962 0.00000000099999999962 0.17821301071984213538 
0.00000000099999999943 0.00000000099999999943 0.80976367780582159117 0.00000000099999999943 0.00000000099999999943 0.02746855318633205367 0.16276776500784623236 
0.00000000099999999952 0.00000000099999999952 0.80047654438320603454 0.00000000099999999952 0.00000000099999999952 0.00000000099999999952 0.19952345061679391258 
0.00000000099999999941 0.00000000099999999941 0.80693844025310790258 0.00000000099999999941 0.00000000099999999941 0.03660285443865523430 0.15645870130823696931 
0.00000000099999999950 0.00000000099999999950 0.81542858175294408163 0.00000000099999999950 0.00000000099999999950 0.00000000099999999950 0.18457141324705597651 
0.00000000099999999958 0.00000000099999999958 0.94600943679037763356 0.00000000099999999958 0.00000000099999999958 0.00000000099999999958 0.05399055820962227192 
0.00000000099999999960 0.00000000099999999960 0.90338975290072576207 0.00000000099999999960 0.00000000099999999960 0.01215434561825500664 0.08445589748101919869 
0.00000000099999999944 0.00000000099999999944 0.84134505623550237541 0.00000000099999999944 0.00000000099999999944 0.01441363289486936698 0.14424130686962829961 
0.00000000099999999950 0.00000000099999999950 0.87795986393598124398 0.00000000099999999950 0.00000000099999999950 0.00478117532959485697 0.11725895673442376932 
0.00000000099999999961 0.00000000099999999961 0.87542070126447424361 0.00000000099999999961 0.00000000099999999961 0.00000000099999999961 0.12457929373552575902 
0.00000000099999999965 0.00000000099999999965 0.89159546259638233767 0.00000000099999999965 0.00000000099999999965 0.00000000099999999965 0.10840453240361765108 
0.00000000099999999937 0.00000000099999999937 0.87492529690265830045 0.00000000099999999937 0.00000000099999999937 0.03032871716336730736 0.09474598193397443247 
0.00000000099999999958 0.00000000099999999958 0.92434830569146575474 0.00000000099999999958 0.00000000099999999958 0.00000000099999999958 0.07565168930853441442 
0.00000000099999999942 0.00000000099999999942 0.87543639715008347846 0.00000000099999999942 0.00000000099999999942 0.00000000099999999942 0.12456359784991648254 
0.00000000099999999968 0.00000000099999999968 0.87449704452297571944 0.00000000099999999968 0.00000000099999999968 0.00000000099999999968 0.12550295047702428319 
0.00000000099999999960 0.00000000099999999960 0.90683797738837224056 0.00000000099999999960 0.00000000099999999960 0.00000000099999999960 0.09316201761162787309 
0.00000000099999999965 0.00000000099999999965 0.89631883505068443707 0.00000000099999999965 0.00000000099999999965 0.00000000099999999965 0.10368115994931562107 
0.00000000099999999947 0.00000000099999999947 0.86216539981386119962 0.00000000099999999947 0.00000000099999999947 0.02490047636178337534 0.11293411982435543062 
0.00000000099999999979 0.00000000099999999979 0.87983013453213587685 0.00000000099999999979 0.00000000099999999979 0.00000000099999999979 0.12016986046786404252 
0.00449771079692695176 0.00000000099999999999 0.92189618679040818972 0.00055848181621104829 0.00362144262582504966 0.00000000353778781143 0.06942617343284074316 
0.00512148634452184136 0.00000000099999999994 0.85073638549759167393 0.00000000099999999994 0.00087207419085874322 0.01419640922877916933 0.12907364273824864509 
0.00348597413571188680 0.00000000099999999998 0.87404040769810287248 0.00000000099999999998 0.00340360973915671645 0.00000000099999999998 0.11907000542702854406 
0.00147043954276818612 0.00000000099999999990 0.88241606369329439463 0.00000000099999999990 0.00000000099999999990 0.00000000105235582304 0.11611349271158162566 
0.00000000099999999994 0.00000000099999999994 0.83087279995733342997 0.00000000099999999994 0.00324322070612490312 0.01000341746740514640 0.15588055886913648740 
0.00297928260163226894 0.00000000099999999990 0.91262069226572806180 0.00000000099999999990 0.00045691336617328400 0.00002686578842288078 0.08391624397804335611 
0.00000000099999999952 0.00000000099999999952 0.00000000099999999952 0.00000000099999999952 0.00000000099999999952 0.98920586582478320370 0.01079412917521670526 
0.00000000099999999950 0.00000000099999999950 0.00000000099999999950 0.00000000099999999950 0.00000000099999999950 0.99999999400000005867 0.00000000099999999950 
0.00000000099999999970 0.00000000099999999970 0.01329309730350227217 0.00000000099999999970 0.00000000099999999970 0.98017705636550545023 0.00652984233099217996 
0.00000000099999999989 0.00000000099999999989 0.00000000099999999989 0.00000000099999999989 0.00000000099999999989 0.99999999399999994765 0.00000000099999999989 
0.00000000099999999948 0.00000000099999999948 0.00000649038603524176 0.00000000099999999948 0.00000000099999999948 0.99351695387921190594 0.00647655173475282075 
0.00000000099999999957 0.00000000099999999957 0.00000000099999999957 0.00000000099999999957 0.00000000099999999957 0.99988845447527774368 0.00011154052472232565 
0.00000000099999999965 0.00000000099999999965 0.00000000099999999965 0.00000000099999999965 0.00000000099999999965 0.99385609855067302831 0.00614389644932708881 
0.00000000099999999962 0.00000000099999999962 0.00000000479964039858 0.00000000099999999962 0.00000000099999999962 0.99328911373432915433 0.00671087746603040141 
0.00000000099999999953 0.00000000099999999953 0.00000000099999999953 0.00000000099999999953 0.00000000099999999953 0.99525171674639234531 0.00474827825360768681 
0.00000000099999999980 0.00000000099999999980 0.00000000099999999980 0.00000000099999999980 0.00000000099999999980 0.99999999400000005867 0.00000000099999999980 
0.00000000099999999955 0.00000000099999999955 0.00000000099999999955 0.00000000099999999955 0.00000000099999999955 0.99999999400000005867 0.00000000099999999955 
0.00000000099999999949 0.00000000099999999949 0.02039310636828018872 0.00000000099999999949 0.00000000099999999949 0.97806694872032085009 0.00153994091139890345 
0.00000000099999999953 0.00000000099999999953 0.00000000099999999953 0.00000000099999999953 0.00000000099999999953 0.99999999399999994765 0.00000000099999999953 
0.00000000099999999959 0.00000000099999999959 0.01012171343609143646 0.00000000099999999959 0.00000000099999999959 0.98987828156390844647 0.00000000099999999959 
0.00000000099999999971 0.00000000099999999971 0.00000000099999999971 0.00000000099999999971 0.00101182198199080875 0.99898817301800912904 0.00000000099999999971 
0.00000000099999999961 0.00000000099999999961 0.00000000099999999961 0.00000000099999999961 0.00000000099999999961 0.96413492069651407501 0.03586507430348594844 
0.00000000099999999970 0.00000000099999999970 0.00192480856525261779 0.00000000099999999970 0.00000000099999999970 0.99570944141835737717 0.00236574601638983887 
0.00000000099999999936 0.00000000099999999936 0.00000000099999999936 0.00000000099999999936 0.00000000099999999936 0.99999999399999994765 0.00000000099999999936 
0.00000000099999999998 0.00023673596045667973 0.02380726304680940569 0.00167801060711963166 0.00033726861618628683 0.95162246976138231691 0.02231825100804574191 
0.00000000099999999999 0.00206933162893279971 0.01800471746253737293 0.00000002348725660553 0.00000000099999999999 0.90797574834336225447 0.07195017707791091788 
0.00000000099999999980 0.00000000099999999980 0.07788018648423798707 0.00000000099999999980 0.00000000099999999980 0.92211980851576202944 0.00000000099999999980 
0.00810016509325836749 0.00000000099999999994 0.00000019228960574607 0.00000000099999999994 0.00000000099999999994 0.92189858333646801380 0.07000105628066786989 
0.00322648953247106065 0.00000000099999999984 0.06890192488384051794 0.00000000099999999984 0.00000000099999999984 0.86302830143392672557 0.06484328114976167790 
0.00000000099999999993 0.00000000099999999993 0.02679647755844586157 0.00320726395041959298 0.00000000099999999993 0.89366268085568678625 0.07633357463544790389 
0.00000000099999999994 0.00000000099999999994 0.01779817682366237677 0.00114979977237339177 0.00005289317954843602 0.95675640030360242783 0.02424272792081335476 
0.00062752842310638708 0.00000000099999999997 0.04441347397992610746 0.00218471699511056140 0.00000000200184823730 0.88214537070349108294 0.07062890689651764309 
0.00050002067293219619 0.00000000099999999997 0.04062698605984894212 0.00161306928734329474 0.00001930963020426875 0.89962222747898534791 0.05761838587068603135 
0.00246695990340999082 0.00000000099999999980 0.00195280399616139179 0.00000000099999999980 0.00000000099999999980 0.94509372253604873038 0.05048651056437993695 
0.00171446330628850048 0.00000000099999999988 0.00000000099999999988 0.00000000099999999988 0.00000000099999999988 0.96128383330457167766 0.03700169938913987211 
0.00000000099999999979 0.00000000099999999979 0.00761198576694212606 0.00000000099999999979 0.00000000099999999979 0.90992818793737162419 0.08245982229568613042 
0.00344979299872576889 0.00000000099999999979 0.00000000099999999979 0.00000000099999999979 0.00000000099999999979 0.93000461496844266662 0.06654558803283150414 
0.00547321108711556689 0.00000000099999999987 0.10715727752058797073 0.00000000099999999987 0.00000000099999999987 0.84434424200944357963 0.04302526638285282534 
0.01020132807727671537 0.00000000099999999985 0.02924787201643631179 0.00000000099999999985 0.00000000099999999985 0.89263210990953489876 0.06791868699675211729 
0.00000000099999999988 0.00000000099999999988 0.06960097629498636362 0.00000000099999999988 0.00000000099999999988 0.89789692313881852570 0.03250209656619508503 
0.00000000099999999974 0.00000000099999999974 0.00000000099999999974 0.00000000099999999974 0.00000000099999999974 0.91236917663571215353 0.08763081836428786298 
0.00000000099999999962 0.00000000099999999962 0.07930138146002631283 0.00000000099999999962 0.00000000099999999962 0.84239799740619603075 0.07830061713377751975 
0.00100822442895080354 0.00000000099999999989 0.07152825683192449990 0.00000000099999999989 0.00000000099999999989 0.87634455482061934806 0.05111896091850533230 
0.00380261440433650151 0.00673015667254737732 0.10148115753902252345 0.00000000099999999999 0.00000000731948191403 0.82336276977799460752 0.06462329328661707561 
0.00371228739691970358 0.00000000099999999999 0.06890441783978794310 0.00000000099999999999 0.00000000099999999999 0.68516710162986127486 0.24221619013343112514 
0.02238884827901294061 0.00000000099999999999 0.29919612913531917764 0.00000000099999999999 0.00000000099999999999 0.59843914305160295086 0.07997587653406484920 
0.00000000099999999970 0.00000000099999999970 0.03169834796665329385 0.00000000099999999970 0.00611817485080499556 0.89578240860420066394 0.06640106557834098144 
0.01897276975171964530 0.00000000099999999999 0.12791580210338346357 0.00000000099999999999 0.00000000099999999999 0.74898187904859436781 0.10412954609630259428 
0.00000000099999999999 0.00183003663859421370 0.23663601607775755498 0.00000000099999999999 0.00000000099999999999 0.48412630924791894005 0.27740763503572923865 
0.00000000099999999987 0.00000000099999999987 0.03230704251594369858 0.00000000099999999987 0.00000000099999999987 0.94835058468097022111 0.01934236880308601650 
0.00000000099999999999 0.00000000099999999999 0.42514387792267210875 0.00000000099999999999 0.01091715907434563475 0.56393895900298229851 0.00000000099999999999 
0.00000000099999999984 0.00000000099999999984 0.09467870443249620793 0.00000000099999999984 0.01551877704717009344 0.85165435155681823431 0.03814816396351541905 
0.00000000099999999991 0.00000000099999999991 0.02111324705024664877 0.00000000099999999991 0.00161533798600448932 0.96014243310816982380 0.01712897885557906202 
0.00000000099999999973 0.00000000099999999973 0.11549853989856972980 0.00000000099999999973 0.00801580480166127519 0.86466774983440519708 0.01181790246536377521 
0.00000000099999999993 0.00000000099999999993 0.08906002923745363897 0.00000000099999999993 0.00197039458578392515 0.88570861371730169598 0.02326095945946069291 
0.00000000099999999945 0.00000000099999999945 0.03562401570519968530 0.00000000099999999945 0.00000000099999999945 0.92329848980111817180 0.04107749049368214500 
0.00000000099999999966 0.00000000099999999966 0.02640000668258135966 0.00000000099999999966 0.00000000099999999966 0.95687837177877044237 0.01672161753864818967 
0.00000000099999999980 0.00000000099999999980 0.76595234426358516089 0.00000000099999999980 0.00000000099999999980 0.20347078433150389554 0.03057686740491103589 
0.00000000099999999972 0.00000000099999999972 0.66755022771770899936 0.00000000099999999972 0.00000000099999999972 0.29766051873891968826 0.03478924954337150183 
0.00000000099999999998 0.06788947826042880662 0.39086164920036925441 0.25602589887409737957 0.00000000099999999998 0.24929046625634732059 0.03593250540875730231 
0.00000000099999999997 0.00000000099999999997 0.73976706648391132859 0.00191614891067461114 0.00386941120300480883 0.19635924377535537988 0.05808812762705371086 
0.00000000099999999997 0.00000000099999999997 0.78156942005166263332 0.00148670933836403917 0.00212208154280275722 0.18046688699192259264 0.03435490007524805156 
0.00000000099999999998 0.05377018513471169825 0.46664756954943559242 0.28420591195816180541 0.00000000099999999998 0.17892497276914648419 0.01645135858854467753 
0.00000000099999999997 0.04339507789300543761 0.48235712237577760275 0.22187869460629766616 0.00000000099999999997 0.19906536808346927958 0.05330373504145009822 
0.00000000099999999998 0.02711545017971522809 0.49924213758130603358 0.23236290667206457861 0.00000000099999999998 0.22495925949988604398 0.01632024406702822436 
0.00000000099999999997 0.00000000099999999997 0.51306784753101064567 0.23106019208582639912 0.00014244146257054625 0.23651960245912120873 0.01920991446147118226 
0.00000000099999999999 0.00000001012755735405 0.54984487800097447963 0.22397683601906373529 0.00006946637960226899 0.18453324947436430814 0.04157555899843797670 
0.00000000099999999959 0.00000000099999999959 0.74556274798015431671 0.00000000099999999959 0.00000000099999999959 0.22613820382973687240 0.02829904419010872973 
0.00000000100000228820 0.00000000099999999997 0.59774266445380386248 0.27428731176836851358 0.00000000099999999997 0.12216155407985239412 0.00580846669797293377 
0.00009753332031419000 0.00026486592127677262 0.72993712592139425865 0.00485623291547710063 0.00490952296401343542 0.22031730760985743234 0.03961741134766680328 
0.00000000099999999999 0.02153295543264108214 0.47018620215559453479 0.28925247559530975483 0.00000000120742893338 0.17967760767453216930 0.03935075693449356649 
0.00000000099999999962 0.00000000099999999962 0.76425940279936044330 0.00000000099999999962 0.00000000099999999962 0.18912628070570888794 0.04661431249493070555 
0.00000000099999999965 0.00000000099999999965 0.76160436966776501322 0.00000000099999999965 0.00000000099999999965 0.18543923584302401952 0.05295639048921081671 
0.00000000099999999997 0.00000000099999999997 0.63619308563438725646 0.29031280913854679016 0.00396750691318345679 0.06104229685671013622 0.00848429945717218102 
0.00000000099999999955 0.00000000099999999955 0.69720441121786480565 0.00000000099999999955 0.00000000099999999955 0.27041891093607800522 0.03237667384605725368 
0.00000000099999999993 0.00000000099999999993 0.74529350311436526333 0.00000000099999999993 0.00000000099999999993 0.19538890581375725763 0.05931758707187751584 
0.00617237261130628313 0.00000000099999999997 0.11839348033207033883 0.00000000099999999997 0.00000000099999999997 0.80218479116327889855 0.07324935289334463806 
0.07569947539210690468 0.00000000099999999999 0.00514988404588861796 0.00000000099999999999 0.00000000099999999999 0.84884303416294193401 0.07030760339906257095 
0.00559786738908520012 0.00000000099999999994 0.02793339111280076711 0.00000000099999999994 0.00000000099999999994 0.88489092727234053282 0.08157781122577340005 
0.00291743337265656889 0.00000000099999999990 0.00000000099999999990 0.00000000099999999990 0.00000000099999999990 0.99400418377401467129 0.00307837885332883608 
0.00000000099999999997 0.00000000099999999997 0.00000000099999999997 0.02581694665120066318 0.00000000099999999997 0.89961187624000182872 0.07457117310879758654 
0.00000000099999999957 0.00000000099999999957 0.00000000099999999957 0.00000000099999999957 0.00000000099999999957 0.99999999400000005867 0.00000000099999999957 
0.00000000099999999958 0.00000000099999999958 0.00000000099999999958 0.00000000099999999958 0.00000000099999999958 0.99999999400000005867 0.00000000099999999958 
0.07857103996197133122 0.00000000099999999997 0.00000000099999999997 0.08791320174383099317 0.00278824137269035157 0.83072751392150723238 0.00000000099999999997 
0.00132138033914290260 0.00000000099999999979 0.00000000099999999979 0.00000000099999999979 0.00000000099999999979 0.98910711929937966680 0.00957149636147747521 
0.00000000099999999979 0.00000000099999999979 0.00000000099999999979 0.00000000099999999979 0.00000000099999999979 0.99999999400000005867 0.00000000099999999979 
0.00000000099999999916 0.00000000099999999916 0.00000000099999999916 0.00000000099999999916 0.00000000099999999916 0.99999999399999994765 0.00000000099999999916 
0.00000000099999999941 0.00000000099999999941 0.00000000099999999941 0.00000000099999999941 0.00000000099999999941 0.99406851393701300967 0.00593148106298693484 
0.00000000099999999941 0.00000000099999999941 0.00000000099999999941 0.00000000099999999941 0.00000000099999999941 0.99550571455856495806 0.00449428044143503676 
0.00000000099999999943 0.00000000099999999943 0.00000000099999999943 0.00000000099999999943 0.00000000099999999943 0.99999999400000005867 0.00000000099999999943 
0.00000000099999999931 0.00000000099999999931 0.00000000099999999931 0.00000000099999999931 0.00000000099999999931 0.99999999400000005867 0.00000000099999999931 
0.00000000099999999958 0.00000000099999999958 0.00757509769106491995 0.00000000099999999958 0.00000000099999999958 0.97896995498142580505 0.01345494332750924414 
0.00000000099999999978 0.00000000099999999978 0.00000027783882174177 0.00000000099999999978 0.00000000099999999978 0.99999971716117830312 0.00000000099999999978 
0.00000000099999999950 0.00000000099999999950 0.00000000099999999950 0.00000000099999999950 0.00000000099999999950 0.99999999399999994765 0.00000000099999999950 
0.01043615110322521425 0.00000000099999999987 0.00000000099999999987 0.00000000099999999987 0.00000000099999999987 0.98956384389677487512 0.00000000099999999987 
0.00000000099999999982 0.00000000099999999982 0.00000000099999999982 0.00000000099999999982 0.00000000099999999982 0.94945303921823087645 0.05054695578176929965 
0.00000000099999999963 0.00000000099999999963 0.00000000099999999963 0.00000000099999999963 0.00000000099999999963 0.98708046354098322173 0.01291953145901676009 
0.00000000099999999986 0.00049751863461442098 0.00000000099999999986 0.00000000099999999986 0.00000000099999999986 0.98996583282712480312 0.00953664453826078007 
0.00000000099999999938 0.00000000099999999938 0.00000000099999999938 0.00000000099999999938 0.00000000099999999938 0.99999999400000005867 0.00000000099999999938 
0.00000000099999999965 0.00000000099999999965 0.00000000099999999965 0.00000000099999999965 0.00000000099999999965 0.99999999399999994765 0.00000000099999999965 
0.00000000099999999985 0.00131779676860812288 0.02035688492122900151 0.00000000099999999985 0.00000000099999999985 0.95952362575864080796 0.01880168955152206750 
0.00733419853630346702 0.00000000099999999993 0.00683393242766249312 0.00000000099999999993 0.00000000099999999993 0.94806777692235133514 0.03776408911368256405 
0.00000000099999999965 0.00000000099999999965 0.00000000099999999965 0.00000000099999999965 0.00000000099999999965 0.98436834781560200724 0.01563164718439804396 
0.00000000099999999965 0.00000000099999999965 0.00000000099999999965 0.00000000099999999965 0.00000000099999999965 0.99353495459502028098 0.00646504040497960890 
0.00000000099999999930 0.00000000099999999930 0.00000000099999999930 0.00000000099999999930 0.00000000099999999930 0.99999999399999994765 0.00000000099999999930 
0.00000000099999999959 0.00000000099999999959 0.00000000099999999959 0.00000000099999999959 0.00000000099999999959 0.99380326619959058476 0.00619672880040955925 
0.00000000099999999962 0.00000000099999999962 0.00000000099999999962 0.00000000099999999962 0.00000000099999999962 0.96959589095822373839 0.03040410404177628506 
0.00000000099999999974 0.00000000099999999974 0.00000000099999999974 0.00000000099999999974 0.00000000099999999974 0.99045800968911235085 0.00954198531088766913 
0.00093455039032295227 0.00000000099999999992 0.00000000099999999992 0.00000000099999999992 0.00146885946015046600 0.90259336304182624655 0.09500322410770017934 
0.00141463983416434663 0.00000000099999999990 0.00000000099999999990 0.00000000099999999990 0.00000000099999999990 0.97974356302312792799 0.01884179314270778213 
0.00000000099999999979 0.00000000099999999979 0.00000000099999999979 0.00000000099999999979 0.00000000099999999979 0.99999999400000005867 0.00000000099999999979 
0.00080258858676671466 0.00000000099999999989 0.01015648301778723610 0.00000000099999999989 0.00000000099999999989 0.93564405397367744754 0.05339687142176858387 
0.00000000099999999979 0.00000000099999999979 0.00689968733381054588 0.00000000099999999979 0.00228470266263395162 0.99081560600355544910 0.00000000099999999979 
0.00851205262620449883 0.00000000099999999985 0.00000000099999999985 0.00000000099999999985 0.00000000099999999985 0.99148794237379545002 0.00000000099999999985 
0.00104546589939235875 0.00000000099999999997 0.00000000099999999997 0.00118252970559980719 0.00000000099999999997 0.99777200039500768547 0.00000000099999999997 
0.00820447072413568734 0.00000000099999999998 0.00000000099999999998 0.00076717952464106572 0.00820735953703449934 0.96737886252898652728 0.01544212568520204713 
0.01176608341414139836 0.00000000099999999976 0.00000000099999999976 0.00000000099999999976 0.00000000099999999976 0.98823391158585860428 0.00000000099999999976 
0.00404919707636976992 0.00000000099999999987 0.00000000099999999987 0.00000000099999999987 0.00000000099999999987 0.99595079792363017113 0.00000000099999999987 
0.00000000099999999979 0.00000000099999999979 0.02781851684316504272 0.00000000099999999979 0.00000000099999999979 0.96062880386472981886 0.01155267529210496705 
0.00000000099999999981 0.00000000099999999981 0.00009774968513665154 0.00000000099999999981 0.00000000099999999981 0.99555579821751594150 0.00434644809734750434 
0.00000000099999999965 0.00000000099999999965 0.01197304925006808726 0.00000000099999999965 0.00000000099999999965 0.94439434080823914108 0.04363260594169277029 
0.00000000099999999998 0.00149126501986240499 0.00002391745719539434 0.00000000099999999998 0.00429460844445285744 0.99419020607848929139 0.00000000099999999998 
0.00000000099999999959 0.00000000099999999959 0.00261604212113060799 0.00000000099999999959 0.00000000099999999959 0.99738395287886938423 0.00000000099999999959 
0.00000000099999999994 0.00322828209899857785 0.00000000099999999994 0.00000000099999999994 0.00249688390893284791 0.99166985788263839474 0.00260497310943019408 
0.00000000099999999995 0.00000000099999999995 0.00000000099999999995 0.00000000099999999995 0.00278331949802058725 0.82574229861785797269 0.17147437788412142612 
0.00000000099999999974 0.00000000099999999974 0.00726428486368103921 0.00000000099999999974 0.00000000099999999974 0.91424891671515329250 0.07848679442116561489 
0.00247229813000474259 0.00000000099999999994 0.01505004336601892603 0.00000000099999999994 0.00000000099999999994 0.96638653787392136962 0.01609111763005490608 
0.00000000099999999991 0.00000000099999999991 0.00000000099999999991 0.00000000099999999991 0.00000000099999999991 0.99999999400000005867 0.00000000099999999991 
0.00000000099999999995 0.00000000099999999995 0.04889677239217617849 0.00000000099999999995 0.00233467383184104938 0.94876854977598290564 0.00000000099999999995 
