0.00000000099999999803 0.00000000099999999803 0.00000000099999999803 0.00000000099999999803 0.00000000099999999803 0.00000000099999999803 0.00000000099999999803 0.00000000099999999803 0.00000000099999999803 0.99999999099999992147 
0.00000000099999999813 0.00000000099999999813 0.00000000099999999813 0.00000000099999999813 0.00000000099999999813 0.00000000099999999813 0.00000000099999999813 0.00000000099999999813 0.00000000099999999813 0.99999999099999992147 
0.00000000099999999809 0.00000000099999999809 0.00000000099999999809 0.00000000099999999809 0.00000000099999999809 0.00000000099999999809 0.00000000099999999809 0.00000000099999999809 0.00000000099999999809 0.99999999099999992147 
0.00000000099999999812 0.00000000099999999812 0.00000000099999999812 0.00000000099999999812 0.00000000099999999812 0.00000000099999999812 0.00000000099999999812 0.00000000099999999812 0.00000000099999999812 0.99999999100000003249 
0.00000000099999999818 0.00000000099999999818 0.00000000099999999818 0.00000000099999999818 0.00000000099999999818 0.00000000099999999818 0.00000000099999999818 0.00000000099999999818 0.00000000099999999818 0.99999999099999992147 
0.00000000099999999819 0.00000000099999999819 0.00000000099999999819 0.00000000099999999819 0.00000000099999999819 0.00000000099999999819 0.00000000099999999819 0.00000000099999999819 0.00000000099999999819 0.99999999099999992147 
0.00000000099999999808 0.00000000099999999808 0.00000000099999999808 0.00000000099999999808 0.00000000099999999808 0.00000000099999999808 0.00000000099999999808 0.00000000099999999808 0.00000000099999999808 0.99999999100000003249 
0.00000000099999999824 0.00000000099999999824 0.00000000099999999824 0.00000000099999999824 0.00000000099999999824 0.00000000099999999824 0.00000000099999999824 0.00000000099999999824 0.00000000099999999824 0.99999999099999992147 
0.00000000099999999813 0.00000000099999999813 0.00000000099999999813 0.00000000099999999813 0.00000000099999999813 0.00000000099999999813 0.00000000099999999813 0.00000000099999999813 0.00000000099999999813 0.99999999100000003249 
0.00000000099999999823 0.00000000099999999823 0.00000000099999999823 0.00000000099999999823 0.00000000099999999823 0.00000000099999999823 0.00000000099999999823 0.00000000099999999823 0.00000000099999999823 0.99999999100000003249 
0.00000000099999999817 0.00000000099999999817 0.00000000099999999817 0.00000000099999999817 0.00000000099999999817 0.00000000099999999817 0.00000000099999999817 0.00000000099999999817 0.00000000099999999817 0.99999999100000003249 
0.00000000099999999851 0.00000000099999999851 0.00000000099999999851 0.00000000099999999851 0.00000000099999999851 0.00000000099999999851 0.00000000099999999851 0.00000000099999999851 0.00000000099999999851 0.99999999100000003249 
0.00000000099999999815 0.00000000099999999815 0.00000000099999999815 0.00000000099999999815 0.00000000099999999815 0.00000000099999999815 0.00000000099999999815 0.00000000099999999815 0.00000000099999999815 0.99999999100000003249 
0.00000000099999999811 0.00000000099999999811 0.00000000099999999811 0.00000000099999999811 0.00000000099999999811 0.00000000099999999811 0.00000000099999999811 0.00000000099999999811 0.00000000099999999811 0.99999999100000003249 
0.00000000099999999815 0.00000000099999999815 0.00000000099999999815 0.00000000099999999815 0.00000000099999999815 0.00000000099999999815 0.00000000099999999815 0.00000000099999999815 0.00000000099999999815 0.99999999099999992147 
0.00000000099999999815 0.00000000099999999815 0.00000000099999999815 0.00000000099999999815 0.00000000099999999815 0.00000000099999999815 0.00000000099999999815 0.00000000099999999815 0.00000000099999999815 0.99999999099999992147 
0.00000000099999999815 0.00000000099999999815 0.00000000099999999815 0.00000000099999999815 0.00000000099999999815 0.00000000099999999815 0.00000000099999999815 0.00000000099999999815 0.00000000099999999815 0.99999999100000003249 
0.00000000099999999826 0.00000000099999999826 0.00000000099999999826 0.00000000099999999826 0.00000000099999999826 0.00000000099999999826 0.00000000099999999826 0.00000000099999999826 0.00000000099999999826 0.99999999100000003249 
0.00000000099999999832 0.00000000099999999832 0.00000000099999999832 0.00000000099999999832 0.00000000099999999832 0.00000000099999999832 0.00000000099999999832 0.00000000099999999832 0.00000000099999999832 0.99999999100000003249 
0.00000000099999999829 0.00000000099999999829 0.00000000099999999829 0.00000000099999999829 0.00000000099999999829 0.00000000099999999829 0.00000000099999999829 0.00000000099999999829 0.00000000099999999829 0.99999999099999992147 
0.00000000099999999820 0.00000000099999999820 0.00000000099999999820 0.00000000099999999820 0.00000000099999999820 0.00000000099999999820 0.00000000099999999820 0.00000000099999999820 0.00000000099999999820 0.99999999099999992147 
0.00000000099999999822 0.00000000099999999822 0.00000000099999999822 0.00000000099999999822 0.00000000099999999822 0.00000000099999999822 0.00000000099999999822 0.00000000099999999822 0.00000000099999999822 0.99999999100000003249 
0.00000000099999999821 0.00000000099999999821 0.00000000099999999821 0.00000000099999999821 0.00000000099999999821 0.00000000099999999821 0.00000000099999999821 0.00000000099999999821 0.00000000099999999821 0.99999999099999992147 
0.00000000099999999823 0.00000000099999999823 0.00000000099999999823 0.00000000099999999823 0.00000000099999999823 0.00000000099999999823 0.00000000099999999823 0.00000000099999999823 0.00000000099999999823 0.99999999099999992147 
0.00000000099999999875 0.00000000099999999875 0.00000000099999999875 0.00000000099999999875 0.00000000099999999875 0.00000000099999999875 0.00000000099999999875 0.00000000099999999875 0.00000000099999999875 0.99999999099999992147 
0.00000000099999999820 0.00000000099999999820 0.00000000099999999820 0.00000000099999999820 0.00000000099999999820 0.00000000099999999820 0.00000000099999999820 0.00000000099999999820 0.00000000099999999820 0.99999999100000003249 
0.00000000099999999825 0.00000000099999999825 0.00000000099999999825 0.00000000099999999825 0.00000000099999999825 0.00000000099999999825 0.00000000099999999825 0.00000000099999999825 0.00000000099999999825 0.99999999099999992147 
0.00000000099999999829 0.00000000099999999829 0.00000000099999999829 0.00000000099999999829 0.00000000099999999829 0.00000000099999999829 0.00000000099999999829 0.00000000099999999829 0.00000000099999999829 0.99999999100000003249 
0.00000000099999999830 0.00000000099999999830 0.00000000099999999830 0.00000000099999999830 0.00000000099999999830 0.00000000099999999830 0.00000000099999999830 0.00000000099999999830 0.00000000099999999830 0.99999999099999992147 
0.00000000099999999825 0.00000000099999999825 0.00000000099999999825 0.00000000099999999825 0.00000000099999999825 0.00000000099999999825 0.00000000099999999825 0.00000000099999999825 0.00000000099999999825 0.99999999100000003249 
0.00000000099999999853 0.00000000099999999853 0.00000000099999999853 0.00000000099999999853 0.00000000099999999853 0.00000000099999999853 0.00000000099999999853 0.00000000099999999853 0.00000000099999999853 0.99999999100000003249 
0.00000000099999999878 0.00000000099999999878 0.00000000099999999878 0.00000000099999999878 0.00000000099999999878 0.00000000099999999878 0.00000000099999999878 0.00000000099999999878 0.00000000099999999878 0.99999999100000003249 
0.00000000099999999843 0.00000000099999999843 0.00000000099999999843 0.00000000099999999843 0.00000000099999999843 0.00000000099999999843 0.00000000099999999843 0.00000000099999999843 0.00000000099999999843 0.99999999099999992147 
0.00000000099999999864 0.00000000099999999864 0.00000000099999999864 0.00000000099999999864 0.00000000099999999864 0.00000000099999999864 0.00000000099999999864 0.00000000099999999864 0.00000000099999999864 0.99999999099999992147 
0.00000000099999999844 0.00000000099999999844 0.00000000099999999844 0.00000000099999999844 0.00000000099999999844 0.00000000099999999844 0.00000000099999999844 0.00000000099999999844 0.00000000099999999844 0.99999999100000003249 
0.00000000099999999857 0.00000000099999999857 0.00000000099999999857 0.00000000099999999857 0.00000000099999999857 0.00000000099999999857 0.00000000099999999857 0.00000000099999999857 0.00000000099999999857 0.99999999099999992147 
0.00000000099999999847 0.00000000099999999847 0.00000000099999999847 0.00000000099999999847 0.00000000099999999847 0.00000000099999999847 0.00000000099999999847 0.00000000099999999847 0.00000000099999999847 0.99999999100000003249 
0.00000000099999999849 0.00000000099999999849 0.00000000099999999849 0.00000000099999999849 0.00000000099999999849 0.00000000099999999849 0.00000000099999999849 0.00000000099999999849 0.00000000099999999849 0.99999999100000003249 
0.00000000099999999854 0.00000000099999999854 0.00000000099999999854 0.00000000099999999854 0.00000000099999999854 0.00000000099999999854 0.00000000099999999854 0.00000000099999999854 0.00000000099999999854 0.99999999100000003249 
0.00000000099999999882 0.00000000099999999882 0.00000000099999999882 0.00000000099999999882 0.00000000099999999882 0.00000000099999999882 0.00000000099999999882 0.00000000099999999882 0.00000000099999999882 0.99999999099999992147 
0.00000000099999999845 0.00000000099999999845 0.00000000099999999845 0.00000000099999999845 0.00000000099999999845 0.00000000099999999845 0.00000000099999999845 0.00000000099999999845 0.00000000099999999845 0.99999999099999992147 
0.00000000099999999866 0.00000000099999999866 0.00000000099999999866 0.00000000099999999866 0.00000000099999999866 0.00000000099999999866 0.00000000099999999866 0.00000000099999999866 0.00000000099999999866 0.99999999099999992147 
0.00000000099999999851 0.00000000099999999851 0.00000000099999999851 0.00000000099999999851 0.00000000099999999851 0.00000000099999999851 0.00000000099999999851 0.00000000099999999851 0.00000000099999999851 0.99999999100000003249 
0.00000000099999999847 0.00000000099999999847 0.00000000099999999847 0.00000000099999999847 0.00000000099999999847 0.00000000099999999847 0.00000000099999999847 0.00000000099999999847 0.00000000099999999847 0.99999999099999992147 
0.00000000099999999865 0.00000000099999999865 0.00000000099999999865 0.00000000099999999865 0.00000000099999999865 0.00000000099999999865 0.00000000099999999865 0.00000000099999999865 0.00000000099999999865 0.99999999099999992147 
0.00000000099999999852 0.00000000099999999852 0.00000000099999999852 0.00000000099999999852 0.00000000099999999852 0.00000000099999999852 0.00000000099999999852 0.00000000099999999852 0.00000000099999999852 0.99999999099999992147 
0.00000000099999999858 0.00000000099999999858 0.00000000099999999858 0.00000000099999999858 0.00000000099999999858 0.00000000099999999858 0.00000000099999999858 0.00000000099999999858 0.00000000099999999858 0.99999999099999992147 
0.00000000099999999888 0.00000000099999999888 0.00000000099999999888 0.00000000099999999888 0.00000000099999999888 0.00000000099999999888 0.00000000099999999888 0.00000000099999999888 0.00000000099999999888 0.99999999100000003249 
0.00000000099999999892 0.00000000099999999892 0.00000000099999999892 0.00000000099999999892 0.00000000099999999892 0.00000000099999999892 0.00000000099999999892 0.00000000099999999892 0.00000000099999999892 0.99999999100000003249 
0.00000000099999999908 0.00000000099999999908 0.00000000099999999908 0.00000000099999999908 0.00000000099999999908 0.00000000099999999908 0.00000000099999999908 0.00000000099999999908 0.00000000099999999908 0.99999999100000003249 
0.00000000099999999945 0.00000000099999999945 0.00000000099999999945 0.00000000099999999945 0.00000000099999999945 0.00000000099999999945 0.00000000099999999945 0.00000000099999999945 0.00000000099999999945 0.99999999099999992147 
0.00000000099999999918 0.00000000099999999918 0.00000000099999999918 0.00000000099999999918 0.00000000099999999918 0.14701677770262919220 0.85298321429737089527 0.00000000099999999918 0.00000000099999999918 0.00000000099999999918 
0.00000000099999999894 0.00000000099999999894 0.00000000099999999894 0.00000000099999999894 0.00000000099999999894 0.19115021043785282440 0.80884978156214715206 0.00000000099999999894 0.00000000099999999894 0.00000000099999999894 
0.00000000099999999941 0.00000000099999999941 0.00000000099999999941 0.00000000099999999941 0.00000000099999999941 0.19579096548506261244 0.80420902651493730851 0.00000000099999999941 0.00000000099999999941 0.00000000099999999941 
0.00000000099999999869 0.00000000099999999869 0.00000000099999999869 0.00000000099999999869 0.00000000099999999869 0.14624661273782460502 0.85165463429280141572 0.00209874596937394218 0.00000000099999999869 0.00000000099999999869 
0.00000000099999999881 0.00000000099999999881 0.00000000099999999881 0.00000000099999999881 0.00000000099999999881 0.12318981674234368018 0.87680986291859897008 0.00000031333905719884 0.00000000099999999881 0.00000000099999999881 
0.00000000099999999857 0.00000000099999999857 0.00000000099999999857 0.00000000099999999857 0.00000000099999999857 0.14787247889267812750 0.85212751310732171017 0.00000000099999999857 0.00000000099999999857 0.00000000099999999857 
0.00000000099999999911 0.00000000099999999911 0.00000000099999999911 0.00000000099999999911 0.00000000099999999911 0.14950080883861904812 0.82226594001066821704 0.02823324415071280097 0.00000000099999999911 0.00000000099999999911 
0.00000000099999999875 0.00000000099999999875 0.00000000099999999875 0.00000000099999999875 0.00000000099999999875 0.13087700170057656179 0.86912299029942330364 0.00000000099999999875 0.00000000099999999875 0.00000000099999999875 
0.00000000099999999903 0.00000000099999999903 0.00000000099999999903 0.00000000099999999903 0.00000000099999999903 0.16758490048246488247 0.81398888402136460041 0.01842620849617048959 0.00000000099999999903 0.00000000099999999903 
0.00000000099999999976 0.00567808240154824527 0.00000000099999999976 0.00000000099999999976 0.00000000099999999976 0.13602148801887442575 0.85830042257957739338 0.00000000099999999976 0.00000000099999999976 0.00000000099999999976 
0.00000000099999999884 0.00000000099999999884 0.00000000099999999884 0.00000000099999999884 0.00000000099999999884 0.14940890115013530370 0.85059109084986461724 0.00000000099999999884 0.00000000099999999884 0.00000000099999999884 
0.00000000099999999879 0.00000000099999999879 0.00000000099999999879 0.00000000099999999879 0.00000000099999999879 0.16350973613913588611 0.83606036249812343275 0.00042989436274055081 0.00000000099999999879 0.00000000099999999879 
0.00000000099999999967 0.00592596934098990700 0.00000000099999999967 0.00000000099999999967 0.00000000099999999967 0.18086595665037280556 0.80662715822368280527 0.00658090978495440553 0.00000000099999999967 0.00000000099999999967 
0.00000000099999999907 0.00000000099999999907 0.00000000099999999907 0.00000000099999999907 0.00000000099999999907 0.15690623700803166263 0.82186204969496723383 0.02123170629700101703 0.00000000099999999907 0.00000000099999999907 
0.00000000099999999948 0.00000000099999999948 0.00000000099999999948 0.00000000099999999948 0.00000000099999999948 0.12047793889248237242 0.87952204585729187869 0.00000000825022582380 0.00000000099999999948 0.00000000099999999948 
0.00000000099999999861 0.00000000099999999861 0.00000000099999999861 0.00000000099999999861 0.00000000099999999861 0.13297243685516005329 0.86702755514483986765 0.00000000099999999861 0.00000000099999999861 0.00000000099999999861 
0.00000000099999999921 0.00000000099999999921 0.00000000099999999921 0.00000000099999999921 0.00000000099999999921 0.23790780292112465033 0.75104410078807537499 0.01104808929079988990 0.00000000099999999921 0.00000000099999999921 
0.00000000099999999941 0.00000000099999999941 0.00000000099999999941 0.00000000099999999941 0.00000000099999999941 0.19553354919296289660 0.80446644280703705210 0.00000000099999999941 0.00000000099999999941 0.00000000099999999941 
0.00000000099999999894 0.00000000099999999894 0.00000000099999999894 0.00000000099999999894 0.00000000099999999894 0.15867226167081968646 0.84132773032918017897 0.00000000099999999894 0.00000000099999999894 0.00000000099999999894 
0.00000000099999999894 0.00000000099999999894 0.00000000099999999894 0.00000000099999999894 0.00000000099999999894 0.15460957481915998946 0.84539041718084007027 0.00000000099999999894 0.00000000099999999894 0.00000000099999999894 
0.00000000099999999900 0.00000000099999999900 0.00000000099999999900 0.00000000099999999900 0.00000000099999999900 0.18599947403825925485 0.78980045896619399670 0.02420005999554665152 0.00000000099999999900 0.00000000099999999900 
0.00000000099999999865 0.00000000099999999865 0.00000000099999999865 0.00000000099999999865 0.00000000099999999865 0.17489436841479613638 0.82510562358520378456 0.00000000099999999865 0.00000000099999999865 0.00000000099999999865 
0.00000000099999999896 0.00000000099999999896 0.00000000099999999896 0.00000000099999999896 0.00000000099999999896 0.15460251018359733033 0.84539748181640250735 0.00000000099999999896 0.00000000099999999896 0.00000000099999999896 
0.00000000099999999900 0.00000000099999999900 0.00000000099999999900 0.00000000099999999900 0.00000000099999999900 0.21197415696885529846 0.78802583503114465024 0.00000000099999999900 0.00000000099999999900 0.00000000099999999900 
0.00000000099999999937 0.00000000099999999937 0.00000000099999999937 0.00000000099999999937 0.00000000099999999937 0.22135296546889760005 0.77864681017447423539 0.00000021735662812354 0.00000000099999999937 0.00000000099999999937 
0.00000000099999999883 0.00000000099999999883 0.00000000099999999883 0.00000000099999999883 0.00000000099999999883 0.15558387217614552678 0.84441611982385433866 0.00000000099999999883 0.00000000099999999883 0.00000000099999999883 
0.00000000099999999902 0.00000000099999999902 0.00000000099999999902 0.00000000099999999902 0.00000000099999999902 0.20505477298095328709 0.79494521901904668937 0.00000000099999999902 0.00000000099999999902 0.00000000099999999902 
0.00000000099999999985 0.00000000099999999985 0.00000000099999999985 0.00000000099999999985 0.00000000099999999985 0.21796613511966234089 0.77749246847395081517 0.00000000099999999985 0.00435517781596019959 0.00018621259042688994 
0.00000000099999999953 0.00000000099999999953 0.00000000099999999953 0.00000000099999999953 0.00000000099999999953 0.14836706342250263746 0.85163292857749739451 0.00000000099999999953 0.00000000099999999953 0.00000000099999999953 
0.00000000099999999912 0.00000000099999999912 0.00000000099999999912 0.00000000099999999912 0.00000000099999999912 0.19333754161432745167 0.80666245038567252479 0.00000000099999999912 0.00000000099999999912 0.00000000099999999912 
0.00000000099999999883 0.00000000099999999883 0.00000000099999999883 0.00000000099999999883 0.00000000099999999883 0.14570635444808838210 0.85429363755191156660 0.00000000099999999883 0.00000000099999999883 0.00000000099999999883 
0.00000000099999999974 0.00000000099999999974 0.00000000099999999974 0.00433658966119979984 0.00000000099999999974 0.13342217596057379114 0.86224122737822650464 0.00000000099999999974 0.00000000099999999974 0.00000000099999999974 
0.00000000099999999946 0.00000000099999999946 0.00000000099999999946 0.00000000099999999946 0.00000000099999999946 0.27677178022704274074 0.71363493541197930981 0.00959327736097799651 0.00000000099999999946 0.00000000099999999946 
0.00000000099999999939 0.00000000099999999939 0.00000000099999999939 0.00000000099999999939 0.00000000099999999939 0.19045585247786955829 0.79455068055897681845 0.01499345996315358184 0.00000000099999999939 0.00000000099999999939 
0.00000000099999999924 0.00000000099999999924 0.00000000099999999924 0.00000000099999999924 0.00000000099999999924 0.21505115264288257593 0.74932523066456679928 0.03562360969255069093 0.00000000099999999924 0.00000000099999999924 
0.00000000099999999938 0.00000000099999999938 0.00000000099999999938 0.00000000099999999938 0.00000000099999999938 0.16447156378849420166 0.80565349130919139409 0.02987493790231448079 0.00000000099999999938 0.00000000099999999938 
0.00000000099999999917 0.00000000099999999917 0.00000000099999999917 0.00000000099999999917 0.00000000099999999917 0.22041410170558328740 0.77958589029441682783 0.00000000099999999917 0.00000000099999999917 0.00000000099999999917 
0.00000000099999999923 0.00000000099999999923 0.00000000099999999923 0.00000000099999999923 0.00000000099999999923 0.22223637644331120655 0.77776043281842333066 0.00000318373826541405 0.00000000099999999923 0.00000000099999999923 
0.00000000099999999926 0.00000000099999999926 0.00000000099999999926 0.00000000099999999926 0.00000000099999999926 0.25482348416743461073 0.73061817101040449352 0.01455833782216095842 0.00000000099999999926 0.00000000099999999926 
0.00000000099999999980 0.00000000099999999980 0.00000000099999999980 0.00000000099999999980 0.00000000099999999980 0.11763330765613226603 0.86142543679990590810 0.02094124854396178792 0.00000000099999999980 0.00000000099999999980 
0.00000000099999999934 0.00000000099999999934 0.00000000099999999934 0.00000000099999999934 0.00000000099999999934 0.13800502973287540054 0.86199496226712457592 0.00000000099999999934 0.00000000099999999934 0.00000000099999999934 
0.00000000099999999969 0.00000000099999999969 0.00000000099999999969 0.00000000099999999969 0.00000000099999999969 0.12633352261912095260 0.85324528707555868934 0.02042118330532027848 0.00000000099999999969 0.00000000099999999969 
0.00000000099999999919 0.00000000099999999919 0.00000000099999999919 0.00000000099999999919 0.00000000099999999919 0.15066052831029588810 0.84933946368970414387 0.00000000099999999919 0.00000000099999999919 0.00000000099999999919 
0.00000000099999999894 0.00000000099999999894 0.00000000099999999894 0.00000000099999999894 0.00000000099999999894 0.20655605504344887180 0.77846240163104341026 0.01498153632550767479 0.00000000099999999894 0.00000000099999999894 
0.00000000099999999893 0.00000000099999999893 0.00000000099999999893 0.00000000099999999893 0.00000000099999999893 0.22613305308060543952 0.77379533458576887917 0.00007160533362544708 0.00000000099999999893 0.00000000099999999893 
0.00000000099999999900 0.00000000099999999900 0.00000000099999999900 0.00000000099999999900 0.00000000099999999900 0.20446437203235090507 0.79553561996764909914 0.00000000099999999900 0.00000000099999999900 0.00000000099999999900 
0.00000000099999999905 0.00000000099999999905 0.00000000099999999905 0.00000000099999999905 0.00000000099999999905 0.17399015035673640051 0.81715118636397365837 0.00885865627928978175 0.00000000099999999905 0.00000000099999999905 
0.00000000099999999946 0.00000000099999999946 0.00000000099999999946 0.00000000099999999946 0.00000000099999999946 0.21775634709476016093 0.78224348957473310850 0.00000015633050694670 0.00000000099999999946 0.00000000099999999946 
0.00000000099999999895 0.00000000099999999895 0.00000000099999999895 0.00000000099999999895 0.00000000099999999895 0.18520082411183255711 0.78880238927841039853 0.02599677960975688151 0.00000000099999999895 0.00000000099999999895 
0.00000000099999999920 0.00000000099999999920 0.00000000099999999920 0.00000000099999999920 0.00000000099999999920 0.23525391969245884605 0.76474607230754121368 0.00000000099999999920 0.00000000099999999920 0.00000000099999999920 
0.00000000099999999898 0.00000000099999999898 0.00000000099999999898 0.00000000099999999898 0.00000000099999999898 0.18626886078050627904 0.77150379949589176221 0.04222733272360192081 0.00000000099999999898 0.00000000099999999898 
0.00000000099999999915 0.00000000099999999915 0.00000000099999999915 0.00000000099999999915 0.00000000099999999915 0.21889421873982262134 0.78110577326017738287 0.00000000099999999915 0.00000000099999999915 0.00000000099999999915 
0.00000000099999999928 0.00000000099999999928 0.00000000099999999928 0.00000000099999999928 0.00000000099999999928 0.11729616161382408479 0.88270383038617583615 0.00000000099999999928 0.00000000099999999928 0.00000000099999999928 
0.00000000099999999928 0.00000000099999999928 0.00000000099999999928 0.00000000099999999928 0.00000000099999999928 0.12321333081009663846 0.87678666118990344902 0.00000000099999999928 0.00000000099999999928 0.00000000099999999928 
0.00000000099999999904 0.00000000099999999904 0.00000000099999999904 0.00000000099999999904 0.00000000099999999904 0.17124703004596586453 0.79684937857054649601 0.03190358438348760844 0.00000000099999999904 0.00000000099999999904 
0.00000000099999999914 0.00000000099999999914 0.00000000099999999914 0.00000000099999999914 0.00000000099999999914 0.15026754869682279470 0.81480845158741221912 0.03492399271576487191 0.00000000099999999914 0.00000000099999999914 
0.00000000099999999936 0.00000000099999999936 0.00000000099999999936 0.00000000099999999936 0.00000000099999999936 0.16344972657744555322 0.83558581190157499297 0.00096445452097956505 0.00000000099999999936 0.00000000099999999936 
0.00000000099999999940 0.00000000099999999940 0.00000000099999999940 0.00000000099999999940 0.00000000099999999940 0.14767062505531600158 0.85047849653772045198 0.00185087140696340788 0.00000000099999999940 0.00000000099999999940 
0.00000000099999999894 0.00000000099999999894 0.00000000099999999894 0.00000000099999999894 0.00000000099999999894 0.13004151387044615706 0.83730322681525215511 0.03265525231430156661 0.00000000099999999894 0.00000000099999999894 
0.00000000099999999929 0.00000000099999999929 0.00000000099999999929 0.00000000099999999929 0.00000000099999999929 0.10760481346027464533 0.89239517853972538663 0.00000000099999999929 0.00000000099999999929 0.00000000099999999929 
0.00000000099999999900 0.00000000099999999900 0.00000000099999999900 0.00000000099999999900 0.00000000099999999900 0.16090212089505162574 0.83406125887950666176 0.00503661322544163639 0.00000000099999999900 0.00000000099999999900 
0.00000000099999999954 0.00000000099999999954 0.00000000099999999954 0.00000000099999999954 0.00000000099999999954 0.16445035540609134750 0.83554963659390868447 0.00000000099999999954 0.00000000099999999954 0.00000000099999999954 
0.00000000099999999936 0.00000000099999999936 0.00000000099999999936 0.00000000099999999936 0.00000000099999999936 0.12990103552396270459 0.87009895647603729962 0.00000000099999999936 0.00000000099999999936 0.00000000099999999936 
0.00000000099999999954 0.00000000099999999954 0.00000000099999999954 0.00000000099999999954 0.00000000099999999954 0.14345781273083241247 0.85654217926916764725 0.00000000099999999954 0.00000000099999999954 0.00000000099999999954 
0.00000000099999999913 0.00000000099999999913 0.00000000099999999913 0.00000000099999999913 0.00000000099999999913 0.15506950077151424039 0.81569352839439168701 0.02923696383409398261 0.00000000099999999913 0.00000000099999999913 
0.00000000099999999968 0.00000000099999999968 0.00000000099999999968 0.00000000099999999968 0.00000000099999999968 0.16571411270074501432 0.83428587929925490663 0.00000000099999999968 0.00000000099999999968 0.00000000099999999968 
0.00000000099999999995 0.00388385432822804669 0.00000000099999999995 0.00255487925090741195 0.00000000099999999995 0.10741714946266105180 0.87282031909422586047 0.01076330322803764790 0.00000000099999999995 0.00256049063593989830 
0.00000000099999999987 0.00496158747704995330 0.00000000099999999987 0.00000000099999999987 0.00000000099999999987 0.17065503580966745467 0.80061098927931484415 0.02377238143396781522 0.00000000099999999987 0.00000000099999999987 
0.00000000099999999975 0.00000000099999999975 0.00000000099999999975 0.00659536205172214264 0.00000000099999999975 0.17360653625324795613 0.81160400012286970650 0.00819409557216015973 0.00000000099999999975 0.00000000099999999975 
0.00000000099999999982 0.00000000099999999982 0.00248534498584468107 0.00000000213320861099 0.00000000099999999982 0.15250530258942074369 0.84210163234349333372 0.00290771294803263223 0.00000000099999999982 0.00000000099999999982 
0.00000000099999999998 0.00000000415163403155 0.00000000099999999998 0.00000000099999999998 0.00000000099999999998 0.19238626265571878715 0.78597275368151986452 0.01777369939975690163 0.00000000099999999998 0.00386727511137051729 
0.00000000099999999983 0.00268379392325367476 0.00000000099999999983 0.00000000099999999983 0.00000000099999999983 0.11993403024081457364 0.85620808233335898851 0.02006383053919234133 0.00000000099999999983 0.00111025796338037430 
0.00000000099999999914 0.00000000099999999914 0.00000000099999999914 0.00000000099999999914 0.00000000099999999914 0.01018645376428722535 0.00000000099999999914 0.98981353823571271988 0.00000000099999999914 0.00000000099999999914 
0.00000000099999999910 0.00000000099999999910 0.00000000099999999910 0.00000000099999999910 0.00000000099999999910 0.00000000099999999910 0.00000000099999999910 0.99999999100000003249 0.00000000099999999910 0.00000000099999999910 
0.00000000099999999943 0.00000000099999999943 0.00000000099999999943 0.00000000099999999943 0.00000000099999999943 0.00673763590939800098 0.00000136999802417767 0.99326098709257781838 0.00000000099999999943 0.00000000099999999943 
0.00000000099999999976 0.00000000099999999976 0.00000000099999999976 0.00000000099999999976 0.00000000099999999976 0.00000000566906362979 0.00000000099999999976 0.99999998633093634126 0.00000000099999999976 0.00000000099999999976 
0.00000000099999999908 0.00000000099999999908 0.00000000099999999908 0.00000000099999999908 0.00000000099999999908 0.00598048515038251006 0.00000000099999999908 0.99401950684961759563 0.00000000099999999908 0.00000000099999999908 
0.00000000099999999923 0.00000000099999999923 0.00000000099999999923 0.00000000099999999923 0.00000000099999999923 0.00004372433920655247 0.00000000099999999923 0.99995626766079348524 0.00000000099999999923 0.00000000099999999923 
0.00000000099999999941 0.00000000099999999941 0.00000000099999999941 0.00000000099999999941 0.00000000099999999941 0.00540293896885725693 0.00000000099999999941 0.99459705303114276376 0.00000000099999999941 0.00000000099999999941 
0.00000000099999999931 0.00000000099999999931 0.00000000099999999931 0.00000000099999999931 0.00000000099999999931 0.00714581218059175127 0.00000000099999999931 0.99285417981940837784 0.00000000099999999931 0.00000000099999999931 
0.00000000099999999917 0.00000000099999999917 0.00000000099999999917 0.00000000099999999917 0.00000000099999999917 0.00503665844506230934 0.00000000099999999917 0.99496333355493771222 0.00000000099999999917 0.00000000099999999917 
0.00000000099999999961 0.00000000099999999961 0.00000000099999999961 0.00000000099999999961 0.00000000099999999961 0.00000000099999999961 0.00000000263246582054 0.99999998936753420331 0.00000000099999999961 0.00000000099999999961 
0.00000000099999999918 0.00000000099999999918 0.00000000099999999918 0.00000000099999999918 0.00000000099999999918 0.00000000099999999918 0.00000000267457316076 0.99999998932542677466 0.00000000099999999918 0.00000000099999999918 
0.00000000099999999909 0.00000000099999999909 0.00000000099999999909 0.00000000099999999909 0.00000000099999999909 0.00336361129481187616 0.01589245381840924051 0.98074392788677877686 0.00000000099999999909 0.00000000099999999909 
0.00000000099999999916 0.00000000099999999916 0.00000000099999999916 0.00000000099999999916 0.00000000099999999916 0.00000000099999999916 0.00000000099999999916 0.99999999099999992147 0.00000000099999999916 0.00000000099999999916 
0.00000000099999999921 0.00000000099999999921 0.00000000099999999921 0.00000000099999999921 0.00000000099999999921 0.00000000099999999921 0.00607454554154665365 0.99392544645845348761 0.00000000099999999921 0.00000000099999999921 
0.00000000099999999947 0.00000000099999999947 0.00000000099999999947 0.00000000099999999947 0.00000000099999999947 0.00000000099999999947 0.00000000099999999947 0.99895679267199632978 0.00000000099999999947 0.00104319932800379066 
0.00000000099999999930 0.00000000099999999930 0.00000000099999999930 0.00000000099999999930 0.00000000099999999930 0.03694210451976093906 0.00000000099999999930 0.96305788748023912760 0.00000000099999999930 0.00000000099999999930 
0.00000000099999999940 0.00000000099999999940 0.00000000099999999940 0.00000000099999999940 0.00000000099999999940 0.00002680394861017845 0.01017374954161371671 0.98979943950977622436 0.00000000099999999940 0.00000000099999999940 
0.00000000099999999885 0.00000000099999999885 0.00000000099999999885 0.00000000099999999885 0.00000000099999999885 0.00000001121265274309 0.00000000099999999885 0.99999998078734708695 0.00000000099999999885 0.00000000099999999885 
0.00008652050840613146 0.00000000099999999994 0.00000000099999999994 0.00050643131452843867 0.00000000099999999994 0.02407339184036010049 0.02858381779870615771 0.94501443591129763444 0.00153430210029235447 0.00020109752640917497 
0.00000000099999999966 0.00000000099999999966 0.00000000099999999966 0.00288026710316486353 0.00000000099999999966 0.07176016772601329086 0.00572968678704664780 0.91962987238377513766 0.00000000099999999966 0.00000000099999999966 
0.00000000099999999963 0.00000000099999999963 0.00000000099999999963 0.00000000099999999963 0.00000000099999999963 0.00000000099999999963 0.03619057286266228607 0.96380941913733775284 0.00000000099999999963 0.00000000099999999963 
0.00000000099999999989 0.00000000099999999989 0.00000000099999999989 0.00000000099999999989 0.00751998104492300479 0.06743166559101823609 0.00000000177327016910 0.92504834559078852330 0.00000000099999999989 0.00000000099999999989 
0.00000000099999999986 0.00000000099999999986 0.00000000099999999986 0.00111637081458971013 0.00000000099999999986 0.07027574076538341263 0.05526574167732737491 0.87216926530366223336 0.00117287643903722064 0.00000000099999999986 
0.00000000099999999989 0.00000000099999999989 0.00000000099999999989 0.00000000099999999989 0.00103947470909511496 0.07540742275129334871 0.03040304519190088067 0.89059318482962301911 0.00255686751808760319 0.00000000099999999989 
0.00000000099999999981 0.00136605094360487604 0.00000000099999999981 0.00000000099999999981 0.00000000099999999981 0.02230113310838712642 0.01451147170966233385 0.96182133823834559117 0.00000000099999999981 0.00000000099999999981 
0.00000000099999999971 0.00000000099999999971 0.00486165101589823654 0.00000000099999999971 0.00000000099999999971 0.07368413747772295519 0.00013466364999588357 0.92131954185638298416 0.00000000099999999971 0.00000000099999999971 
0.00000000099999999968 0.00000000099999999968 0.00000000099999999968 0.00408711142751184194 0.00000000099999999968 0.05581942421863479720 0.01610176137236036045 0.92399169698149297147 0.00000000099999999968 0.00000000099999999968 
0.00000000099999999984 0.00149651156459971991 0.00000000099999999984 0.00000000099999999984 0.00000000099999999984 0.04813475398457031651 0.00001914788055962941 0.95034958057027019152 0.00000000099999999984 0.00000000099999999984 
0.00000000099999999971 0.00000000099999999971 0.00000000099999999971 0.00186644029778987720 0.00000000099999999971 0.03469236251310483382 0.00000000099999999971 0.96344119018910523433 0.00000000099999999971 0.00000000099999999971 
0.00000000099999999957 0.00000000099999999957 0.00000000099999999957 0.00000000099999999957 0.00000000099999999957 0.07790732458363479329 0.00000673018730228154 0.92208593822906281812 0.00000000099999999957 0.00000000099999999957 
0.00000000099999999952 0.00000000099999999952 0.00000000099999999952 0.00332563165214798352 0.00000000099999999952 0.06406601114335484792 0.00000000099999999952 0.93260835020449717181 0.00000000099999999952 0.00000000099999999952 
0.00000000099999999992 0.00385507437602263230 0.00000000099999999992 0.00000000099999999992 0.00000000099999999992 0.04469610886643047426 0.08366561655250322194 0.86778317609180821712 0.00000000099999999992 0.00000001911323563510 
0.00000000099999999997 0.00173450139196388176 0.00000000099999999997 0.00000000099999999997 0.00153763279737076136 0.06688905119767592222 0.02489962830288216730 0.90154539056579086065 0.00339379174431651224 0.00000000099999999997 
0.00000000099999999973 0.00000000099999999973 0.00000000099999999973 0.00000000099999999973 0.00000000099999999973 0.03541590753495206523 0.01668367246036699114 0.94790041300468097507 0.00000000099999999973 0.00000000099999999973 
0.00000000099999999952 0.00000000099999999952 0.00000000099999999952 0.00000000099999999952 0.00000000099999999952 0.09737746450316524249 0.00000000099999999952 0.90262252749683469233 0.00000000099999999952 0.00000000099999999952 
0.00000000099999999930 0.00000000099999999930 0.00000000099999999930 0.00000000099999999930 0.00000000099999999930 0.07770214911229431087 0.04268594872846290245 0.87961189515924276261 0.00000000099999999930 0.00000000099999999930 
0.00000000099999999980 0.00000000099999999980 0.00000000099999999980 0.00000000099999999980 0.00000000099999999980 0.05436896409191552260 0.05507737030735694594 0.89055365860072754902 0.00000000099999999980 0.00000000099999999980 
0.00420075972281049384 0.00000000099999999997 0.00000000099999999997 0.00808656091521001499 0.00000000099999999997 0.06324652248699358381 0.14614372496180919048 0.77832242691317687910 0.00000000099999999997 0.00000000099999999997 
0.00000000099999999998 0.00000000099999999998 0.00000000099999999998 0.00000000099999999998 0.00408896224935496964 0.18112632176908211035 0.30830447135703248351 0.50648023862453039889 0.00000000099999999998 0.00000000099999999998 
0.00000000099999999998 0.00000000099999999998 0.00000000099999999998 0.02426646411001275039 0.00000000099999999998 0.10628314068628383349 0.18828066590267256153 0.68116972330103087163 0.00000000099999999998 0.00000000099999999998 
0.00000000099999999945 0.00000000099999999945 0.00000000099999999945 0.00000000099999999945 0.00000000099999999945 0.06440269974770854167 0.02516260255530312559 0.90419201193139842054 0.00000000099999999945 0.00624267976558998041 
0.00000000099999999997 0.00000000099999999997 0.00000000099999999997 0.00000000099999999997 0.02268075307457577058 0.10848616064249889945 0.08682756216170750552 0.78200551812121776862 0.00000000099999999997 0.00000000099999999997 
0.00275013225357510077 0.00000000099999999997 0.00000000099999999997 0.00000000099999999997 0.00000000099999999997 0.25856645861613974935 0.38688626375588724970 0.35179713937439799354 0.00000000099999999997 0.00000000099999999997 
0.00000000099999999975 0.00000000099999999975 0.00000000099999999975 0.00000000099999999975 0.00000000099999999975 0.01532237711150184062 0.03707485023393120027 0.94760276565456702524 0.00000000099999999975 0.00000000099999999975 
0.00000000099999999998 0.00000000099999999998 0.00000000099999999998 0.00000000099999999998 0.00000000099999999998 0.00000012791127824268 0.43270412506327005087 0.55639362951314041972 0.00000000099999999998 0.01090211151231128966 
0.00000000099999999974 0.00000000099999999974 0.00000000099999999974 0.00000000099999999974 0.00000000099999999974 0.03890503679302468459 0.07575856810316217160 0.86956112027405185749 0.00000000099999999974 0.01577526882976133110 
0.00000000099999999986 0.00000000099999999986 0.00000000099999999986 0.00000000099999999986 0.00000000099999999986 0.01797920450775996465 0.02285564225073107372 0.95722393664290694737 0.00000000099999999986 0.00194121059860206404 
0.00000000099999999942 0.00000000099999999942 0.00000000099999999942 0.00000000099999999942 0.00000000099999999942 0.01417605567390494738 0.09121405504681640020 0.88628616760180622958 0.00000000099999999942 0.00832371567747237397 
0.00000000099999999983 0.00000000099999999983 0.00000000099999999983 0.00047996133232429189 0.00000000099999999983 0.02086224787444358741 0.08559688993612776797 0.89133239601636704563 0.00000000099999999983 0.00172849984073738801 
0.00000000099999999900 0.00000000099999999900 0.00000000099999999900 0.00000000099999999900 0.00000000099999999900 0.04265753145049976103 0.04143284308165721269 0.91590961846784291200 0.00000000099999999900 0.00000000099999999900 
