0.00000000099999999835 0.00000000099999999835 0.00000000099999999835 0.99999999199999989319 0.00000000099999999835 0.00000000099999999835 0.00000000099999999835 0.00000000099999999835 0.00000000099999999835 
0.00000000099999999843 0.00000000099999999843 0.00000000099999999843 0.99999999200000000421 0.00000000099999999843 0.00000000099999999843 0.00000000099999999843 0.00000000099999999843 0.00000000099999999843 
0.00000000099999999839 0.00000000099999999839 0.00000000099999999839 0.99999999199999989319 0.00000000099999999839 0.00000000099999999839 0.00000000099999999839 0.00000000099999999839 0.00000000099999999839 
0.00000000099999999843 0.00000000099999999843 0.00000000099999999843 0.99999999200000000421 0.00000000099999999843 0.00000000099999999843 0.00000000099999999843 0.00000000099999999843 0.00000000099999999843 
0.00000000099999999848 0.00000000099999999848 0.00000000099999999848 0.99999999200000000421 0.00000000099999999848 0.00000000099999999848 0.00000000099999999848 0.00000000099999999848 0.00000000099999999848 
0.00000000099999999848 0.00000000099999999848 0.00000000099999999848 0.99999999200000000421 0.00000000099999999848 0.00000000099999999848 0.00000000099999999848 0.00000000099999999848 0.00000000099999999848 
0.00000000099999999839 0.00000000099999999839 0.00000000099999999839 0.99999999199999989319 0.00000000099999999839 0.00000000099999999839 0.00000000099999999839 0.00000000099999999839 0.00000000099999999839 
0.00000000099999999852 0.00000000099999999852 0.00000000099999999852 0.99999999200000000421 0.00000000099999999852 0.00000000099999999852 0.00000000099999999852 0.00000000099999999852 0.00000000099999999852 
0.00000000099999999842 0.00000000099999999842 0.00000000099999999842 0.99999999199999989319 0.00000000099999999842 0.00000000099999999842 0.00000000099999999842 0.00000000099999999842 0.00000000099999999842 
0.00000000099999999851 0.00000000099999999851 0.00000000099999999851 0.99999999200000000421 0.00000000099999999851 0.00000000099999999851 0.00000000099999999851 0.00000000099999999851 0.00000000099999999851 
0.00000000099999999846 0.00000000099999999846 0.00000000099999999846 0.99999999200000000421 0.00000000099999999846 0.00000000099999999846 0.00000000099999999846 0.00000000099999999846 0.00000000099999999846 
0.00000000099999999874 0.00000000099999999874 0.00000000099999999874 0.99999999199999989319 0.00000000099999999874 0.00000000099999999874 0.00000000099999999874 0.00000000099999999874 0.00000000099999999874 
0.00000000099999999846 0.00000000099999999846 0.00000000099999999846 0.99999999199999989319 0.00000000099999999846 0.00000000099999999846 0.00000000099999999846 0.00000000099999999846 0.00000000099999999846 
0.00000000099999999842 0.00000000099999999842 0.00000000099999999842 0.99999999199999989319 0.00000000099999999842 0.00000000099999999842 0.00000000099999999842 0.00000000099999999842 0.00000000099999999842 
0.00000000099999999845 0.00000000099999999845 0.00000000099999999845 0.99999999199999989319 0.00000000099999999845 0.00000000099999999845 0.00000000099999999845 0.00000000099999999845 0.00000000099999999845 
0.00000000099999999845 0.00000000099999999845 0.00000000099999999845 0.99999999200000000421 0.00000000099999999845 0.00000000099999999845 0.00000000099999999845 0.00000000099999999845 0.00000000099999999845 
0.00000000099999999844 0.00000000099999999844 0.00000000099999999844 0.99999999200000000421 0.00000000099999999844 0.00000000099999999844 0.00000000099999999844 0.00000000099999999844 0.00000000099999999844 
0.00000000099999999854 0.00000000099999999854 0.00000000099999999854 0.99999999200000000421 0.00000000099999999854 0.00000000099999999854 0.00000000099999999854 0.00000000099999999854 0.00000000099999999854 
0.00000000099999999858 0.00000000099999999858 0.00000000099999999858 0.99999999199999989319 0.00000000099999999858 0.00000000099999999858 0.00000000099999999858 0.00000000099999999858 0.00000000099999999858 
0.00000000099999999856 0.00000000099999999856 0.00000000099999999856 0.99999999200000000421 0.00000000099999999856 0.00000000099999999856 0.00000000099999999856 0.00000000099999999856 0.00000000099999999856 
0.00000000099999999849 0.00000000099999999849 0.00000000099999999849 0.99999999199999989319 0.00000000099999999849 0.00000000099999999849 0.00000000099999999849 0.00000000099999999849 0.00000000099999999849 
0.00000000099999999851 0.00000000099999999851 0.00000000099999999851 0.99999999199999989319 0.00000000099999999851 0.00000000099999999851 0.00000000099999999851 0.00000000099999999851 0.00000000099999999851 
0.00000000099999999850 0.00000000099999999850 0.00000000099999999850 0.99999999199999989319 0.00000000099999999850 0.00000000099999999850 0.00000000099999999850 0.00000000099999999850 0.00000000099999999850 
0.00000000099999999851 0.00000000099999999851 0.00000000099999999851 0.99999999199999989319 0.00000000099999999851 0.00000000099999999851 0.00000000099999999851 0.00000000099999999851 0.00000000099999999851 
0.00000000099999999894 0.00000000099999999894 0.00000000099999999894 0.99999999200000000421 0.00000000099999999894 0.00000000099999999894 0.00000000099999999894 0.00000000099999999894 0.00000000099999999894 
0.00000000099999999848 0.00000000099999999848 0.00000000099999999848 0.99999999200000000421 0.00000000099999999848 0.00000000099999999848 0.00000000099999999848 0.00000000099999999848 0.00000000099999999848 
0.00000000099999999854 0.00000000099999999854 0.00000000099999999854 0.99999999200000000421 0.00000000099999999854 0.00000000099999999854 0.00000000099999999854 0.00000000099999999854 0.00000000099999999854 
0.00000000099999999857 0.00000000099999999857 0.00000000099999999857 0.99999999200000000421 0.00000000099999999857 0.00000000099999999857 0.00000000099999999857 0.00000000099999999857 0.00000000099999999857 
0.00000000099999999858 0.00000000099999999858 0.00000000099999999858 0.99999999199999989319 0.00000000099999999858 0.00000000099999999858 0.00000000099999999858 0.00000000099999999858 0.00000000099999999858 
0.00000000099999999854 0.00000000099999999854 0.00000000099999999854 0.99999999200000000421 0.00000000099999999854 0.00000000099999999854 0.00000000099999999854 0.00000000099999999854 0.00000000099999999854 
0.00000000099999999874 0.00000000099999999874 0.00000000099999999874 0.99999999200000000421 0.00000000099999999874 0.00000000099999999874 0.00000000099999999874 0.00000000099999999874 0.00000000099999999874 
0.00000000099999999898 0.00000000099999999898 0.00000000099999999898 0.99999999200000000421 0.00000000099999999898 0.00000000099999999898 0.00000000099999999898 0.00000000099999999898 0.00000000099999999898 
0.00000000099999999869 0.00000000099999999869 0.00000000099999999869 0.99999999199999989319 0.00000000099999999869 0.00000000099999999869 0.00000000099999999869 0.00000000099999999869 0.00000000099999999869 
0.00000000099999999887 0.00000000099999999887 0.00000000099999999887 0.99999999200000000421 0.00000000099999999887 0.00000000099999999887 0.00000000099999999887 0.00000000099999999887 0.00000000099999999887 
0.00000000099999999868 0.00000000099999999868 0.00000000099999999868 0.99999999199999989319 0.00000000099999999868 0.00000000099999999868 0.00000000099999999868 0.00000000099999999868 0.00000000099999999868 
0.00000000099999999879 0.00000000099999999879 0.00000000099999999879 0.99999999200000000421 0.00000000099999999879 0.00000000099999999879 0.00000000099999999879 0.00000000099999999879 0.00000000099999999879 
0.00000000099999999873 0.00000000099999999873 0.00000000099999999873 0.99999999199999989319 0.00000000099999999873 0.00000000099999999873 0.00000000099999999873 0.00000000099999999873 0.00000000099999999873 
0.00000000099999999873 0.00000000099999999873 0.00000000099999999873 0.99999999199999989319 0.00000000099999999873 0.00000000099999999873 0.00000000099999999873 0.00000000099999999873 0.00000000099999999873 
0.00000000099999999879 0.00000000099999999879 0.00000000099999999879 0.99999999199999989319 0.00000000099999999879 0.00000000099999999879 0.00000000099999999879 0.00000000099999999879 0.00000000099999999879 
0.00000000099999999901 0.00000000099999999901 0.00000000099999999901 0.99999999200000011523 0.00000000099999999901 0.00000000099999999901 0.00000000099999999901 0.00000000099999999901 0.00000000099999999901 
0.00000000099999999869 0.00000000099999999869 0.00000000099999999869 0.99999999199999989319 0.00000000099999999869 0.00000000099999999869 0.00000000099999999869 0.00000000099999999869 0.00000000099999999869 
0.00000000099999999886 0.00000000099999999886 0.00000000099999999886 0.99999999199999989319 0.00000000099999999886 0.00000000099999999886 0.00000000099999999886 0.00000000099999999886 0.00000000099999999886 
0.00000000099999999876 0.00000000099999999876 0.00000000099999999876 0.99999999200000000421 0.00000000099999999876 0.00000000099999999876 0.00000000099999999876 0.00000000099999999876 0.00000000099999999876 
0.00000000099999999871 0.00000000099999999871 0.00000000099999999871 0.99999999199999989319 0.00000000099999999871 0.00000000099999999871 0.00000000099999999871 0.00000000099999999871 0.00000000099999999871 
0.00000000099999999886 0.00000000099999999886 0.00000000099999999886 0.99999999200000000421 0.00000000099999999886 0.00000000099999999886 0.00000000099999999886 0.00000000099999999886 0.00000000099999999886 
0.00000000099999999875 0.00000000099999999875 0.00000000099999999875 0.99999999200000000421 0.00000000099999999875 0.00000000099999999875 0.00000000099999999875 0.00000000099999999875 0.00000000099999999875 
0.00000000099999999881 0.00000000099999999881 0.00000000099999999881 0.99999999199999989319 0.00000000099999999881 0.00000000099999999881 0.00000000099999999881 0.00000000099999999881 0.00000000099999999881 
0.00000000099999999905 0.00000000099999999905 0.00000000099999999905 0.99999999200000011523 0.00000000099999999905 0.00000000099999999905 0.00000000099999999905 0.00000000099999999905 0.00000000099999999905 
0.00000000099999999909 0.00000000099999999909 0.00000000099999999909 0.99999999200000011523 0.00000000099999999909 0.00000000099999999909 0.00000000099999999909 0.00000000099999999909 0.00000000099999999909 
0.00000000099999999922 0.00000000099999999922 0.00000000099999999922 0.99999999200000011523 0.00000000099999999922 0.00000000099999999922 0.00000000099999999922 0.00000000099999999922 0.00000000099999999922 
0.00000000099999999954 0.00000000099999999954 0.00000000099999999954 0.99999999200000011523 0.00000000099999999954 0.00000000099999999954 0.00000000099999999954 0.00000000099999999954 0.00000000099999999954 
0.00000000099999999934 0.00000000099999999934 0.00000000099999999934 0.00000000099999999934 0.85201410427262413982 0.14798588872737591937 0.00000000099999999934 0.00000000099999999934 0.00000000099999999934 
0.00000000099999999910 0.00000000099999999910 0.00000000099999999910 0.00000000099999999910 0.80826383428841175327 0.19173615871158827817 0.00000000099999999910 0.00000000099999999910 0.00000000099999999910 
0.00000000099999999949 0.00000000099999999949 0.00000000099999999949 0.00000000099999999949 0.80255751070110759038 0.19744248229889252433 0.00000000099999999949 0.00000000099999999949 0.00000000099999999949 
0.00202799105506153545 0.00000000099999999888 0.00000000099999999888 0.00000000099999999888 0.85131255142777539913 0.14665945151716300310 0.00000000099999999888 0.00000000099999999888 0.00000000099999999888 
0.00000062418358317360 0.00000000099999999898 0.00000000099999999898 0.00000000099999999898 0.87580623552716441171 0.12419313428925245202 0.00000000099999999898 0.00000000099999999898 0.00000000099999999898 
0.00000000099999999881 0.00000000099999999881 0.00000000099999999881 0.00000000099999999881 0.85141852728687417162 0.14858146571312577655 0.00000000099999999881 0.00000000099999999881 0.00000000099999999881 
0.03087302903062594944 0.00000000099999999925 0.00000000099999999925 0.00000000099999999925 0.81831345076196160271 0.15081351420741251346 0.00000000099999999925 0.00000000099999999925 0.00000000099999999925 
0.00000000099999999892 0.00000000099999999892 0.00000000099999999892 0.00000000099999999892 0.86861650591781414121 0.13138348708218589023 0.00000000099999999892 0.00000000099999999892 0.00000000099999999892 
0.01877286892794582593 0.00000000099999999916 0.00000000099999999916 0.00000000099999999916 0.81391052695765164771 0.16731659811440247054 0.00000000099999999916 0.00000000099999999916 0.00000000099999999916 
0.00000000099999999968 0.00813362691632199021 0.00000000099999999968 0.00000000099999999968 0.85712227475073932137 0.13474409233293874188 0.00000000099999999968 0.00000000099999999968 0.00000000099999999968 
0.00000000099999999900 0.00000000099999999900 0.00000000099999999900 0.00000000099999999900 0.84914347511020715764 0.15085651788979267951 0.00000000099999999900 0.00000000099999999900 0.00000000099999999900 
0.00138738746543049006 0.00000000099999999897 0.00000000099999999897 0.00000000099999999897 0.83515536149860436499 0.16345724503596498201 0.00000000099999999897 0.00000000099999999897 0.00000000099999999897 
0.00230817195855523207 0.00000000099999999969 0.00000000099999999969 0.00000000099999999969 0.80998971629699390018 0.18076736858850270262 0.00000000099999999969 0.00000000099999999969 0.00693473815594821200 
0.02087305986615053954 0.00000000099999999920 0.00000000099999999920 0.00000000099999999920 0.82177522949906367522 0.15735170463478576064 0.00000000099999999920 0.00000000099999999920 0.00000000099999999920 
0.00000003471963378607 0.00000000099999999955 0.00000000099999999955 0.00000000099999999955 0.87794345578503385497 0.12205650349533246624 0.00000000099999999955 0.00000000099999999955 0.00000000099999999955 
0.00000000099999999881 0.00000000099999999881 0.00000000099999999881 0.00000000099999999881 0.86539988711344140171 0.13460010588655860198 0.00000000099999999881 0.00000000099999999881 0.00000000099999999881 
0.01122406702440590515 0.00000000099999999934 0.00000000099999999934 0.00000000099999999934 0.74913602417723867966 0.23963990279835545305 0.00000000099999999934 0.00000000099999999934 0.00000000099999999934 
0.00000000099999999950 0.00000000099999999950 0.00000000099999999950 0.00000000099999999950 0.80276015153072810548 0.19723984146927181493 0.00000000099999999950 0.00000000099999999950 0.00000000099999999950 
0.00000000099999999908 0.00000000099999999908 0.00000000099999999908 0.00000000099999999908 0.84031275530452387290 0.15968723769547610303 0.00000000099999999908 0.00000000099999999908 0.00000000099999999908 
0.00000000099999999908 0.00000000099999999908 0.00000000099999999908 0.00000000099999999908 0.84572345838681606267 0.15427653461318399652 0.00000000099999999908 0.00000000099999999908 0.00000000099999999908 
0.02407676817374776110 0.00000000099999999914 0.00000000099999999914 0.00000000099999999914 0.78880607703442662260 0.18711714879182558824 0.00000000099999999914 0.00000000099999999914 0.00000000099999999914 
0.00000000099999999887 0.00000000099999999887 0.00000000099999999887 0.00000000099999999887 0.82475195707913395715 0.17524803592086588000 0.00000000099999999887 0.00000000099999999887 0.00000000099999999887 
0.00000000099999999911 0.00000000099999999911 0.00000000099999999911 0.00000000099999999911 0.84507762379387241225 0.15492236920612748041 0.00000000099999999911 0.00000000099999999911 0.00000000099999999911 
0.00000000099999999918 0.00000000099999999918 0.00000000099999999918 0.00000000099999999918 0.78627103813414012112 0.21372895486585993807 0.00000000099999999918 0.00000000099999999918 0.00000000099999999918 
0.00000045683980277891 0.00000000099999999946 0.00000000099999999946 0.00000000099999999946 0.77717817358285956608 0.22282136357733775545 0.00000000099999999946 0.00000000099999999946 0.00000000099999999946 
0.00000000099999999901 0.00000000099999999901 0.00000000099999999901 0.00000000099999999901 0.84413817496591125877 0.15586181803408885593 0.00000000099999999901 0.00000000099999999901 0.00000000099999999901 
0.00000000099999999915 0.00000000099999999915 0.00000000099999999915 0.00000000099999999915 0.79354298667478961882 0.20645700632521032936 0.00000000099999999915 0.00000000099999999915 0.00000000099999999915 
0.00000000099999999987 0.00000000099999999987 0.00000000099999999987 0.00018248007316979000 0.77596661101018349349 0.21954140613998768261 0.00430949777665909969 0.00000000099999999987 0.00000000099999999987 
0.00000000099999999958 0.00000000099999999958 0.00000000099999999958 0.00000000099999999958 0.85066005452656023866 0.14933993847343973727 0.00000000099999999958 0.00000000099999999958 0.00000000099999999958 
0.00000000099999999923 0.00000000099999999923 0.00000000099999999923 0.00000000099999999923 0.80675874434931027501 0.19324124865068978418 0.00000000099999999923 0.00000000099999999923 0.00000000099999999923 
0.00000000099999999899 0.00000000099999999899 0.00000000099999999899 0.00000000099999999899 0.85442544581926294089 0.14557454718073706279 0.00000000099999999899 0.00000000099999999899 0.00000000099999999899 
0.00000000099999999978 0.00392446551762032358 0.00000000099999999978 0.00000000099999999978 0.86034303164857472979 0.13573249683380500530 0.00000000099999999978 0.00000000099999999978 0.00000000099999999978 
0.00978245483371243882 0.00000000099999999955 0.00000000099999999955 0.00000000099999999955 0.71216670841083173915 0.27805083075545572457 0.00000000099999999955 0.00000000099999999955 0.00000000099999999955 
0.01545686319559148002 0.00000000099999999949 0.00000000099999999949 0.00000000099999999949 0.79079940431342188312 0.19374372649098667298 0.00000000099999999949 0.00000000099999999949 0.00000000099999999949 
0.03640248191957586033 0.00000000099999999935 0.00000000099999999935 0.00000000099999999935 0.74683864760861773391 0.21675886447180645056 0.00000000099999999935 0.00000000099999999935 0.00000000099999999935 
0.02976364641189886001 0.00000000099999999948 0.00000000099999999948 0.00000000099999999948 0.80538741180116157903 0.16484893578693951555 0.00000000099999999948 0.00000000099999999948 0.00000000099999999948 
0.00000000099999999931 0.00000000099999999931 0.00000000099999999931 0.00000000099999999931 0.77862517409227982590 0.22137481890772017779 0.00000000099999999931 0.00000000099999999931 0.00000000099999999931 
0.00000441918411622146 0.00000000099999999935 0.00000000099999999935 0.00000000099999999935 0.77595817043809311997 0.22403740437779071093 0.00000000099999999935 0.00000000099999999935 0.00000000099999999935 
0.01505127418372938057 0.00000000099999999936 0.00000000099999999936 0.00000000099999999936 0.72836216138513187879 0.25658655843113875594 0.00000000099999999936 0.00000000099999999936 0.00000000099999999936 
0.02082376962491908068 0.00000000099999999981 0.00000000099999999981 0.00000000099999999981 0.86021711739259709706 0.11895910698248392257 0.00000000099999999981 0.00000000099999999981 0.00000000099999999981 
0.00000000099999999942 0.00000000099999999942 0.00000000099999999942 0.00000000099999999942 0.86127213516666889515 0.13872785783333119181 0.00000000099999999942 0.00000000099999999942 0.00000000099999999942 
0.02044439515925989409 0.00000000099999999974 0.00000000099999999974 0.00000000099999999974 0.85207958646540715719 0.12747601237533293106 0.00000000099999999974 0.00000000099999999974 0.00000000099999999974 
0.00000000099999999933 0.00000000099999999933 0.00000000099999999933 0.00000000099999999933 0.84786086969649454570 0.15213912330350551350 0.00000000099999999933 0.00000000099999999933 0.00000000099999999933 
0.01535285380048423756 0.00000000099999999912 0.00000000099999999912 0.00000000099999999912 0.77632332245609325660 0.20832381774342254022 0.00000000099999999912 0.00000000099999999912 0.00000000099999999912 
0.00012582236262212914 0.00000000099999999909 0.00000000099999999909 0.00000000099999999909 0.77245412535868396287 0.22742004627869402689 0.00000000099999999909 0.00000000099999999909 0.00000000099999999909 
0.00000000099999999917 0.00000000099999999917 0.00000000099999999917 0.00000000099999999917 0.79249078836726671859 0.20750920463273334060 0.00000000099999999917 0.00000000099999999917 0.00000000099999999917 
0.00891373395654302021 0.00000000099999999919 0.00000000099999999919 0.00000000099999999919 0.81581600805269383070 0.17527025199076315398 0.00000000099999999919 0.00000000099999999919 0.00000000099999999919 
0.00000019288210569526 0.00000000099999999954 0.00000000099999999954 0.00000000099999999954 0.78094671632949408391 0.21905308478840038178 0.00000000099999999954 0.00000000099999999954 0.00000000099999999954 
0.02571819592137154775 0.00000000099999999913 0.00000000099999999913 0.00000000099999999913 0.78752034925403247012 0.18676144882459602692 0.00000000099999999913 0.00000000099999999913 0.00000000099999999913 
0.00000000099999999936 0.00000000099999999936 0.00000000099999999936 0.00000000099999999936 0.76499877487232059714 0.23500121812767946206 0.00000000099999999936 0.00000000099999999936 0.00000000099999999936 
0.04253910101218671969 0.00000000099999999916 0.00000000099999999916 0.00000000099999999916 0.76820103675541873134 0.18925985623239452438 0.00000000099999999916 0.00000000099999999916 0.00000000099999999916 
0.00000000099999999926 0.00000000099999999926 0.00000000099999999926 0.00000000099999999926 0.77863895224957990759 0.22136104075042006833 0.00000000099999999926 0.00000000099999999926 0.00000000099999999926 
0.00000000099999999940 0.00000000099999999940 0.00000000099999999940 0.00000000099999999940 0.88072468856990460129 0.11927530443009551342 0.00000000099999999940 0.00000000099999999940 0.00000000099999999940 
0.00000000099999999942 0.00000000099999999942 0.00000000099999999942 0.00000000099999999942 0.87537306926490832115 0.12462692373509173804 0.00000000099999999942 0.00000000099999999942 0.00000000099999999942 
0.03431748939957757899 0.00000000099999999920 0.00000000099999999920 0.00000000099999999920 0.79332692595158926796 0.17235557864883307988 0.00000000099999999920 0.00000000099999999920 0.00000000099999999920 
0.03593315004011106428 0.00000000099999999929 0.00000000099999999929 0.00000000099999999929 0.81175862879792481941 0.15230821516196418886 0.00000000099999999929 0.00000000099999999929 0.00000000099999999929 
0.00237881664225424259 0.00000000099999999948 0.00000000099999999948 0.00000000099999999948 0.83157427489590207692 0.16604690246184380942 0.00000000099999999948 0.00000000099999999948 0.00000000099999999948 
0.00217248835754113145 0.00000000099999999952 0.00000000099999999952 0.00000000099999999952 0.84794811869758524026 0.14987938694487348834 0.00000000099999999952 0.00000000099999999952 0.00000000099999999952 
0.03319472111154560950 0.00000000099999999910 0.00000000099999999910 0.00000000099999999910 0.83533150921037924164 0.13147376367807520059 0.00000000099999999910 0.00000000099999999910 0.00000000099999999910 
0.00000000099999999940 0.00000000099999999940 0.00000000099999999940 0.00000000099999999940 0.89143827629990646244 0.10856171670009362451 0.00000000099999999940 0.00000000099999999940 0.00000000099999999940 
0.00577815056069433397 0.00000000099999999913 0.00000000099999999913 0.00000000099999999913 0.83045625788856924920 0.16376558555073639223 0.00000000099999999913 0.00000000099999999913 0.00000000099999999913 
0.00000000099999999959 0.00000000099999999959 0.00000000099999999959 0.00000000099999999959 0.83427531760455220233 0.16572467539544780135 0.00000000099999999959 0.00000000099999999959 0.00000000099999999959 
0.00000000099999999947 0.00000000099999999947 0.00000000099999999947 0.00000000099999999947 0.86804904789900039219 0.13195094510099958374 0.00000000099999999947 0.00000000099999999947 0.00000000099999999947 
0.00000000099999999961 0.00000000099999999961 0.00000000099999999961 0.00000000099999999961 0.85649059061732324416 0.14350940238267681504 0.00000000099999999961 0.00000000099999999961 0.00000000099999999961 
0.02879750407179705596 0.00000000099999999926 0.00000000099999999926 0.00000000099999999926 0.81661017476920672031 0.15459231515899621301 0.00000000099999999926 0.00000000099999999926 0.00000000099999999926 
0.00000000099999999973 0.00000000099999999973 0.00000000099999999973 0.00000000099999999973 0.83427804900050173131 0.16572194399949818910 0.00000000099999999973 0.00000000099999999973 0.00000000099999999973 
0.00479921545536316895 0.00000000099999999988 0.00000000099999999988 0.00131932271415894135 0.87877552055931928976 0.10788544727936527634 0.00000000099999999988 0.00000000099999999988 0.00722048999179332029 
0.01885167100975732035 0.00727821043563810048 0.00000000099999999976 0.00000000099999999976 0.79880648750533567171 0.17506362604926881121 0.00000000099999999976 0.00000000099999999976 0.00000000099999999976 
0.01149093221517438063 0.00000000099999999988 0.00000000099999999988 0.00000000099999999988 0.80788976155141534186 0.17560808158399462964 0.00000000099999999988 0.00000000099999999988 0.00501121964941570169 
0.00319059630736901649 0.00000000099999999986 0.00000000099999999986 0.00000000099999999986 0.83968538469809561597 0.15491036997178173062 0.00000000099999999986 0.00000000099999999986 0.00221364402275371847 
0.01980352142542164337 0.00056520136922554812 0.00000000099999999995 0.00342095940338857677 0.78050427427801694069 0.19570603952394741154 0.00000000099999999995 0.00000000099999999995 0.00000000099999999995 
0.01920949805150785200 0.00000000099999999994 0.00000000099999999994 0.00174079489719904286 0.85645694839998343095 0.12065353216895831345 0.00138380347228862929 0.00000000099999999994 0.00055542001006278843 
0.98979347544169837825 0.00000000099999999928 0.00000000099999999928 0.00000000099999999928 0.00000000099999999928 0.01020651755830169830 0.00000000099999999928 0.00000000099999999928 0.00000000099999999928 
0.99999999200000022626 0.00000000099999999925 0.00000000099999999925 0.00000000099999999925 0.00000000099999999925 0.00000000099999999925 0.00000000099999999925 0.00000000099999999925 0.00000000099999999925 
0.99281494469590703122 0.00000000099999999954 0.00000000099999999954 0.00000000099999999954 0.00000512624820978766 0.00717992305588338250 0.00000000099999999954 0.00000000099999999954 0.00000000099999999954 
0.99999999200000011523 0.00000000099999999981 0.00000000099999999981 0.00000000099999999981 0.00000000099999999981 0.00000000099999999981 0.00000000099999999981 0.00000000099999999981 0.00000000099999999981 
0.99401234845379304872 0.00000000099999999919 0.00000000099999999919 0.00000000099999999919 0.00000000099999999919 0.00598764454620697145 0.00000000099999999919 0.00000000099999999919 0.00000000099999999919 
0.99998439582733178455 0.00000000099999999935 0.00000000099999999935 0.00000000099999999935 0.00000000099999999935 0.00001559717266842074 0.00000000099999999935 0.00000000099999999935 0.00000000099999999935 
0.99435525857453066489 0.00000000099999999950 0.00000000099999999950 0.00000000099999999950 0.00000000099999999950 0.00564473442546949665 0.00000000099999999950 0.00000000099999999950 0.00000000099999999950 
0.99283066712898837558 0.00000000099999999942 0.00000000099999999942 0.00000000099999999942 0.00000000099999999942 0.00716932587101172438 0.00000000099999999942 0.00000000099999999942 0.00000000099999999942 
0.99541091433192319116 0.00000000099999999929 0.00000000099999999929 0.00000000099999999929 0.00000000099999999929 0.00458907866807706580 0.00000000099999999929 0.00000000099999999929 0.00000000099999999929 
0.99999999200000022626 0.00000000099999999968 0.00000000099999999968 0.00000000099999999968 0.00000000099999999968 0.00000000099999999968 0.00000000099999999968 0.00000000099999999968 0.00000000099999999968 
0.99999999200000022626 0.00000000099999999930 0.00000000099999999930 0.00000000099999999930 0.00000000099999999930 0.00000000099999999930 0.00000000099999999930 0.00000000099999999930 0.00000000099999999930 
0.98094806310190885146 0.00000000099999999923 0.00000000099999999923 0.00000000099999999923 0.01561260328898574599 0.00343932760910540094 0.00000000099999999923 0.00000000099999999923 0.00000000099999999923 
0.99999999200000022626 0.00000000099999999928 0.00000000099999999928 0.00000000099999999928 0.00000000099999999928 0.00000000099999999928 0.00000000099999999928 0.00000000099999999928 0.00000000099999999928 
0.99478882712554139722 0.00000000099999999938 0.00000000099999999938 0.00000000099999999938 0.00521116587445864202 0.00000000099999999938 0.00000000099999999938 0.00000000099999999938 0.00000000099999999938 
0.99900221664957944423 0.00000000099999999959 0.00000000099999999959 0.00099777635042061844 0.00000000099999999959 0.00000000099999999959 0.00000000099999999959 0.00000000099999999959 0.00000000099999999959 
0.96273203872125923120 0.00000000099999999942 0.00000000099999999942 0.00000000099999999942 0.00000000099999999942 0.03726795427874083494 0.00000000099999999942 0.00000000099999999942 0.00000000099999999942 
0.98974578327028694957 0.00000000099999999950 0.00000000099999999950 0.00000000099999999950 0.01022536968853593638 0.00002884104117717437 0.00000000099999999950 0.00000000099999999950 0.00000000099999999950 
0.99999999200000011523 0.00000000099999999904 0.00000000099999999904 0.00000000099999999904 0.00000000099999999904 0.00000000099999999904 0.00000000099999999904 0.00000000099999999904 0.00000000099999999904 
0.94610340653929925203 0.00000000099999999994 0.00060376759724481313 0.00056371304724018949 0.02713472817963564002 0.02418260089463017404 0.00141178074194983974 0.00000000099999999994 0.00000000099999999994 
0.91802446597601017331 0.00019606775796447004 0.00185112264805617033 0.00000000099999999996 0.00910286362903438111 0.07082547598893482177 0.00000000099999999996 0.00000000099999999996 0.00000000099999999996 
0.96489619015164040938 0.00000000099999999970 0.00000000099999999970 0.00000000099999999970 0.03510380284835970532 0.00000000099999999970 0.00000000099999999970 0.00000000099999999970 0.00000000099999999970 
0.92553627061339727167 0.00000000099999999994 0.00000000099999999994 0.00000005389397576568 0.00000000220526518670 0.06735971377942820415 0.00000000099999999994 0.00000000099999999994 0.00710395550793364253 
0.87701001044857840316 0.00137781459636472149 0.00000000099999999986 0.00000000099999999986 0.05147110956085139410 0.06910643955339061673 0.00103462184081483345 0.00000000099999999986 0.00000000099999999986 
0.89542975833227067550 0.00632732035396184680 0.00000000099999999967 0.00000000099999999967 0.02503816596383787174 0.07320475034992970920 0.00000000099999999967 0.00000000099999999967 0.00000000099999999967 
0.96331904094942533145 0.00000000099999999989 0.00000000099999999989 0.00011433662739425705 0.01461292454402835124 0.02084391721458450294 0.00110977666456757397 0.00000000099999999989 0.00000000099999999989 
0.92099723357756602127 0.00000000099999999976 0.00000000099999999976 0.00000000099999999976 0.00016979290707029536 0.07393563965610605582 0.00000000099999999976 0.00489732885925774856 0.00000000099999999976 
0.92215760183477057943 0.00000000099999999987 0.00000000099999999987 0.00000000099999999987 0.01854179626615093043 0.05643461594687412125 0.00000000099999999987 0.00000000099999999987 0.00286598095220459747 
0.94926499987762846811 0.00268681691761063013 0.00000000099999999971 0.00000000099999999971 0.00000000170384890587 0.04804817650091196962 0.00000000099999999971 0.00000000099999999971 0.00000000099999999971 
0.96277123684964049932 0.00219632925690417882 0.00000000099999999971 0.00000000099999999971 0.00000000099999999971 0.03503242789345564073 0.00000000099999999971 0.00000000099999999971 0.00000000099999999971 
0.92204851241690399810 0.00000000099999999972 0.00000000099999999972 0.00000000099999999972 0.00000058923863653857 0.07795089234445964910 0.00000000099999999972 0.00000000099999999972 0.00000000099999999972 
0.93326923639795467125 0.00000000099999999984 0.00000000099999999984 0.00000000099999999984 0.00000000099999999984 0.06459566582665207668 0.00000000099999999984 0.00000000099999999984 0.00213509177539347554 
0.87219597916271296434 0.00000000099999999981 0.00000000099999999981 0.00000000099999999981 0.07767221433663330787 0.04524941344329910103 0.00000000099999999981 0.00000000099999999981 0.00488238805735477250 
0.91947035323979586785 0.01233232535787361431 0.00000000099999999967 0.00000000099999999967 0.00000003368418312168 0.06819728271814740062 0.00000000099999999967 0.00000000099999999967 0.00000000099999999967 
0.95056020276855002216 0.00000000099999999976 0.00000000099999999976 0.00000000099999999976 0.01413248909491087238 0.03530730213653929944 0.00000000099999999976 0.00000000099999999976 0.00000000099999999976 
0.90236327311709463306 0.00000000099999999960 0.00000000099999999960 0.00000000099999999960 0.00000000099999999960 0.09763671988290560655 0.00000000099999999960 0.00000000099999999960 0.00000000099999999960 
0.88111897361636060122 0.00000000099999999940 0.00000000099999999940 0.00000000099999999940 0.04079469594314750341 0.07808632444049190546 0.00000000099999999940 0.00000000099999999940 0.00000000099999999940 
0.88595622165943688220 0.00145712315679620607 0.00000000099999999972 0.00000000099999999972 0.05735283771317661872 0.05523381247059026833 0.00000000099999999972 0.00000000099999999972 0.00000000099999999972 
0.76326302543043611504 0.00000002615312114116 0.00979796783334400262 0.00338017320146573796 0.16205545904205029273 0.06150334533958266153 0.00000000099999999998 0.00000000099999999998 0.00000000099999999998 
0.49948820132909943492 0.00424468198305669522 0.00000000099999999998 0.00000000099999999998 0.31403473588842129027 0.18223237579942261344 0.00000000099999999998 0.00000000099999999998 0.00000000099999999998 
0.67599016833533420723 0.02299012889273537724 0.00000000099999999999 0.00000000099999999999 0.22105992254074369185 0.07995977523118664998 0.00000000099999999999 0.00000000099999999999 0.00000000099999999999 
0.90438778333347735749 0.00000000099999999954 0.00000000099999999954 0.00622701722316404416 0.02457222356989209600 0.06481297087346667152 0.00000000099999999954 0.00000000099999999954 0.00000000099999999954 
0.77294873137287412046 0.02387066125131129257 0.00000000099999999997 0.00000000099999999997 0.09400402202880035751 0.10917658034701417658 0.00000000099999999997 0.00000000099999999997 0.00000000099999999997 
0.37312732165524192807 0.00000000099999999998 0.00143139133566262309 0.00000000099999999998 0.35282611927734125468 0.27261516273175406821 0.00000000099999999998 0.00000000099999999998 0.00000000099999999998 
0.94840410959547594150 0.00000000099999999978 0.00000000099999999978 0.00000000099999999978 0.03601930917534616056 0.01557657522917801907 0.00000000099999999978 0.00000000099999999978 0.00000000099999999978 
0.55782960909272816252 0.00000000099999999998 0.00000000099999999998 0.01090484963532733879 0.43126545398726962022 0.00000008228467496225 0.00000000099999999998 0.00000000099999999998 0.00000000099999999998 
0.87035664785536726029 0.00000000099999999979 0.00000000099999999979 0.01580069705603574098 0.07449212680707188727 0.03935052328152521817 0.00000000099999999979 0.00000000099999999979 0.00000000099999999979 
0.95736891938170087801 0.00000000099999999990 0.00000000099999999990 0.00192276912052402930 0.02270902023015097804 0.01799928626762414136 0.00000000099999999990 0.00000000099999999990 0.00000000099999999990 
0.88846586119317971786 0.00000000099999999954 0.00000000099999999954 0.00831751410438063242 0.08886035736928719897 0.01435626233315246553 0.00000000099999999954 0.00000000099999999954 0.00000000099999999954 
0.89412639481622269155 0.00000000099999999988 0.00000000099999999988 0.00206099972935551304 0.08317269938443819233 0.02063990106998368074 0.00000000099999999988 0.00000000099999999988 0.00000000099999999988 
0.91595584818637421076 0.00000000099999999916 0.00000000099999999916 0.00000000099999999916 0.04129823813979895120 0.04274590767382702161 0.00000000099999999916 0.00000000099999999916 0.00000000099999999916 
0.95146952437752485565 0.00000000099999999948 0.00000000099999999948 0.00000000099999999948 0.03229085699805678278 0.01623961262441846534 0.00000000099999999948 0.00000000099999999948 0.00000000099999999948 
0.20512903928861253577 0.00000000099999999980 0.00000000099999999980 0.00000000099999999980 0.74643612488383237480 0.04791865291087573503 0.00000000099999999980 0.00000000099999999980 0.00051617791667923094 
0.24160340183292974836 0.00000000099999999959 0.00000000099999999959 0.00000000099999999959 0.71659444946661876585 0.04180214270045151670 0.00000000099999999959 0.00000000099999999959 0.00000000099999999959 
0.20572724607149506237 0.00000000099999999996 0.06019733727817951768 0.00000000099999999996 0.43125644966615800380 0.03428864299428326795 0.26190784811634815199 0.00000000099999999996 0.00662247287353610707 
0.21457604156397810935 0.00000000099999999996 0.00000000099999999996 0.00357110345027463654 0.70414292821564372638 0.07520931404575982582 0.00250060872434375433 0.00000000099999999996 0.00000000099999999996 
0.18462632042940835264 0.00000000099999999995 0.00000000099999999995 0.00264432175836856005 0.75656518488060253702 0.05342879121081565291 0.00010068645139365026 0.00000000099999999995 0.00263469226941128809 
0.12341059051363972854 0.00000000099999999990 0.00000000099999999990 0.00000000099999999990 0.49516783469865710554 0.01912568188492255045 0.22421397755311728295 0.00000000099999999990 0.13808191134966349423 
0.16284123873919442715 0.00000000099999999996 0.03456757411892641407 0.00000000099999999996 0.51059939347682947730 0.05930095555038702310 0.23016043960509516286 0.00000000099999999996 0.00253039550956761288 
0.16149009167036215695 0.00000000099999999993 0.00000000099999999993 0.00000000099999999993 0.54244280938896838329 0.01934131155781868353 0.19539774510007351660 0.00000000099999999993 0.08132803828277725133 
0.19609990306727556608 0.00521957400641168655 0.00000000099999999997 0.00000000099999999997 0.53644707005428993174 0.02810293037932990248 0.23413045826416653550 0.00000000099999999997 0.00000006122852652155 
0.13186788835457427527 0.00000000099999999995 0.00000000099999999995 0.00000000099999999995 0.57270636414852005291 0.05327446819381589926 0.20049752876973128690 0.00000000099999999995 0.04165374653335832122 
0.21035379342082496934 0.00000000099999999944 0.00000000099999999944 0.00000000099999999944 0.75135462842487599211 0.03829157215429900007 0.00000000099999999944 0.00000000099999999944 0.00000000099999999944 
0.10554302393674939997 0.00994648182608503031 0.00000000099999999996 0.00000000099999999996 0.60330877382264180842 0.00371205562878191382 0.27277425555491013887 0.00000000099999999996 0.00471540623083154236 
0.18154142351932819888 0.00000000099999999995 0.00000000099999999995 0.00502892847965353586 0.75564055158449450200 0.05226055954369155515 0.00477733970832036441 0.00000000099999999995 0.00075119416451190156 
0.12730343318049627821 0.00000000099999999997 0.01322804569008399940 0.00000000099999999997 0.50568741911434478276 0.04731120546962414020 0.28603000148676244185 0.00000000099999999997 0.02043989205868835743 
0.17082317601117788519 0.00000000099999999952 0.00000000099999999952 0.00000000200190011009 0.77601121514550708280 0.05316560184141486123 0.00000000099999999952 0.00000000099999999952 0.00000000099999999952 
0.19086351155296316096 0.00000000099999999949 0.00000000099999999949 0.00000000099999999949 0.73880599234172161793 0.07033049010531539080 0.00000000099999999949 0.00000000099999999949 0.00000000099999999949 
0.03316137114158544674 0.00000000099999999996 0.00000000099999999996 0.00581447437494182501 0.63742352349067987749 0.02557903257561218446 0.29802159441718084620 0.00000000099999999996 0.00000000099999999996 
0.21710069286568592362 0.00000000099999999940 0.00000000099999999940 0.00000000099999999940 0.74113311642934776025 0.04176618470496632624 0.00000000099999999940 0.00000000099999999940 0.00000000099999999940 
