0.00000000099999999850 0.00000000099999999850 0.00000000099999999850 0.00000000099999999850 0.00000000099999999850 0.00000000099999999850 0.00000000099999999850 0.99999999299999997593 
0.00000000099999999858 0.00000000099999999858 0.00000000099999999858 0.00000000099999999858 0.00000000099999999858 0.00000000099999999858 0.00000000099999999858 0.99999999300000008695 
0.00000000099999999854 0.00000000099999999854 0.00000000099999999854 0.00000000099999999854 0.00000000099999999854 0.00000000099999999854 0.00000000099999999854 0.99999999299999997593 
0.00000000099999999857 0.00000000099999999857 0.00000000099999999857 0.00000000099999999857 0.00000000099999999857 0.00000000099999999857 0.00000000099999999857 0.99999999300000008695 
0.00000000099999999861 0.00000000099999999861 0.00000000099999999861 0.00000000099999999861 0.00000000099999999861 0.00000000099999999861 0.00000000099999999861 0.99999999299999997593 
0.00000000099999999861 0.00000000099999999861 0.00000000099999999861 0.00000000099999999861 0.00000000099999999861 0.00000000099999999861 0.00000000099999999861 0.99999999300000008695 
0.00000000099999999854 0.00000000099999999854 0.00000000099999999854 0.00000000099999999854 0.00000000099999999854 0.00000000099999999854 0.00000000099999999854 0.99999999300000008695 
0.00000000099999999866 0.00000000099999999866 0.00000000099999999866 0.00000000099999999866 0.00000000099999999866 0.00000000099999999866 0.00000000099999999866 0.99999999299999997593 
0.00000000099999999856 0.00000000099999999856 0.00000000099999999856 0.00000000099999999856 0.00000000099999999856 0.00000000099999999856 0.00000000099999999856 0.99999999300000008695 
0.00000000099999999864 0.00000000099999999864 0.00000000099999999864 0.00000000099999999864 0.00000000099999999864 0.00000000099999999864 0.00000000099999999864 0.99999999300000008695 
0.00000000099999999860 0.00000000099999999860 0.00000000099999999860 0.00000000099999999860 0.00000000099999999860 0.00000000099999999860 0.00000000099999999860 0.99999999299999997593 
0.00000000099999999885 0.00000000099999999885 0.00000000099999999885 0.00000000099999999885 0.00000000099999999885 0.00000000099999999885 0.00000000099999999885 0.99999999299999997593 
0.00000000099999999860 0.00000000099999999860 0.00000000099999999860 0.00000000099999999860 0.00000000099999999860 0.00000000099999999860 0.00000000099999999860 0.99999999300000008695 
0.00000000099999999856 0.00000000099999999856 0.00000000099999999856 0.00000000099999999856 0.00000000099999999856 0.00000000099999999856 0.00000000099999999856 0.99999999300000008695 
0.00000000099999999859 0.00000000099999999859 0.00000000099999999859 0.00000000099999999859 0.00000000099999999859 0.00000000099999999859 0.00000000099999999859 0.99999999299999997593 
0.00000000099999999858 0.00000000099999999858 0.00000000099999999858 0.00000000099999999858 0.00000000099999999858 0.00000000099999999858 0.00000000099999999858 0.99999999300000008695 
0.00000000099999999858 0.00000000099999999858 0.00000000099999999858 0.00000000099999999858 0.00000000099999999858 0.00000000099999999858 0.00000000099999999858 0.99999999300000008695 
0.00000000099999999868 0.00000000099999999868 0.00000000099999999868 0.00000000099999999868 0.00000000099999999868 0.00000000099999999868 0.00000000099999999868 0.99999999299999997593 
0.00000000099999999871 0.00000000099999999871 0.00000000099999999871 0.00000000099999999871 0.00000000099999999871 0.00000000099999999871 0.00000000099999999871 0.99999999300000008695 
0.00000000099999999868 0.00000000099999999868 0.00000000099999999868 0.00000000099999999868 0.00000000099999999868 0.00000000099999999868 0.00000000099999999868 0.99999999299999997593 
0.00000000099999999862 0.00000000099999999862 0.00000000099999999862 0.00000000099999999862 0.00000000099999999862 0.00000000099999999862 0.00000000099999999862 0.99999999299999997593 
0.00000000099999999864 0.00000000099999999864 0.00000000099999999864 0.00000000099999999864 0.00000000099999999864 0.00000000099999999864 0.00000000099999999864 0.99999999299999997593 
0.00000000099999999863 0.00000000099999999863 0.00000000099999999863 0.00000000099999999863 0.00000000099999999863 0.00000000099999999863 0.00000000099999999863 0.99999999299999997593 
0.00000000099999999864 0.00000000099999999864 0.00000000099999999864 0.00000000099999999864 0.00000000099999999864 0.00000000099999999864 0.00000000099999999864 0.99999999300000008695 
0.00000000099999999902 0.00000000099999999902 0.00000000099999999902 0.00000000099999999902 0.00000000099999999902 0.00000000099999999902 0.00000000099999999902 0.99999999300000008695 
0.00000000099999999861 0.00000000099999999861 0.00000000099999999861 0.00000000099999999861 0.00000000099999999861 0.00000000099999999861 0.00000000099999999861 0.99999999299999997593 
0.00000000099999999866 0.00000000099999999866 0.00000000099999999866 0.00000000099999999866 0.00000000099999999866 0.00000000099999999866 0.00000000099999999866 0.99999999299999997593 
0.00000000099999999868 0.00000000099999999868 0.00000000099999999868 0.00000000099999999868 0.00000000099999999868 0.00000000099999999868 0.00000000099999999868 0.99999999300000008695 
0.00000000099999999870 0.00000000099999999870 0.00000000099999999870 0.00000000099999999870 0.00000000099999999870 0.00000000099999999870 0.00000000099999999870 0.99999999299999997593 
0.00000000099999999867 0.00000000099999999867 0.00000000099999999867 0.00000000099999999867 0.00000000099999999867 0.00000000099999999867 0.00000000099999999867 0.99999999300000008695 
0.00000000099999999885 0.00000000099999999885 0.00000000099999999885 0.00000000099999999885 0.00000000099999999885 0.00000000099999999885 0.00000000099999999885 0.99999999299999997593 
0.00000000099999999906 0.00000000099999999906 0.00000000099999999906 0.00000000099999999906 0.00000000099999999906 0.00000000099999999906 0.00000000099999999906 0.99999999300000008695 
0.00000000099999999880 0.00000000099999999880 0.00000000099999999880 0.00000000099999999880 0.00000000099999999880 0.00000000099999999880 0.00000000099999999880 0.99999999300000008695 
0.00000000099999999897 0.00000000099999999897 0.00000000099999999897 0.00000000099999999897 0.00000000099999999897 0.00000000099999999897 0.00000000099999999897 0.99999999300000008695 
0.00000000099999999879 0.00000000099999999879 0.00000000099999999879 0.00000000099999999879 0.00000000099999999879 0.00000000099999999879 0.00000000099999999879 0.99999999299999997593 
0.00000000099999999891 0.00000000099999999891 0.00000000099999999891 0.00000000099999999891 0.00000000099999999891 0.00000000099999999891 0.00000000099999999891 0.99999999299999997593 
0.00000000099999999882 0.00000000099999999882 0.00000000099999999882 0.00000000099999999882 0.00000000099999999882 0.00000000099999999882 0.00000000099999999882 0.99999999299999997593 
0.00000000099999999884 0.00000000099999999884 0.00000000099999999884 0.00000000099999999884 0.00000000099999999884 0.00000000099999999884 0.00000000099999999884 0.99999999300000008695 
0.00000000099999999889 0.00000000099999999889 0.00000000099999999889 0.00000000099999999889 0.00000000099999999889 0.00000000099999999889 0.00000000099999999889 0.99999999299999997593 
0.00000000099999999912 0.00000000099999999912 0.00000000099999999912 0.00000000099999999912 0.00000000099999999912 0.00000000099999999912 0.00000000099999999912 0.99999999300000008695 
0.00000000099999999881 0.00000000099999999881 0.00000000099999999881 0.00000000099999999881 0.00000000099999999881 0.00000000099999999881 0.00000000099999999881 0.99999999299999997593 
0.00000000099999999896 0.00000000099999999896 0.00000000099999999896 0.00000000099999999896 0.00000000099999999896 0.00000000099999999896 0.00000000099999999896 0.99999999300000008695 
0.00000000099999999886 0.00000000099999999886 0.00000000099999999886 0.00000000099999999886 0.00000000099999999886 0.00000000099999999886 0.00000000099999999886 0.99999999300000008695 
0.00000000099999999883 0.00000000099999999883 0.00000000099999999883 0.00000000099999999883 0.00000000099999999883 0.00000000099999999883 0.00000000099999999883 0.99999999300000008695 
0.00000000099999999897 0.00000000099999999897 0.00000000099999999897 0.00000000099999999897 0.00000000099999999897 0.00000000099999999897 0.00000000099999999897 0.99999999300000008695 
0.00000000099999999887 0.00000000099999999887 0.00000000099999999887 0.00000000099999999887 0.00000000099999999887 0.00000000099999999887 0.00000000099999999887 0.99999999300000008695 
0.00000000099999999892 0.00000000099999999892 0.00000000099999999892 0.00000000099999999892 0.00000000099999999892 0.00000000099999999892 0.00000000099999999892 0.99999999300000008695 
0.00000000099999999914 0.00000000099999999914 0.00000000099999999914 0.00000000099999999914 0.00000000099999999914 0.00000000099999999914 0.00000000099999999914 0.99999999299999997593 
0.00000000099999999917 0.00000000099999999917 0.00000000099999999917 0.00000000099999999917 0.00000000099999999917 0.00000000099999999917 0.00000000099999999917 0.99999999299999997593 
0.00000000099999999929 0.00000000099999999929 0.00000000099999999929 0.00000000099999999929 0.00000000099999999929 0.00000000099999999929 0.00000000099999999929 0.99999999299999997593 
0.00000000099999999959 0.00000000099999999959 0.00000000099999999959 0.00000000099999999959 0.00000000099999999959 0.00000000099999999959 0.00000000099999999959 0.99999999299999997593 
0.00000000099999999936 0.10800803957223893692 0.00000000099999999936 0.89199195442776124665 0.00000000099999999936 0.00000000099999999936 0.00000000099999999936 0.00000000099999999936 
0.00000000099999999922 0.16040181714516835165 0.00000000099999999922 0.83959807077535386632 0.00000000099999999922 0.00000000099999999922 0.00000010707947783535 0.00000000099999999922 
0.00000000099999999952 0.16366052475587361537 0.00000000099999999952 0.83633946924412649881 0.00000000099999999952 0.00000000099999999952 0.00000000099999999952 0.00000000099999999952 
0.00000000099999999905 0.12037070611654650254 0.00000000099999999905 0.86915620506031399106 0.00000000099999999905 0.00000000099999999905 0.01047308382313950036 0.00000000099999999905 
0.00000000099999999914 0.08613777931505277319 0.00000000099999999914 0.90520683873389784502 0.00000000099999999914 0.00000000099999999914 0.00865537695104949892 0.00000000099999999914 
0.00000000099999999897 0.12267401265353845841 0.00000000099999999897 0.87732598134646144761 0.00000000099999999897 0.00000000099999999897 0.00000000099999999897 0.00000000099999999897 
0.00000000099999999932 0.11776632617303843531 0.00000000099999999932 0.86277192037999095309 0.00000000099999999932 0.00000000099999999932 0.01946174844697061423 0.00000000099999999932 
0.00000000099999999906 0.10730359677656513273 0.00000000099999999906 0.89269639722343507859 0.00000000099999999906 0.00000000099999999906 0.00000000099999999906 0.00000000099999999906 
0.00000000099999999927 0.13357720772281783672 0.00000000099999999927 0.85704412942989338653 0.00000000099999999927 0.00000000099999999927 0.00937865784728883142 0.00000000099999999927 
0.00000000099999999972 0.10107659117061770782 0.00000000099999999972 0.89124295756309335204 0.00768044626628902865 0.00000000099999999972 0.00000000099999999972 0.00000000099999999972 
0.00000000099999999914 0.11545151408023605899 0.00000000099999999914 0.88454847991976393029 0.00000000099999999914 0.00000000099999999914 0.00000000099999999914 0.00000000099999999914 
0.00000000099999999911 0.13634235369669533977 0.00000000099999999911 0.86342648174356151358 0.00000000099999999911 0.00000000099999999911 0.00023115955974327789 0.00000000099999999911 
0.00000000099999999961 0.15466541104633851900 0.00000000099999999961 0.82073920606518568910 0.00785822629685853195 0.00000000099999999961 0.01673715259161720134 0.00000000099999999961 
0.00000000099999999927 0.11359652914108940569 0.00000000099999999927 0.86509365303325458374 0.00000000099999999927 0.00000000099999999927 0.02130981282565605484 0.00000000099999999927 
0.00000000099999999957 0.08219116967195469470 0.00000000099999999957 0.91780882041520228665 0.00000000099999999957 0.00000000099999999957 0.00000000491284305889 0.00000000099999999957 
0.00000000099999999899 0.10731145743495160150 0.00000000099999999899 0.89268853656504842942 0.00000000099999999899 0.00000000099999999899 0.00000000099999999899 0.00000000099999999899 
0.00000000099999999945 0.19862917456393094917 0.00000000099999999945 0.79176604806016381843 0.00000000099999999945 0.00000000099999999945 0.00960477237590527493 0.00000000099999999945 
0.00000000099999999950 0.16476799733935043601 0.00000000099999999950 0.83523199666064962265 0.00000000099999999950 0.00000000099999999950 0.00000000099999999950 0.00000000099999999950 
0.00000000099999999923 0.12250483490334931891 0.00000000099999999923 0.87749515909665076752 0.00000000099999999923 0.00000000099999999923 0.00000000099999999923 0.00000000099999999923 
0.00000000099999999921 0.12425066734909227806 0.00000000099999999921 0.87574932665090776673 0.00000000099999999921 0.00000000099999999921 0.00000000099999999921 0.00000000099999999921 
0.00000000099999999925 0.16380646908286203289 0.00000000099999999925 0.80019775185717212374 0.00000000099999999925 0.00000000099999999925 0.03599577405996586682 0.00000000099999999925 
0.00000000099999999902 0.15818251211054673577 0.00000000099999999902 0.84174227106212640148 0.00000000099999999902 0.00000000099999999902 0.00007521182732686974 0.00000000099999999902 
0.00000000099999999925 0.12677217271625035311 0.00000000099999999925 0.87322782128374976107 0.00000000099999999925 0.00000000099999999925 0.00000000099999999925 0.00000000099999999925 
0.00000000099999999928 0.18212554477960879451 0.00000000099999999928 0.81787444922039131967 0.00000000099999999928 0.00000000099999999928 0.00000000099999999928 0.00000000099999999928 
0.00000000099999999951 0.19674230116341365204 0.00000000099999999951 0.80325757031716116252 0.00000000099999999951 0.00000000099999999951 0.00000012351942533975 0.00000000099999999951 
0.00000000099999999912 0.12549959031205001891 0.00000000099999999912 0.87450040368795012302 0.00000000099999999912 0.00000000099999999912 0.00000000099999999912 0.00000000099999999912 
0.00000000099999999926 0.16995572318622143015 0.00000000099999999926 0.83004427032361183247 0.00000000099999999926 0.00000000099999999926 0.00000000149016675598 0.00000000099999999926 
0.00429081193802311085 0.19314050164365420548 0.00000000099999999991 0.80235147189842148663 0.00000000117867586053 0.00000000099999999991 0.00000000099999999991 0.00021721034122549595 
0.00000000099999999959 0.12537029840337021724 0.00000000099999999959 0.87462957049751610672 0.00000000099999999959 0.00000000099999999959 0.00000012609911370872 0.00000000099999999959 
0.00000000099999999929 0.17060081728405429580 0.00000000099999999929 0.82939917671594576287 0.00000000099999999929 0.00000000099999999929 0.00000000099999999929 0.00000000099999999929 
0.00000000099999999910 0.11491509232384693184 0.00000000099999999910 0.88508490167615316846 0.00000000099999999910 0.00000000099999999910 0.00000000099999999910 0.00000000099999999910 
0.00000000099999999985 0.09521415610475107705 0.00350911452041256918 0.90127672437483641321 0.00000000099999999985 0.00000000099999999985 0.00000000099999999985 0.00000000099999999985 
0.00000000099999999963 0.22917922171027274580 0.00000000099999999963 0.76307055032768023040 0.00000000099999999963 0.00000000099999999963 0.00775022296204707674 0.00000000099999999963 
0.00000000099999999955 0.15771476069332779346 0.00000000099999999955 0.84224107749610133133 0.00000000099999999955 0.00000000099999999955 0.00004415681057088133 0.00000000099999999955 
0.00000000099999999944 0.18234980895916005905 0.00000000099999999944 0.78862253553297623210 0.00000000099999999944 0.00000000099999999944 0.02902765050786379822 0.00000000099999999944 
0.00000000099999999955 0.12311980186468336751 0.00000000099999999955 0.85099717603372093677 0.00000000099999999955 0.00000000099999999955 0.02588301710159559774 0.00000000099999999955 
0.00000000099999999937 0.18531643570737302285 0.00000000099999999937 0.81468355829262706358 0.00000000099999999937 0.00000000099999999937 0.00000000099999999937 0.00000000099999999937 
0.00000000099999999943 0.18233410222733312245 0.00000000099999999943 0.81766584491441862692 0.00000000099999999943 0.00000000099999999943 0.00000004785824831251 0.00000000099999999943 
0.00000000099999999946 0.21904164073776674626 0.00000000099999999946 0.77785970285342265207 0.00000000099999999946 0.00000000099999999946 0.00309865140881075132 0.00000000099999999946 
0.00000000099999999976 0.07037967699745689698 0.00000000099999999976 0.92959590433883809713 0.00000000099999999976 0.00000000099999999976 0.00002441366370510788 0.00000000099999999976 
0.00000000099999999951 0.10392956699274620569 0.00000000099999999951 0.89607042700725381135 0.00000000099999999951 0.00000000099999999951 0.00000000099999999951 0.00000000099999999951 
0.00000000099999999978 0.08765488218094003026 0.00000000099999999978 0.88970453628013135283 0.00000000099999999978 0.00000000099999999978 0.02264057653892853628 0.00000000099999999978 
0.00000000099999999935 0.10560848988749660382 0.00000000099999999935 0.89439150411250356587 0.00000000099999999935 0.00000000099999999935 0.00000000099999999935 0.00000000099999999935 
0.00000000099999999925 0.16195160481704298783 0.00000000099999999925 0.83113934563207958472 0.00000000099999999925 0.00000000099999999925 0.00690904455087732079 0.00000000099999999925 
0.00000000099999999924 0.19354774293479634628 0.00000000099999999924 0.80645224388877945199 0.00000000099999999924 0.00000000099999999924 0.00000000817642419357 0.00000000099999999924 
0.00000000099999999927 0.15748485320236502161 0.00000000099999999927 0.84251514079763500931 0.00000000099999999927 0.00000000099999999927 0.00000000099999999927 0.00000000099999999927 
0.00000000099999999928 0.13809995404050781631 0.00000000099999999928 0.85913060294356491386 0.00000000099999999928 0.00000000099999999928 0.00276943801592720740 0.00000000099999999928 
0.00000000099999999953 0.17716240221601653460 0.00000000099999999953 0.82283759178398352407 0.00000000099999999953 0.00000000099999999953 0.00000000099999999953 0.00000000099999999953 
0.00000000099999999926 0.16076434804752720575 0.00000000099999999926 0.81239515583782362373 0.00000000099999999926 0.00000000099999999926 0.02684049111464909335 0.00000000099999999926 
0.00000000099999999940 0.19699863234830189418 0.00000000099999999940 0.80300136165169810898 0.00000000099999999940 0.00000000099999999940 0.00000000099999999940 0.00000000099999999940 
0.00000000099999999927 0.15465077651475253595 0.00000000099999999927 0.80938576230191605632 0.00000000099999999927 0.00000000099999999927 0.03596345618333133404 0.00000000099999999927 
0.00000000099999999936 0.18266475605615789535 0.00000000099999999936 0.81733523794384221883 0.00000000099999999936 0.00000000099999999936 0.00000000099999999936 0.00000000099999999936 
0.00000000099999999947 0.05184952754485708248 0.00000000099999999947 0.94815046645514311496 0.00000000099999999947 0.00000000099999999947 0.00000000099999999947 0.00000000099999999947 
0.00000000099999999948 0.08246731915511996969 0.00000000099999999948 0.90553393973334539435 0.00000000099999999948 0.00000000099999999948 0.01199873611153466461 0.00000000099999999948 
0.00000000099999999928 0.14225079883038807549 0.00000000099999999928 0.84305271089339073320 0.00000000099999999928 0.00000000099999999928 0.01469648527622129976 0.00000000099999999928 
0.00000000099999999938 0.11665767855204176029 0.00000000099999999938 0.87863806937254840257 0.00000000099999999938 0.00000000099999999938 0.00470424707540990829 0.00000000099999999938 
0.00000000099999999950 0.12309189411593850216 0.00000000099999999950 0.87690809988406148712 0.00000000099999999950 0.00000000099999999950 0.00000000099999999950 0.00000000099999999950 
0.00000000099999999954 0.10587472097133332483 0.00000000099999999954 0.89412527302866673384 0.00000000099999999954 0.00000000099999999954 0.00000000099999999954 0.00000000099999999954 
0.00000000099999999923 0.09323982965566074421 0.00000000099999999923 0.87678582770251900502 0.00000000099999999923 0.00000000099999999923 0.02997433764182026381 0.00000000099999999923 
0.00000000099999999946 0.07439497871715974875 0.00000000099999999946 0.92560501528284033768 0.00000000099999999946 0.00000000099999999946 0.00000000099999999946 0.00000000099999999946 
0.00000000099999999928 0.12203841405207460635 0.00000000099999999928 0.87796157994792545232 0.00000000099999999928 0.00000000099999999928 0.00000000099999999928 0.00000000099999999928 
0.00000000099999999960 0.12400079365442022439 0.00000000099999999960 0.87599920034557976489 0.00000000099999999960 0.00000000099999999960 0.00000000099999999960 0.00000000099999999960 
0.00000000099999999949 0.09090938567605863496 0.00000000099999999949 0.90909060832394150697 0.00000000099999999949 0.00000000099999999949 0.00000000099999999949 0.00000000099999999949 
0.00000000099999999958 0.10140764950999314742 0.00000000099999999958 0.89859234449000680023 0.00000000099999999958 0.00000000099999999958 0.00000000099999999958 0.00000000099999999958 
0.00000000099999999934 0.11092638178492998657 0.00000000099999999934 0.86506104584907639321 0.00000000099999999934 0.00000000099999999934 0.02401256736599361244 0.00000000099999999934 
0.00000000099999999974 0.11749170774903426595 0.00000000099999999974 0.88250828625096577884 0.00000000099999999974 0.00000000099999999974 0.00000000099999999974 0.00000000099999999974 
0.00285857295535951088 0.07111790744030616063 0.00042760143778122127 0.92108388814115516041 0.00116866193476715570 0.00015420745494034921 0.00005487346668254945 0.00313428716900789094 
0.00000000099999999983 0.13046988115663413210 0.00000000099999999983 0.84739947609513754934 0.00637529810560370433 0.00000000099999999983 0.01575534064262454695 0.00000000099999999983 
0.00000000099999999990 0.11971368062701104318 0.00000000099999999990 0.87505129231649803057 0.00523343627662391578 0.00000000099999999990 0.00000158677986698136 0.00000000099999999990 
0.00000000099999999984 0.11331975508727447355 0.00000000099999999984 0.88492678155834147979 0.00173796993637979338 0.00000000099999999984 0.00001548941800420142 0.00000000099999999984 
0.00000000099999999991 0.15462998908461941805 0.00000229765787295886 0.83193839592145857331 0.00000000099999999991 0.00000000099999999991 0.01008068424693006788 0.00334863008911900559 
0.00000000099999999988 0.08473107487600005372 0.00000000099999999988 0.91024492801466161396 0.00245552613774243722 0.00000000099999999988 0.00168508903227691646 0.00088337893931889153 
0.00000000099999999940 0.01077404443134442891 0.00000000099999999940 0.00000000099999999940 0.00000000099999999940 0.00000000099999999940 0.98922594956865550486 0.00000000099999999940 
0.00000000099999999935 0.00000000099999999935 0.00000000099999999935 0.00000000099999999935 0.00000000099999999935 0.00000000099999999935 0.99999999299999997593 0.00000000099999999935 
0.00000000099999999961 0.00651259558538149191 0.00000000099999999961 0.01365742625337251770 0.00000000099999999961 0.00000000099999999961 0.97982997316124598175 0.00000000099999999961 
0.00000000099999999985 0.00000000099999999985 0.00000000099999999985 0.00000000099999999985 0.00000000099999999985 0.00000000099999999985 0.99999999299999986491 0.00000000099999999985 
0.00000000099999999935 0.00636994246811055723 0.00000000099999999935 0.00010828704303873379 0.00000000099999999935 0.00000000099999999935 0.99352176548885073881 0.00000000099999999935 
0.00000000099999999947 0.00035723355805394847 0.00000000099999999947 0.00000000099999999947 0.00000000099999999947 0.00000000099999999947 0.99964276044194610993 0.00000000099999999947 
0.00000000099999999960 0.00555217187203090219 0.00000000099999999960 0.00000000099999999960 0.00000000099999999960 0.00000000099999999960 0.99444782212796911658 0.00000000099999999960 
0.00000000099999999955 0.00672769327234761048 0.00000000099999999955 0.00000166768872891086 0.00000000099999999955 0.00000000099999999955 0.99327063403892335014 0.00000000099999999955 
0.00000000099999999945 0.00452864829250142990 0.00000000099999999945 0.00000000099999999945 0.00000000099999999945 0.00000000099999999945 0.99547134570749862270 0.00000000099999999945 
0.00000000099999999975 0.00000000099999999975 0.00000000099999999975 0.00000000099999999975 0.00000000099999999975 0.00000000099999999975 0.99999999299999986491 0.00000000099999999975 
0.00000000099999999945 0.00000000099999999945 0.00000000099999999945 0.00000000099999999945 0.00000000099999999945 0.00000000099999999945 0.99999999299999997593 0.00000000099999999945 
0.00000000099999999936 0.00141698283148538424 0.00000000099999999936 0.02070761238677169824 0.00000000099999999936 0.00000000099999999936 0.97787539978174287114 0.00000000099999999936 
0.00000000099999999941 0.00000000099999999941 0.00000000099999999941 0.00000000099999999941 0.00000000099999999941 0.00000000099999999941 0.99999999299999997593 0.00000000099999999941 
0.00000000099999999947 0.00000000099999999947 0.00000000099999999947 0.01004931726467332004 0.00000000099999999947 0.00000000099999999947 0.98995067673532666230 0.00000000099999999947 
0.00000000099999999965 0.00000000099999999965 0.00000000099999999965 0.00000000099999999965 0.00000000099999999965 0.00000000099999999965 0.99900674781942466751 0.00099324618057538899 
0.00000000099999999950 0.03597010301135250554 0.00000000099999999950 0.00000000099999999950 0.00000000099999999950 0.00000000099999999950 0.96402989098864744211 0.00000000099999999950 
0.00000000099999999960 0.00209398467278549324 0.00000000099999999960 0.00429732056345355669 0.00000000099999999960 0.00000000099999999960 0.99360868976376104378 0.00000000099999999960 
0.00000000099999999921 0.00000000099999999921 0.00000000099999999921 0.00000000099999999921 0.00000000099999999921 0.00000000099999999921 0.99999999299999986491 0.00000000099999999921 
0.00154762139525633905 0.02245522477982610579 0.00000000099999999997 0.02371406725564346660 0.00000000099999999997 0.00053715891897030560 0.95133988921467294020 0.00040603643563073713 
0.00000000099999999988 0.07257542907403424781 0.00000000099999999988 0.01971210205166931337 0.00230174810397592656 0.00000000099999999988 0.90541071677032036735 0.00000000099999999988 
0.00000000099999999977 0.00000000099999999977 0.00000000099999999977 0.08008851634682247200 0.00000000099999999977 0.00000000099999999977 0.91991147765317760054 0.00000000099999999977 
0.00000000099999999998 0.07165742305556262182 0.00293415351810945389 0.00024401996982594248 0.00407560860168664895 0.00000000099999999998 0.91912061680669998598 0.00196817604811536442 
0.00000000099999999973 0.06458504004345541616 0.00380010203874636817 0.06766128233831747441 0.00000000099999999973 0.00000000099999999973 0.86395357157948071691 0.00000000099999999973 
0.00000000099999999973 0.07609318421683573808 0.00599038773573622001 0.02308806541223173275 0.00000000099999999973 0.00000000099999999973 0.89482835863519638586 0.00000000099999999973 
0.00124846299881844146 0.02511993198368721314 0.00000000099999999989 0.01802159807968033156 0.00000000099999999989 0.00000000099999999989 0.95560901345477744506 0.00000099048303668154 
0.00000000099999999983 0.06998854388364078583 0.00000000099999999983 0.04026741268149010289 0.00426197919297104707 0.00000000099999999983 0.88548206024189812791 0.00000000099999999983 
0.00000000099999999986 0.05765846632349664463 0.00342641663001961574 0.02971733431353928978 0.00000000099999999986 0.00000000099999999986 0.90919777873294438386 0.00000000099999999986 
0.00000000099999999978 0.05066944782901651456 0.00230318021584702401 0.00143625277400191644 0.00000000099999999978 0.00000000099999999978 0.94559111518113447836 0.00000000099999999978 
0.00000000099999999990 0.03753566525698602552 0.00000000099999999990 0.00000000099999999990 0.00155058071960928598 0.00000000099999999990 0.96091374902340476183 0.00000000099999999990 
0.00000000099999999972 0.08257516595205520449 0.00000000099999999972 0.00786694408260005945 0.00000000099999999972 0.00000000099999999972 0.90955788496534484278 0.00000000099999999972 
0.00000000099999999973 0.06837738672673827900 0.00326403719416471731 0.00000000099999999973 0.00000000099999999973 0.00000000099999999973 0.92835857107909702801 0.00000000099999999973 
0.00000000099999999991 0.04470625397626351583 0.00453828230761023615 0.10613996322898382185 0.00000000099999999991 0.00000000099999999991 0.84251723776284359602 0.00209825972429869556 
0.00000000099999999974 0.07047122477414217989 0.01182789989182870399 0.01211912686265595625 0.00000000099999999974 0.00000000099999999974 0.90558174447137307350 0.00000000099999999974 
0.00000000099999999986 0.03272030480880980946 0.00000000099999999986 0.07084199982723268785 0.00000000099999999986 0.00000000099999999986 0.89643769036395737348 0.00000000099999999986 
0.00000000099999999967 0.08827328325674778375 0.00000000099999999967 0.00000004242854638254 0.00000000099999999967 0.00000000099999999967 0.91172666931470591756 0.00000000099999999967 
0.00000000099999999952 0.07825940441923844026 0.00000000099999999952 0.08056162115850888650 0.00000000099999999952 0.00000000099999999952 0.84117896942225267587 0.00000000099999999952 
0.00000000099999999986 0.05105933803526654241 0.00076881119983045025 0.07427984122001288214 0.00000000099999999986 0.00000000099999999986 0.87389200554488999373 0.00000000099999999986 
0.00000000099999999999 0.06454670779420008941 0.00000154542302807091 0.10642211810191450072 0.00000017303279024397 0.00955338340534239196 0.81613051349802667733 0.00334555774469817192 
0.00000000099999999999 0.23010298540896156894 0.00390159016015644662 0.10268039030793094102 0.00000000099999999999 0.00000000099999999999 0.66331503012295089938 0.00000000099999999999 
0.00000000099999999999 0.08426774369747469517 0.02611238792013631169 0.30613787577526596628 0.00000000099999999999 0.00000000099999999999 0.58348198860712285896 0.00000000099999999999 
0.00000000099999999960 0.06662739743685140714 0.00000000099999999960 0.03178049571876684354 0.00000000099999999960 0.00000000099999999960 0.89544342996231018894 0.00614867288207152259 
0.00000000099999999998 0.10368618338576413018 0.02128208952868535994 0.12490545324411002348 0.00000000099999999998 0.00000000099999999998 0.75012626984144048503 0.00000000099999999998 
0.00000000099999999998 0.27401361865889417579 0.00000000099999999998 0.23156214010714978868 0.00000000099999999998 0.00221368636809275363 0.49221055086586318339 0.00000000099999999998 
0.00000000099999999985 0.01875210962044693286 0.00000000099999999985 0.03316251352178768014 0.00000000099999999985 0.00000000099999999985 0.94808537185776542433 0.00000000099999999985 
0.00000000099999999999 0.00000802667089381903 0.00127529593700629294 0.42947616834874852154 0.00000000099999999999 0.00000000099999999999 0.55963816551184253356 0.00960234053150862792 
0.00000000099999999981 0.03749741396457969417 0.00000000099999999981 0.09495431194708778277 0.00000000099999999981 0.00000000099999999981 0.85199086770444387717 0.01555740238388866534 
0.00000000099999999990 0.01703322181795154447 0.00000000099999999990 0.02146810493350019555 0.00000000099999999990 0.00000000099999999990 0.95985373584342770226 0.00164493340512044577 
0.00000000099999999962 0.01175846586078830615 0.00000000099999999962 0.11566710409123610870 0.00000000099999999962 0.00000000099999999962 0.86452942659649001378 0.00804499945148556828 
0.00000000099999999989 0.02371437649855816926 0.00000000099999999989 0.09058056053684473974 0.00076075255701109812 0.00000000099999999989 0.88370326765253703893 0.00124103975504896887 
0.00000000099999999931 0.04130856747582547367 0.00000000099999999931 0.03604995356063114831 0.00000000099999999931 0.00000000099999999931 0.92264147396354334596 0.00000000099999999931 
0.00000000099999999957 0.01664661787220482123 0.00000000099999999957 0.02595385754474805254 0.00000000099999999957 0.00000000099999999957 0.95739951958304703172 0.00000000099999999957 
0.00000000099999999974 0.03021482734013844137 0.00000000099999999974 0.76635389069784809468 0.00000000099999999974 0.00000000099999999974 0.20343127696201351862 0.00000000099999999974 
0.00000000099999999965 0.03446124985752512665 0.00000000099999999965 0.66796064848439495876 0.00000000099999999965 0.00000000099999999965 0.29757809665807982702 0.00000000099999999965 
0.26141192867404206002 0.03116517482645118908 0.00000000099999999996 0.38239376665882351958 0.00000000099999999996 0.06984271395197645671 0.25518641288870663741 0.00000000099999999996 
0.00199912709945602746 0.05712334669603305604 0.00000000099999999995 0.73868406158418165042 0.00000018882419122667 0.00000000099999999995 0.19834181668543840460 0.00385145711069964734 
0.00175725634886966147 0.03423421503949350408 0.00000000099999999996 0.77940888973847988197 0.00000000099999999996 0.00000000099999999996 0.18267590860784491125 0.00192372726531217075 
0.29271938657823698415 0.01130283329317242208 0.00000000099999999997 0.46834520725497919003 0.00000000099999999997 0.04993864677121769013 0.17769392310239373600 0.00000000099999999997 
0.22780421825891963850 0.05212234371618436335 0.00000000099999999995 0.48073313867567252222 0.00000000099999999995 0.04122796240854701560 0.19811233394067648272 0.00000000099999999995 
0.23772024399246291515 0.01357432119910707315 0.00000000099999999997 0.49826594747613212055 0.00000000099999999997 0.02720832974911161981 0.22323115458318626425 0.00000000099999999997 
0.23643661144930883111 0.02051738332087681485 0.00000000099999999998 0.51365981720165965196 0.00000000099999999998 0.00000000099999999998 0.22938616768747052688 0.00000001734068430664 
0.22341224174626567178 0.03803752684511651355 0.00000000099999999998 0.55093666380821815221 0.00795116737373941646 0.00000000099999999998 0.17965718235833169625 0.00000521586832871340 
0.00000000099999999947 0.02776522321490793033 0.00000000099999999947 0.74536975537678051840 0.00000000099999999947 0.00000000099999999947 0.22686501640831155391 0.00000000099999999947 
0.28038741913089310076 0.00054047649757144045 0.00000000099999999996 0.59364233378320185874 0.00000569261980742959 0.00000000099999999996 0.12542407496852617244 0.00000000099999999996 
0.00523862404412322406 0.03909370146508007321 0.00000000099999999999 0.72925896441101600853 0.00000193339046921943 0.00000000099999999999 0.22149761574566367850 0.00490915894364771406 
0.29417182765864330340 0.04008980190059148463 0.00000000099999999998 0.46715671336095243582 0.00000000099999999998 0.02471913842460645924 0.17386251565520613460 0.00000000099999999998 
0.00000000099999999954 0.04619489573300984697 0.00000000099999999954 0.76451005881490319283 0.00000000099999999954 0.00000000099999999954 0.18929504045208708773 0.00000000099999999954 
0.00000000099999999956 0.05246225532791756740 0.00000000099999999956 0.76177939789762327827 0.00000000099999999956 0.00000000099999999956 0.18575834177445921247 0.00000000099999999956 
0.28907877155074024333 0.01046016545115410756 0.01301575519825223619 0.64260935679847019930 0.00000000164778001362 0.00000000099999999997 0.04080086407515869790 0.00403508427844446321 
0.00000000099999999945 0.03184700727871993958 0.00000000099999999945 0.69770053963505385131 0.00000000099999999945 0.00000000099999999945 0.27045244808622637134 0.00000000099999999945 
0.00003699104233858228 0.05835816428559994357 0.00000000099999999996 0.74552334296398936608 0.00000000103139385975 0.00000000099999999996 0.19608149767667817920 0.00000000099999999996 
0.00000000099999999997 0.07996104512185385482 0.00580381019767560891 0.11819522000411780693 0.00000000099999999997 0.00000000099999999997 0.79603992067635276353 0.00000000099999999997 
0.00000000099999999999 0.10019288162693597288 0.09053460595156681556 0.03364462457274995655 0.00000000099999999999 0.00000000099999999999 0.77562788384874714609 0.00000000099999999999 
0.00000000099999999996 0.08184445490869279860 0.00000000099999999996 0.03021617836964571313 0.00287174544282200583 0.00000000099999999996 0.88506761727883942470 0.00000000099999999996 
0.00000000099999999990 0.00460664882331642770 0.00000000099999999990 0.00000000099999999990 0.00242928747224781683 0.00000000099999999990 0.99296405870443560371 0.00000000099999999990 
0.02369634395057937382 0.07369352589356739647 0.00000000099999999996 0.00000000099999999996 0.00404477237104084071 0.00000000099999999996 0.89856535378481239285 0.00000000099999999996 
0.00000000099999999944 0.00000017539509923772 0.00000000099999999944 0.00000000099999999944 0.00000000099999999944 0.00000000099999999944 0.99999981860490072538 0.00000000099999999944 
0.00000000099999999947 0.00000000099999999947 0.00000000099999999947 0.00000000099999999947 0.00000000099999999947 0.00000000099999999947 0.99999999299999986491 0.00000000099999999947 
0.02248395903813018085 0.00033961715191930180 0.00000000099999999989 0.00000000099999999989 0.17948107237305624406 0.00000000099999999989 0.79769534743689429757 0.00000000099999999989 
0.00000000099999999974 0.00950552883171442917 0.00000000099999999974 0.00000000099999999974 0.00092253312168765627 0.00000000099999999974 0.98957193304659785138 0.00000000099999999974 
0.00000000099999999968 0.00000000099999999968 0.00000000099999999968 0.00000000099999999968 0.00000000099999999968 0.00000000099999999968 0.99999999299999986491 0.00000000099999999968 
0.00000000099999999896 0.00000000099999999896 0.00000000099999999896 0.00000000099999999896 0.00000000099999999896 0.00000000099999999896 0.99999999299999986491 0.00000000099999999896 
0.00000000099999999924 0.00582304590474300859 0.00000000099999999924 0.00000000099999999924 0.00000000099999999924 0.00000000099999999924 0.99417694809525691824 0.00000000099999999924 
0.00000000099999999925 0.00456879359322075705 0.00000000099999999925 0.00000000099999999925 0.00000000099999999925 0.00000000099999999925 0.99543120040677912641 0.00000000099999999925 
0.00000000099999999926 0.00000000099999999926 0.00000000099999999926 0.00000000099999999926 0.00000000099999999926 0.00000000099999999926 0.99999999299999997593 0.00000000099999999926 
0.00000000099999999912 0.00000003908053226014 0.00000000099999999912 0.00000000099999999912 0.00000000099999999912 0.00000000099999999912 0.99999995491946758186 0.00000000099999999912 
0.00000000099999999947 0.01357861881157093088 0.00000000099999999947 0.00770012219091891457 0.00000000099999999947 0.00000000099999999947 0.97872125399751008779 0.00000000099999999947 
0.00000000099999999971 0.00000000099999999971 0.00000000099999999971 0.00004502658893255317 0.00000000099999999971 0.00000000099999999971 0.99995496741106748573 0.00000000099999999971 
0.00000000099999999936 0.00000000099999999936 0.00000000099999999936 0.00000000099999999936 0.00000000099999999936 0.00000000099999999936 0.99999999299999986491 0.00000000099999999936 
0.00539869898503014551 0.00000000099999999996 0.00000000099999999996 0.00000000099999999996 0.00139149398570284372 0.00000000099999999996 0.99320980202926700819 0.00000000099999999996 
0.00000000099999999974 0.05063430136030983714 0.00000000099999999974 0.00000000099999999974 0.00000000099999999974 0.00000000099999999974 0.94936569263969017296 0.00000000099999999974 
0.00000000099999999950 0.01302159694140716042 0.00000000099999999950 0.00000000099999999950 0.00000000099999999950 0.00000000099999999950 0.98697839705859291559 0.00000000099999999950 
0.00000000099999999981 0.00968598489263327797 0.00000000099999999981 0.00000000099999999981 0.00000000099999999981 0.00069012722799066217 0.98962388287937608222 0.00000000099999999981 
0.00000000099999999923 0.00000000099999999923 0.00000000099999999923 0.00000000099999999923 0.00000000099999999923 0.00000000099999999923 0.99999999299999986491 0.00000000099999999923 
