0.00000000099999999941 0.00000000099999999941 0.99999999699999997382 0.00000000099999999941 
0.00000000099999999944 0.00000000099999999944 0.99999999699999986280 0.00000000099999999944 
0.00000000099999999942 0.00000000099999999942 0.99999999699999986280 0.00000000099999999942 
0.00000000099999999944 0.00000000099999999944 0.99999999699999986280 0.00000000099999999944 
0.00000000099999999945 0.00000000099999999945 0.99999999699999997382 0.00000000099999999945 
0.00000000099999999945 0.00000000099999999945 0.99999999699999997382 0.00000000099999999945 
0.00000000099999999942 0.00000000099999999942 0.99999999699999986280 0.00000000099999999942 
0.00000000099999999947 0.00000000099999999947 0.99999999699999986280 0.00000000099999999947 
0.00000000099999999943 0.00000000099999999943 0.99999999699999997382 0.00000000099999999943 
0.00000000099999999946 0.00000000099999999946 0.99999999699999986280 0.00000000099999999946 
0.00000000099999999945 0.00000000099999999945 0.99999999699999986280 0.00000000099999999945 
0.00000000099999999954 0.00000000099999999954 0.99999999699999997382 0.00000000099999999954 
0.00000000099999999944 0.00000000099999999944 0.99999999699999986280 0.00000000099999999944 
0.00000000099999999942 0.00000000099999999942 0.99999999699999986280 0.00000000099999999942 
0.00000000099999999944 0.00000000099999999944 0.99999999699999986280 0.00000000099999999944 
0.00000000099999999944 0.00000000099999999944 0.99999999699999997382 0.00000000099999999944 
0.00000000099999999944 0.00000000099999999944 0.99999999699999997382 0.00000000099999999944 
0.00000000099999999948 0.00000000099999999948 0.99999999699999997382 0.00000000099999999948 
0.00000000099999999949 0.00000000099999999949 0.99999999699999997382 0.00000000099999999949 
0.00000000099999999947 0.00000000099999999947 0.99999999699999997382 0.00000000099999999947 
0.00000000099999999945 0.00000000099999999945 0.99999999699999997382 0.00000000099999999945 
0.00000000099999999946 0.00000000099999999946 0.99999999699999997382 0.00000000099999999946 
0.00000000099999999945 0.00000000099999999945 0.99999999699999997382 0.00000000099999999945 
0.00000000099999999946 0.00000000099999999946 0.99999999699999997382 0.00000000099999999946 
0.00000000099999999960 0.00000000099999999960 0.99999999699999997382 0.00000000099999999960 
0.00000000099999999945 0.00000000099999999945 0.99999999699999986280 0.00000000099999999945 
0.00000000099999999947 0.00000000099999999947 0.99999999699999986280 0.00000000099999999947 
0.00000000099999999947 0.00000000099999999947 0.99999999699999997382 0.00000000099999999947 
0.00000000099999999949 0.00000000099999999949 0.99999999699999986280 0.00000000099999999949 
0.00000000099999999947 0.00000000099999999947 0.99999999699999997382 0.00000000099999999947 
0.00000000099999999954 0.00000000099999999954 0.99999999699999986280 0.00000000099999999954 
0.00000000099999999963 0.00000000099999999963 0.99999999699999986280 0.00000000099999999963 
0.00000000099999999953 0.00000000099999999953 0.99999999699999997382 0.00000000099999999953 
0.00000000099999999960 0.00000000099999999960 0.99999999699999997382 0.00000000099999999960 
0.00000000099999999951 0.00000000099999999951 0.99999999699999997382 0.00000000099999999951 
0.00000000099999999957 0.00000000099999999957 0.99999999699999986280 0.00000000099999999957 
0.00000000099999999953 0.00000000099999999953 0.99999999699999997382 0.00000000099999999953 
0.00000000099999999954 0.00000000099999999954 0.99999999699999986280 0.00000000099999999954 
0.00000000099999999955 0.00000000099999999955 0.99999999699999986280 0.00000000099999999955 
0.00000000099999999967 0.00000000099999999967 0.99999999699999997382 0.00000000099999999967 
0.00000000099999999952 0.00000000099999999952 0.99999999699999986280 0.00000000099999999952 
0.00000000099999999960 0.00000000099999999960 0.99999999699999997382 0.00000000099999999960 
0.00000000099999999955 0.00000000099999999955 0.99999999699999997382 0.00000000099999999955 
0.00000000099999999954 0.00000000099999999954 0.99999999699999997382 0.00000000099999999954 
0.00000000099999999959 0.00000000099999999959 0.99999999699999986280 0.00000000099999999959 
0.00000000099999999955 0.00000000099999999955 0.99999999699999986280 0.00000000099999999955 
0.00000000099999999956 0.00000000099999999956 0.99999999699999997382 0.00000000099999999956 
0.00000000099999999966 0.00000000099999999966 0.99999999699999986280 0.00000000099999999966 
0.00000000099999999968 0.00000000099999999968 0.99999999699999986280 0.00000000099999999968 
0.00000000099999999972 0.00000000099999999972 0.99999999699999986280 0.00000000099999999972 
0.00000000099999999984 0.00000000099999999984 0.99999999699999986280 0.00000000099999999984 
0.59862653095762019539 0.00000000099999999986 0.00000000099999999986 0.40137346704237969464 
0.55699427548665847443 0.00000000099999999972 0.00000000099999999972 0.44300572251334147111 
0.51185759933458507831 0.00000000099999999987 0.00000000099999999987 0.48814239866541497825 
0.60735467862924485960 0.00000000099999999963 0.00000000099999999963 0.39264531937075514145 
0.60415402507382509611 0.00000000099999999968 0.00000000099999999968 0.39584597292617484943 
0.59820269652084245848 0.00000000099999999963 0.00000000099999999963 0.40179730147915759808 
0.60371440361037054245 0.00000000099999999979 0.00000000099999999979 0.39628559438962951411 
0.62621430573594094593 0.00000000099999999968 0.00000000099999999968 0.37378569226405899961 
0.59549771160029618677 0.00000000099999999975 0.00000000099999999975 0.40450228639970392530 
0.59627793836329612276 0.00445572447868702957 0.00000000099999999999 0.39926633615801682131 
0.57472401862124478100 0.00000000099999999970 0.00000000099999999970 0.42527597937875538658 
0.57887213207462973052 0.00000000099999999971 0.00000000099999999971 0.42112786592537032604 
0.56824293377569867758 0.00450019282077206411 0.00000000099999999997 0.42725687240352933083 
0.57010399969403391385 0.00000000099999999974 0.00000000099999999974 0.42989599830596603169 
0.62113274715548116856 0.00000000099999999990 0.00000000099999999990 0.37886725084451883250 
0.60822172822476461285 0.00000000099999999964 0.00000000099999999964 0.39177826977523538821 
0.51138107216738615257 0.00000000099999999982 0.00000000099999999982 0.48861892583261384848 
0.51911286430716530038 0.00000000099999999990 0.00000000099999999990 0.48088713369283486720 
0.56815529820097887548 0.00000000099999999971 0.00000000099999999971 0.43184469979902107006 
0.58121319824154238365 0.00000000099999999969 0.00000000099999999969 0.41878679975845772843 
0.58905007813840970510 0.00000000099999999974 0.00000000099999999974 0.41094991986159029596 
0.59285124908535047350 0.00000000099999999962 0.00000000099999999962 0.40714874891464969409 
0.55670749252082096792 0.00000000099999999975 0.00000000099999999975 0.44329250547917914416 
0.53521302083502453328 0.00000000099999999974 0.00000000099999999974 0.46478697716497535675 
0.50772578996690709285 0.00000000099999999984 0.00000000099999999984 0.49227420803309313024 
0.59526133382613444223 0.00000000099999999969 0.00000000099999999969 0.40473866417386544780 
0.53378857979476124207 0.00000000099999999974 0.00000000099999999974 0.46621141820523887001 
0.54151156961527935341 0.00453341113837497055 0.00049408692452252378 0.45346093232182310695 
0.59774332390335582765 0.00007441992904507825 0.00000000100000000000 0.40218225516759914528 
0.54998550958817027379 0.00000000099999999978 0.00000000099999999978 0.45001448841182978278 
0.61658515491581489254 0.00000000099999999970 0.00000000099999999970 0.38341484308418499749 
0.56919359837751470899 0.00109540982247298435 0.00262193587911501097 0.42708905592089735359 
0.45982330215374772608 0.00000000099999999987 0.00000000099999999987 0.54017669584625216395 
0.53866651233159079659 0.00000000099999999985 0.00000000099999999985 0.46133348566840925997 
0.52724915736056765514 0.00000000099999999979 0.00000000099999999979 0.47275084063943240142 
0.57740257712696763104 0.00000000099999999985 0.00000000099999999985 0.42259742087303248104 
0.51551985436763425596 0.00000000099999999979 0.00000000099999999979 0.48448014363236580060 
0.51700474756270431431 0.00000000099999999981 0.00000000099999999981 0.48299525043729568674 
0.48011240641966812515 0.00000000099999999981 0.00000000099999999981 0.51988759158033182040 
0.57741552230341719465 0.00099707330269000827 0.00000000099999999998 0.42158740339389288998 
0.57591800893578093401 0.00000000099999999987 0.00000000099999999987 0.42408198906421912255 
0.56440746934514385291 0.00000000099999999994 0.00000000099999999994 0.43559252865485620365 
0.58808991945718869232 0.00000000099999999981 0.00000000099999999981 0.41191007854281130873 
0.52401981680172127209 0.00000000099999999971 0.00000000099999999971 0.47598018119827872896 
0.54422020897240752646 0.00000000099999999972 0.00000000099999999972 0.45577978902759241908 
0.52841073425729800928 0.00000000099999999972 0.00000000099999999972 0.47158926374270210280 
0.54693574398427724503 0.00000000099999999973 0.00000000099999999973 0.45306425401572281153 
0.50336014233522063943 0.00000000099999999992 0.00000000099999999992 0.49663985566477930611 
0.55148206243883934885 0.00000000099999999973 0.00000000099999999973 0.44851793556116070771 
0.50211003137999199453 0.00000000099999999982 0.00000000099999999982 0.49788996662000806204 
0.56554658293584081363 0.00000000099999999974 0.00000000099999999974 0.43445341506415924293 
0.51064045423926918144 0.00000000099999999977 0.00000000099999999977 0.48935954376073081962 
0.53764741867234755457 0.00000000099999999983 0.00000000099999999983 0.46235257932765255751 
0.58008127819375399081 0.00000000099999999986 0.00000000099999999986 0.41991871980624606575 
0.55620300915752041160 0.00000000099999999978 0.00000000099999999978 0.44379698884247970048 
0.57372718278033496553 0.00000000099999999979 0.00000000099999999979 0.42627281521966509104 
0.56332006109195720267 0.00000000099999999986 0.00000000099999999986 0.43667993690804302043 
0.54437362974881375877 0.00000000099999999988 0.00022732907175139689 0.45539904017943494408 
0.55884064105396991096 0.00000000099999999974 0.00000000099999999974 0.44115935694603009010 
0.57258256582035294002 0.00000000099999999985 0.00000000099999999985 0.42741743217964706103 
0.52960241506236993558 0.00000000099999999972 0.00000000099999999972 0.47039758293763006547 
0.50887667492908894573 0.00000000099999999994 0.00000000099999999994 0.49112332307091111083 
0.53430866114537878264 0.00000000099999999990 0.00147777821215681828 0.46421355964246446835 
0.52063002238506816965 0.00000000099999999997 0.00000002254749743422 0.47936995406743432291 
0.57020581018604599155 0.00000000099999999983 0.00000000099999999983 0.42979418781395412053 
0.50010935850071935871 0.00000000099999999992 0.00000000099999999992 0.49989063949928064234 
0.60427149482105191325 0.00440290740478053045 0.00432720355225901711 0.38699839422190868143 
0.55545924464992235681 0.00360071064406474513 0.00156578936707292798 0.43937425533894008955 
0.54948452361830013579 0.00276698206028573156 0.00060522431275355029 0.44714327000866049833 
0.53535333114437444468 0.00095000119650979445 0.00060031025677904481 0.46309635740233673351 
0.52502231092644524590 0.00126833562313747174 0.00325085902219423434 0.47045849442822318398 
0.56556469128121500400 0.00173921978967107199 0.00283919879632347745 0.42985689013279060333 
0.99040272444974242205 0.00000000099999999976 0.00000000099999999976 0.00959727355025748533 
0.99999999699999997382 0.00000000099999999979 0.00000000099999999979 0.00000000099999999979 
0.99312927439332443491 0.00000000099999999983 0.00000000099999999983 0.00687072360667549242 
0.99999999699999997382 0.00000000099999999995 0.00000000099999999995 0.00000000099999999995 
0.99999999700000008485 0.00000000099999999973 0.00000000099999999973 0.00000000099999999973 
0.99999999699999997382 0.00000000099999999979 0.00000000099999999979 0.00000000099999999979 
0.99838833352454225967 0.00000000099999999985 0.00000000099999999985 0.00161166447545785219 
0.99399654479464139012 0.00000000099999999980 0.00000000099999999980 0.00600345320535877053 
0.99835765148362998200 0.00000000099999999977 0.00000000099999999977 0.00164234651637008345 
0.99983915586732852177 0.00000000099999999993 0.00016084213267153339 0.00000000099999999993 
0.99999999699999997382 0.00000000099999999977 0.00000000099999999977 0.00000000099999999977 
0.99623414486452266381 0.00000000099999999975 0.00000000099999999975 0.00376585313547735589 
0.99999999700000008485 0.00000000099999999976 0.00000000099999999976 0.00000000099999999976 
0.99999999700000008485 0.00000000099999999978 0.00000000099999999978 0.00000000099999999978 
0.99961265353994444016 0.00000000099999999985 0.00038734446005565429 0.00000000099999999985 
0.96927888947244356110 0.00000000099999999981 0.00000000099999999981 0.03072110852755659260 
0.99779910019484208128 0.00000000099999999985 0.00000000099999999985 0.00220089780515793799 
0.99999999699999997382 0.00000000099999999967 0.00000000099999999967 0.00000000099999999967 
0.98632828833250163481 0.00174561876803144660 0.00024953727887818290 0.01167655562058859085 
0.94638969101221781521 0.00136565814500968011 0.00000000099999999998 0.05224464984277259194 
0.99999999700000008485 0.00000000099999999991 0.00000000099999999991 0.00000000099999999991 
0.94083269284076920247 0.00419201358727985893 0.00241805670164427266 0.05255723687030666724 
0.92728702755908554156 0.00171683656943134194 0.00000000099999999996 0.07099613487148320745 
0.93305892820219782369 0.00305577270634708369 0.00000000099999999998 0.06388529809145498950 
0.98790558166228170656 0.00097800798537739202 0.00018577414430075525 0.01093063620804015507 
0.93567669585035995183 0.00243608194551869859 0.00000000100000000000 0.06188722120412148281 
0.95917883584545315934 0.00171619830997071440 0.00017937444964426580 0.03892559139493186743 
0.96893385304627399623 0.00084040224747112678 0.00000000100000000000 0.03022574370625491502 
0.97569927755486196563 0.00031989934879022501 0.00070074978561640859 0.02328007331073148403 
0.94100197219509251756 0.00000000099999999991 0.00000000099999999991 0.05899802580490745574 
0.95948933307067707510 0.00102060473050725065 0.00044977144209150833 0.03904029075672419552 
0.95509876711575469876 0.00293982869401151732 0.00077492746126312114 0.04118647672897061268 
0.93679886313685578614 0.00555767400129832025 0.00000000100000000000 0.05764346186184589327 
0.98025734728120905714 0.00000000099999999997 0.00000000099999999997 0.01974265071879107922 
0.93984129131541405133 0.00000000099999999988 0.00000000099999999988 0.06015870668458595666 
0.92122228013719587025 0.00000000099999999981 0.00000000099999999981 0.07877771786280417243 
0.95906541529936606416 0.00003965826297114873 0.00000000099999999998 0.04089492543766275190 
0.90434245211918196095 0.00421120142271043385 0.00345081753944733458 0.08799552891866020687 
0.87445558496272079996 0.00247762471515384185 0.00092738952265214317 0.12213940079947319117 
0.81545087560968043672 0.00968565159497726882 0.00915216147726071773 0.16571131131808153336 
0.93496632951411640100 0.00000000099999999986 0.00593285941889806941 0.05910081006698554573 
0.87743403039455281078 0.01117756225648446067 0.00000000100000000000 0.11138840634896277071 
0.74012253254558979521 0.00000000099999999999 0.00000000099999999999 0.25987746545441015034 
0.99423520944510146435 0.00000000099999999995 0.00064738245362501131 0.00511740710127359805 
0.98324541489684491591 0.00000000100000000000 0.01099399256571754850 0.00576059153743752831 
0.95125388894364126813 0.00000000099999999993 0.01566128211299767231 0.03308482794336117805 
0.97870919734709316273 0.00000000099999999997 0.00170989771706746806 0.01958090393583942004 
0.97515302280867344198 0.00000000099999999988 0.00808713906765885435 0.01675983712366764869 
0.97594905412437127357 0.00000000099999999997 0.00213662257611257683 0.02191432229951604735 
0.96152046834852167301 0.00000000099999999971 0.00000000099999999971 0.03847952965147843213 
0.99483779860767662662 0.00000000099999999983 0.00000000099999999983 0.00516219939232346898 
0.75073881560066180185 0.00109214749905659392 0.00000000099999999998 0.24816903590028155380 
0.77777336116759843154 0.00000000099999999990 0.00135303112365301381 0.22087360670874861546 
0.58810354484616456094 0.28581116756905466936 0.00386637368382141289 0.12221891390095933339 
0.71618082447213571307 0.00253779124725577029 0.00451775126467808628 0.27676363301593048805 
0.74567623930105852992 0.00266466767168178995 0.00242927271883609276 0.24922982030842363854 
0.57670439644291182635 0.31011002575957186123 0.00000993913652251258 0.11317563866099394909 
0.58216990733808704483 0.24274627228972625592 0.00000000100000000000 0.17508381937218661650 
0.62940849720002878254 0.24376871309490139028 0.00519510006727666104 0.12162768963779324594 
0.61660800642051249998 0.22866884229168218945 0.00774282297327523548 0.14698032831453011759 
0.60091723211972392082 0.22295558327788225772 0.00439184730884492006 0.17173533729354883981 
0.75922279533188108402 0.00000000099999999989 0.00000000099999999989 0.24077720266811900030 
0.58671327550137120088 0.27216682844948220099 0.00909669759162958294 0.13202319845751708804 
0.75420514513061387429 0.00526669089130200278 0.00681076540567999121 0.23371739857240403371 
0.54700068919790301170 0.29759383141991757604 0.00509563332657123839 0.15030984605560823719 
0.74077841092078278162 0.00000000099999999987 0.00258307085009383628 0.25663851722912334186 
0.73086131407726828701 0.00000000099999999986 0.00000000099999999986 0.26913868392273160302 
0.54571137814530212840 0.28764645661647925134 0.01355888749227878061 0.15308327774593988302 
0.77448600088851904388 0.00000000099999999991 0.00046546337947221965 0.22504853473200894798 
0.73863367054915518572 0.00214637899741819491 0.00000000099999999999 0.25921994945342669014 
0.87464208090777284532 0.00319329723129540806 0.00000000100000000000 0.12216462086093179962 
0.90166039455314939133 0.04748575605519974457 0.00000000100000000000 0.05085384839165089238 
0.93460326789540315584 0.00102743698773918174 0.00000000099999999999 0.06436929411685766989 
0.99266691971077836154 0.00091126496075415360 0.00000000100000000000 0.00642181432846747509 
0.91861202211873427270 0.02561337667049072564 0.00000000100000000000 0.05577460021077493280 
0.99999999699999997382 0.00000000099999999978 0.00000000099999999978 0.00000000099999999978 
0.99999999699999997382 0.00000000099999999979 0.00000000099999999979 0.00000000099999999979 
0.86054264638474486926 0.13240619873595796396 0.00705115387929714389 0.00000000100000000000 
0.99999999699999997382 0.00000000099999999994 0.00000000099999999994 0.00000000099999999994 
0.99999999699999997382 0.00000000099999999989 0.00000000099999999989 0.00000000099999999989 
0.99999999700000008485 0.00000000099999999955 0.00000000099999999955 0.00000000099999999955 
0.99949833937450638377 0.00000000099999999970 0.00000000099999999970 0.00050165862549366857 
0.99881679102623310840 0.00000000099999999970 0.00000000099999999970 0.00118320697376702948 
0.99999999699999997382 0.00000000099999999970 0.00000000099999999970 0.00000000099999999970 
0.99999999699999997382 0.00000000099999999962 0.00000000099999999962 0.00000000099999999962 
0.99181595347440243415 0.00000000099999999979 0.00000000099999999979 0.00818404452559769006 
0.99696415728005272072 0.00000000099999999990 0.00000000099999999990 0.00303584071994729031 
0.99999999700000008485 0.00000000099999999968 0.00000000099999999968 0.00000000099999999968 
0.99371167606127863703 0.00628832193872132326 0.00000000099999999999 0.00000000099999999999 
0.96643308797900095986 0.00000000099999999992 0.00031674688625129297 0.03325016413474776722 
0.99396320350896893991 0.00000000099999999983 0.00000000099999999983 0.00603679449103113920 
0.99360515648494607266 0.00000000099999999991 0.00000000099999999991 0.00639484151505407411 
0.99999999699999997382 0.00000000099999999968 0.00000000099999999968 0.00000000099999999968 
0.99999999699999997382 0.00000000099999999982 0.00000000099999999982 0.00000000099999999982 
0.99294047420765529921 0.00000000099999999997 0.00017993949692559838 0.00687958529541906564 
0.95551903471381394173 0.00456838905844442460 0.00000000099999999999 0.03991257522774162986 
0.99029407307108563430 0.00000000099999999982 0.00000000099999999982 0.00970592492891445523 
0.99353073214797349433 0.00000000099999999979 0.00000000099999999979 0.00646926585202654576 
0.99999999700000008485 0.00000000099999999966 0.00000000099999999966 0.00000000099999999966 
0.99550371820527894240 0.00000000099999999977 0.00000000099999999977 0.00449627979472100835 
0.97626709105955922219 0.00000000099999999982 0.00000000099999999982 0.02373290694044078580 
0.99281371552917341283 0.00000000099999999986 0.00000000099999999986 0.00718628247082650929 
0.92157180313340114619 0.00000000099999999997 0.00202166605504784831 0.07640652981155109102 
0.98689783547325260482 0.00000000099999999998 0.00154434562901444440 0.01155781789773291379 
0.99999999699999997382 0.00000000099999999992 0.00000000099999999992 0.00000000099999999992 
0.94637018318628307600 0.00055598862008674279 0.00000000099999999997 0.05307382719363031714 
0.99832645073689918469 0.00000000099999999986 0.00167354726310079750 0.00000000099999999986 
0.99371455434337685464 0.00315205919831595830 0.00313338545830726869 0.00000000100000000000 
0.99801903202056418962 0.00198096597943591291 0.00000000099999999998 0.00000000099999999998 
0.97455732121322780070 0.00597575758876012914 0.00800813351313892086 0.01145878768487318747 
0.99387588304081719848 0.00612236112805404631 0.00000000099999999999 0.00000175483112875647 
0.99809499195525108739 0.00190500604474889220 0.00000000099999999998 0.00000000099999999998 
0.98945740610282484351 0.00000000099999999988 0.00000000099999999988 0.01054259189717517663 
0.99532674962170908373 0.00000000099999999989 0.00000000099999999989 0.00467324837829103355 
0.96934244501495447910 0.00000000099999999986 0.00000000099999999986 0.03065755298504569890 
0.99564272207485293720 0.00000000099999999997 0.00435672484848200967 0.00000055207666520678 
0.99999999699999997382 0.00000000099999999980 0.00000000099999999980 0.00000000099999999980 
0.99186996686560402470 0.00092513215367742685 0.00312001139810467792 0.00408488958261387161 
0.85937219893983463059 0.00000000099999999998 0.00297635141947168690 0.13765144864069375763 
0.92958862048799939526 0.00000000099999999987 0.00000000099999999987 0.07041137751200080008 
0.99976943948385110783 0.00007388144818218824 0.00000000658825749649 0.00015667247970921038 
0.99999999700000008485 0.00000000099999999996 0.00000000099999999996 0.00000000099999999996 
0.99739083621288326942 0.00000000099999999999 0.00260916178711677067 0.00000000099999999999 
0.99404360955758430674 0.00155503332056567464 0.00440135612184996711 0.00000000100000000000 
0.98084568357170853758 0.00000000099999999991 0.00000000099999999991 0.01915431442829153633 
0.99961436869712250175 0.00000000099999999990 0.00000000099999999990 0.00038562930287759759 
0.95739124961551591575 0.00000000099999999985 0.00000000099999999985 0.04260874838448417551 
0.99799158553448386044 0.00000000099999999995 0.00200841246551609551 0.00000000099999999995 
0.99999999700000008485 0.00000000099999999984 0.00000000099999999984 0.00000000099999999984 
0.99999999699999997382 0.00000000099999999978 0.00000000099999999978 0.00000000099999999978 
0.99245520160218803074 0.00754479639781193128 0.00000000099999999999 0.00000000099999999999 
0.99999999700000008485 0.00000000099999999978 0.00000000099999999978 0.00000000099999999978 
0.98796642228162989685 0.00000000099999999999 0.00000000099999999999 0.01203357571837017012 
0.99999999700000008485 0.00000000099999999980 0.00000000099999999980 0.00000000099999999980 
0.99999999700000008485 0.00000000099999999995 0.00000000099999999995 0.00000000099999999995 
0.99444157953824385832 0.00053510585050705695 0.00000000099999999997 0.00502331361124897305 
0.97461170612322567397 0.00292095097689863085 0.00473640254711051815 0.01773094035276518918 
0.99871902353328401158 0.00128097446671598643 0.00000000099999999997 0.00000000099999999997 
0.99999999699999997382 0.00000000099999999994 0.00000000099999999994 0.00000000099999999994 
0.99307453803817613558 0.00087793688022332495 0.00000000099999999996 0.00604752408160066490 
0.98377952668501678080 0.00028588432520626895 0.00000000099999999998 0.01593458798977702776 
0.99091368490311437789 0.00000000099999999996 0.00000000099999999996 0.00908631309688561276 
0.99867908781690795106 0.00000000099999999997 0.00132091018309204501 0.00000000099999999997 
0.99055628545374529992 0.00839071966713108262 0.00000000099999999999 0.00105299387912360064 
0.99591823051042605019 0.00291595316449547734 0.00116581532507841726 0.00000000100000000000 
0.98966262544656358191 0.00052049965747944665 0.00413967281176469415 0.00567720208419229561 
0.89686629018704666638 0.01140900268764803195 0.00579020309702493741 0.08593450402828048396 
0.98649080434031943820 0.00280599384710196898 0.00025333055896070814 0.01044987125361778596 
0.96748594947643895559 0.00242500720742642442 0.00000000100000000000 0.03008904231613460795 
0.99999999700000008485 0.00000000099999999992 0.00000000099999999992 0.00000000099999999992 
0.99999999699999997382 0.00000000099999999979 0.00000000099999999979 0.00000000099999999979 
0.99909240467961268894 0.00000000099999999990 0.00090759332038733368 0.00000000099999999990 
0.99404985808484591647 0.00000000099999999997 0.00000000099999999997 0.00595013991515407157 
0.98981436444748960302 0.00000000099999999993 0.00000000099999999993 0.01018563355251038589 
0.99907074608530199722 0.00092925191469805642 0.00000000099999999999 0.00000000099999999999 
0.99535388372420119385 0.00464611427579873695 0.00000000099999999999 0.00000000099999999999 
0.99999999699999997382 0.00000000099999999998 0.00000000099999999998 0.00000000099999999998 
0.99348148776385336589 0.00535241820448304449 0.00116609303166353225 0.00000000100000000000 
0.99059231273649717142 0.00189834924562870240 0.00130667210753306973 0.00620266591034102869 
0.99229581133831623596 0.00562552232777266490 0.00207772998625368674 0.00000093634765743537 
0.98558755758465810271 0.00547104250489903205 0.00894139891044268796 0.00000000100000000000 
0.97612692900389552708 0.01220711967847188002 0.00000000100000000000 0.01166595031763276516 
0.99906385565676569804 0.00000000099999999998 0.00000000099999999998 0.00093614234323425563 
0.99999999699999997382 0.00000000099999999987 0.00000000099999999987 0.00000000099999999987 
0.99999736442022235661 0.00000000099999999992 0.00000263357977763340 0.00000000099999999992 
0.99483534926807681842 0.00000000099999999996 0.00380529639118657153 0.00135935334073668192 
0.99509866120083767527 0.00000000099999999992 0.00000000099999999992 0.00490133679916237262 
0.96543357589334943825 0.00000000099999999995 0.00196877034738579450 0.03259765275926490569 
0.98738112920549103713 0.00000000099999999993 0.00000000099999999993 0.01261886879450914434 
0.99999999700000008485 0.00000000099999999990 0.00000000099999999990 0.00000000099999999990 
0.99740376952259091059 0.00000000099999999966 0.00000000099999999966 0.00259622847740911215 
0.99999999699999997382 0.00000000099999999996 0.00000000099999999996 0.00000000099999999996 
0.99998770424716643124 0.00000000099999999998 0.00000000099999999998 0.00001229375283367160 
0.95923372667064366048 0.00000000099999999996 0.00000000099999999996 0.04076627132935652792 
0.97391436378087226089 0.00000000099999999995 0.00219573346728800002 0.02388990175183983850 
0.99404321960960528859 0.00000000099999999995 0.00000000099999999995 0.00595677839039482088 
0.97676725554489618464 0.00060575552788831556 0.00000000099999999999 0.02262698792721559715 
0.99999999700000008485 0.00000000099999999992 0.00000000099999999992 0.00000000099999999992 
0.97959939809008933498 0.00593758019558474071 0.00106380936481120488 0.01339921234951467824 
0.97908526753443092527 0.00728051648423769671 0.00000000099999999999 0.01363421498133151125 
0.99903502188983206445 0.00096497611016790582 0.00000000099999999999 0.00000000099999999999 
0.99798958453562136572 0.00201041346437870992 0.00000000099999999999 0.00000000099999999999 
0.99999999700000008485 0.00000000099999999976 0.00000000099999999976 0.00000000099999999976 
0.98348521438273195372 0.00000000099999999992 0.00000000099999999992 0.01651478361726812713 
0.99999999699999997382 0.00000000099999999986 0.00000000099999999986 0.00000000099999999986 
0.99156967546798979729 0.00000000099999999990 0.00000000099999999990 0.00843032253201038070 
0.99999848444497552169 0.00000000099999999986 0.00000000099999999986 0.00000151355502445635 
0.98018866931108583618 0.00000000099999999990 0.00000000099999999990 0.01981132868891433488 
0.99514037330339244480 0.00000000099999999981 0.00000000099999999981 0.00485962469660770370 
0.92375248205865589934 0.00136101822295901071 0.00052513571844285125 0.07436136399994221213 
0.99999999699999997382 0.00000000099999999986 0.00000000099999999986 0.00000000099999999986 
0.99999999699999997382 0.00000000099999999988 0.00000000099999999988 0.00000000099999999988 
0.98206115218471634609 0.00000000099999999991 0.00000000099999999991 0.01793884581528377986 
0.99817788461804146660 0.00000000099999999982 0.00000000099999999982 0.00182211338195859473 
0.99999999699999997382 0.00000000099999999984 0.00000000099999999984 0.00000000099999999984 
0.99999999641700665354 0.00000000099999999995 0.00000000099999999995 0.00000000158299329738 
0.99999999699999997382 0.00000000099999999985 0.00000000099999999985 0.00000000099999999985 
0.99511454316847713919 0.00000000099999999986 0.00000000099999999986 0.00488545483152304661 
0.99999999700000008485 0.00000000099999999980 0.00000000099999999980 0.00000000099999999980 
0.99695770979671494150 0.00000000099999999978 0.00000000099999999978 0.00304228820328507387 
0.99999999699999997382 0.00000000099999999983 0.00000000099999999983 0.00000000099999999983 
0.99707170419103019476 0.00203097692717931367 0.00089731788179049068 0.00000000100000000000 
0.99787901282905289158 0.00132950615880919111 0.00079148001213796750 0.00000000100000000000 
0.99707345937408886627 0.00111434247937359349 0.00000000099999999999 0.00181219714653773158 
0.99999999699999997382 0.00000000099999999992 0.00000000099999999992 0.00000000099999999992 
0.99999999700000008485 0.00000000099999999963 0.00000000099999999963 0.00000000099999999963 
0.99999999699999997382 0.00000000099999999966 0.00000000099999999966 0.00000000099999999966 
0.99747421172622940944 0.00000000099999999979 0.00000000099999999979 0.00252578627377055779 
0.99999999700000008485 0.00000000099999999975 0.00000000099999999975 0.00000000099999999975 
0.99771072972153074243 0.00000000099999999969 0.00000000099999999969 0.00228926827846927684 
0.99817785850175744233 0.00000000099999999967 0.00000000099999999967 0.00182213949824267603 
0.99999999700000008485 0.00000000099999999978 0.00000000099999999978 0.00000000099999999978 
0.99999999699999997382 0.00000000099999999963 0.00000000099999999963 0.00000000099999999963 
0.99579876752241980320 0.00000000099999999984 0.00000000099999999984 0.00420123047758032275 
0.99862529146755130149 0.00000000099999999972 0.00000000099999999972 0.00137470653244865901 
0.99999999700000008485 0.00000000099999999969 0.00000000099999999969 0.00000000099999999969 
0.98978730975067408249 0.00000000099999999990 0.00000000099999999990 0.01021268824932590469 
0.99999999699999997382 0.00000000099999999983 0.00000000099999999983 0.00000000099999999983 
0.99999999699999997382 0.00000000099999999985 0.00000000099999999985 0.00000000099999999985 
0.99999999700000008485 0.00000000099999999981 0.00000000099999999981 0.00000000099999999981 
0.99760293625502427517 0.00000000099999999977 0.00000000099999999977 0.00239706174497582563 
0.99999999699999997382 0.00000000099999999972 0.00000000099999999972 0.00000000099999999972 
0.99718162590406256296 0.00000000099999999971 0.00000000099999999971 0.00281837209593750965 
0.99999999699999997382 0.00000000099999999981 0.00000000099999999981 0.00000000099999999981 
0.99247084935403973027 0.00000000099999999985 0.00000000099999999985 0.00752914864596022221 
0.99245395191833873927 0.00000000099999999975 0.00000000099999999975 0.00754604608166145260 
0.98747899965828944691 0.00390560790986144201 0.00000000099999999999 0.00861539143184914327 
0.97417121869804956802 0.00633023927470359373 0.00000000099999999999 0.01949854102724685526 
0.99999727156351536639 0.00000000099999999992 0.00000272643648457830 0.00000000099999999992 
0.97812297458686370266 0.00272960297588388740 0.00000000099999999999 0.01914742143725258958 
0.99058198940098241003 0.00421314718364968095 0.00081351235117922303 0.00439135106418866474 
0.99495024130625597802 0.00504975669374389206 0.00000000099999999999 0.00000000099999999999 
0.99864302732709286925 0.00135697067290716151 0.00000000099999999998 0.00000000099999999998 
0.99999999699999997382 0.00000000099999999997 0.00000000099999999997 0.00000000099999999997 
0.99707285628908248754 0.00292714171091738385 0.00000000099999999998 0.00000000099999999998 
0.99307964120526270868 0.00258520380658875835 0.00000000099999999999 0.00433515398814869266 
0.99979973984313597057 0.00000000099999999987 0.00000000099999999987 0.00020025815686416736 
0.97713129010470090030 0.00606890780943060166 0.00056391897797238564 0.01623588310789612216 
0.99211965874316365710 0.00278224448779778710 0.00035836441173785265 0.00473973235730049819 
0.33269337429119494320 0.00000000100000000000 0.00000000100000000000 0.66730662370880489132 
0.38058501419850038205 0.00000000100000000000 0.00867174839828016401 0.61074323640321948048 
0.61728628555636633202 0.00346768578830946748 0.00513523827888188403 0.37411079037644229262 
0.98926035945393175908 0.00000000099999999985 0.00000000099999999985 0.01073963854606828708 
0.99785669687956102258 0.00000000099999999986 0.00000000099999999986 0.00214330112043890041 
0.99999999699999997382 0.00000000099999999976 0.00000000099999999976 0.00000000099999999976 
0.99999999700000008485 0.00000000099999999976 0.00000000099999999976 0.00000000099999999976 
0.98955885416832134460 0.00856314917184911560 0.00000000100000000000 0.00187799565982952601 
0.99916882702492848534 0.00000000099999999992 0.00083117097507144785 0.00000000099999999992 
0.98538693919955056000 0.00095187562902434816 0.00000000099999999998 0.01366118417142504239 
0.99999999700000008485 0.00000000099999999978 0.00000000099999999978 0.00000000099999999978 
0.99999999700000008485 0.00000000099999999984 0.00000000099999999984 0.00000000099999999984 
0.99999999700000008485 0.00000000099999999987 0.00000000099999999987 0.00000000099999999987 
0.99999999700000008485 0.00000000099999999983 0.00000000099999999983 0.00000000099999999983 
0.99122339600143938299 0.00000000099999999995 0.00877660199856063195 0.00000000099999999995 
0.99765814857287504758 0.00000000099999999979 0.00234184942712489970 0.00000000099999999979 
0.99247474691707460170 0.00000000099999999990 0.00752525108292543231 0.00000000099999999990 
0.99999999700000008485 0.00000000099999999974 0.00000000099999999974 0.00000000099999999974 
0.99999999700000008485 0.00000000099999999968 0.00000000099999999968 0.00000000099999999968 
0.98845843853372261645 0.00000000099999999982 0.01154155946627744532 0.00000000099999999982 
0.99999999699999997382 0.00000000099999999977 0.00000000099999999977 0.00000000099999999977 
0.99999999700000008485 0.00000000099999999970 0.00000000099999999970 0.00000000099999999970 
0.99938996977180849512 0.00000000099999999981 0.00061002822819156697 0.00000000099999999981 
0.99805429946471591052 0.00000000099999999973 0.00000000099999999973 0.00194569853528421218 
0.99999999699999997382 0.00000000099999999981 0.00000000099999999981 0.00000000099999999981 
0.99723822992298349899 0.00265517538061712860 0.00010659369639926780 0.00000000100000000000 
0.99434862832018799939 0.00000000099999999976 0.00000000099999999976 0.00565136967981206759 
0.99999999699999997382 0.00000000099999999983 0.00000000099999999983 0.00000000099999999983 
0.99310261019839884966 0.00000000099999999969 0.00000000099999999969 0.00689738780160117394 
0.99448889380282134987 0.00258256984238678430 0.00000000099999999999 0.00292853535479186810 
0.99999999699999997382 0.00000000099999999969 0.00000000099999999969 0.00000000099999999969 
0.99717813476754857405 0.00000000099999999968 0.00000000099999999968 0.00282186323245146344 
0.98865913625153323263 0.00000000099999999978 0.00000000099999999978 0.01134086174846691240 
0.99999999700000008485 0.00000000099999999959 0.00000000099999999959 0.00000000099999999959 
0.99671842679752409300 0.00000000099999999965 0.00000000099999999965 0.00328157120247591499 
0.99999999699999997382 0.00000000099999999983 0.00000000099999999983 0.00000000099999999983 
0.98873692972721138883 0.00000000099999999975 0.00000000099999999975 0.01126306827278854977 
0.99999999700000008485 0.00000000099999999973 0.00000000099999999973 0.00000000099999999973 
0.95973602280325498448 0.00000000099999999988 0.00000000099999999988 0.04026397519674518310 
0.99000823026282069872 0.00000000099999999982 0.00000000099999999982 0.00999176773717925203 
0.99918024088767920521 0.00000000099999999994 0.00081975711232082750 0.00000000099999999994 
0.99728115114296267407 0.00000000099999999979 0.00000000099999999979 0.00271884685703744971 
0.98416319467360702244 0.00000000099999999993 0.00066047567835664689 0.01517632864803636697 
0.98802413679165768112 0.00000000099999999985 0.00000000099999999985 0.01197586120834244310 
0.99652209964070792569 0.00000000099999999974 0.00000000099999999974 0.00347789835929222671 
0.99999999700000008485 0.00000000099999999972 0.00000000099999999972 0.00000000099999999972 
0.99326322776878028797 0.00000000099999999977 0.00000000099999999977 0.00673677023121978941 
0.95998387792682182695 0.00000000099999999991 0.00000000099999999991 0.04001612007317825737 
0.99999999699999997382 0.00000000099999999964 0.00000000099999999964 0.00000000099999999964 
0.99835986485277805613 0.00000000099999999986 0.00000000099999999986 0.00164013314722200607 
0.99456633158957197249 0.00390582642714757669 0.00000000099999999999 0.00152784098328041231 
0.99999999700000008485 0.00000000099999999975 0.00000000099999999975 0.00000000099999999975 
0.99999999700000008485 0.00000000099999999979 0.00000000099999999979 0.00000000099999999979 
0.99999999699999997382 0.00000000099999999956 0.00000000099999999956 0.00000000099999999956 
0.99624857051640747230 0.00115837837771376267 0.00148337968599762931 0.00110967141988112770 
0.99885555257588298783 0.00114444542411713335 0.00000000099999999996 0.00000000099999999996 
0.99999999699999997382 0.00000000099999999973 0.00000000099999999973 0.00000000099999999973 
0.99999999700000008485 0.00000000099999999968 0.00000000099999999968 0.00000000099999999968 
0.99999999700000008485 0.00000000099999999988 0.00000000099999999988 0.00000000099999999988 
0.99999999699999997382 0.00000000099999999959 0.00000000099999999959 0.00000000099999999959 
0.99999999700000008485 0.00000000099999999996 0.00000000099999999996 0.00000000099999999996 
0.99999999699999997382 0.00000000099999999993 0.00000000099999999993 0.00000000099999999993 
0.99999999700000008485 0.00000000099999999983 0.00000000099999999983 0.00000000099999999983 
0.99999999699999997382 0.00000000099999999990 0.00000000099999999990 0.00000000099999999990 
0.99874507121078548444 0.00092312125032077545 0.00000000099999999997 0.00033180653889394610 
0.99999999700000008485 0.00000000099999999992 0.00000000099999999992 0.00000000099999999992 
0.99653190054794771324 0.00322059776101572999 0.00024750069103660879 0.00000000100000000000 
0.99124276647022324660 0.00220361772307179097 0.00000000099999999998 0.00655361480670499895 
