0.99999999300000008695 0.00000000099999999846 0.00000000099999999846 0.00000000099999999846 0.00000000099999999846 0.00000000099999999846 0.00000000099999999846 0.00000000099999999846 
0.99999999299999997593 0.00000000099999999855 0.00000000099999999855 0.00000000099999999855 0.00000000099999999855 0.00000000099999999855 0.00000000099999999855 0.00000000099999999855 
0.99999999299999997593 0.00000000099999999850 0.00000000099999999850 0.00000000099999999850 0.00000000099999999850 0.00000000099999999850 0.00000000099999999850 0.00000000099999999850 
0.99999999299999997593 0.00000000099999999853 0.00000000099999999853 0.00000000099999999853 0.00000000099999999853 0.00000000099999999853 0.00000000099999999853 0.00000000099999999853 
0.99999999300000008695 0.00000000099999999859 0.00000000099999999859 0.00000000099999999859 0.00000000099999999859 0.00000000099999999859 0.00000000099999999859 0.00000000099999999859 
0.99999999299999997593 0.00000000099999999857 0.00000000099999999857 0.00000000099999999857 0.00000000099999999857 0.00000000099999999857 0.00000000099999999857 0.00000000099999999857 
0.99999999300000008695 0.00000000099999999849 0.00000000099999999849 0.00000000099999999849 0.00000000099999999849 0.00000000099999999849 0.00000000099999999849 0.00000000099999999849 
0.99999999299999997593 0.00000000099999999862 0.00000000099999999862 0.00000000099999999862 0.00000000099999999862 0.00000000099999999862 0.00000000099999999862 0.00000000099999999862 
0.99999999300000008695 0.00000000099999999853 0.00000000099999999853 0.00000000099999999853 0.00000000099999999853 0.00000000099999999853 0.00000000099999999853 0.00000000099999999853 
0.99999999299999997593 0.00000000099999999861 0.00000000099999999861 0.00000000099999999861 0.00000000099999999861 0.00000000099999999861 0.00000000099999999861 0.00000000099999999861 
0.99999999300000008695 0.00000000099999999857 0.00000000099999999857 0.00000000099999999857 0.00000000099999999857 0.00000000099999999857 0.00000000099999999857 0.00000000099999999857 
0.99999999300000008695 0.00000000099999999883 0.00000000099999999883 0.00000000099999999883 0.00000000099999999883 0.00000000099999999883 0.00000000099999999883 0.00000000099999999883 
0.99999999299999997593 0.00000000099999999856 0.00000000099999999856 0.00000000099999999856 0.00000000099999999856 0.00000000099999999856 0.00000000099999999856 0.00000000099999999856 
0.99999999299999997593 0.00000000099999999852 0.00000000099999999852 0.00000000099999999852 0.00000000099999999852 0.00000000099999999852 0.00000000099999999852 0.00000000099999999852 
0.99999999300000008695 0.00000000099999999855 0.00000000099999999855 0.00000000099999999855 0.00000000099999999855 0.00000000099999999855 0.00000000099999999855 0.00000000099999999855 
0.99999999300000008695 0.00000000099999999854 0.00000000099999999854 0.00000000099999999854 0.00000000099999999854 0.00000000099999999854 0.00000000099999999854 0.00000000099999999854 
0.99999999300000008695 0.00000000099999999854 0.00000000099999999854 0.00000000099999999854 0.00000000099999999854 0.00000000099999999854 0.00000000099999999854 0.00000000099999999854 
0.99999999299999997593 0.00000000099999999865 0.00000000099999999865 0.00000000099999999865 0.00000000099999999865 0.00000000099999999865 0.00000000099999999865 0.00000000099999999865 
0.99999999299999997593 0.00000000099999999866 0.00000000099999999866 0.00000000099999999866 0.00000000099999999866 0.00000000099999999866 0.00000000099999999866 0.00000000099999999866 
0.99999999300000008695 0.00000000099999999865 0.00000000099999999865 0.00000000099999999865 0.00000000099999999865 0.00000000099999999865 0.00000000099999999865 0.00000000099999999865 
0.99999999299999997593 0.00000000099999999859 0.00000000099999999859 0.00000000099999999859 0.00000000099999999859 0.00000000099999999859 0.00000000099999999859 0.00000000099999999859 
0.99999999300000008695 0.00000000099999999862 0.00000000099999999862 0.00000000099999999862 0.00000000099999999862 0.00000000099999999862 0.00000000099999999862 0.00000000099999999862 
0.99999999299999997593 0.00000000099999999859 0.00000000099999999859 0.00000000099999999859 0.00000000099999999859 0.00000000099999999859 0.00000000099999999859 0.00000000099999999859 
0.99999999300000008695 0.00000000099999999860 0.00000000099999999860 0.00000000099999999860 0.00000000099999999860 0.00000000099999999860 0.00000000099999999860 0.00000000099999999860 
0.99999999300000019797 0.00000000099999999900 0.00000000099999999900 0.00000000099999999900 0.00000000099999999900 0.00000000099999999900 0.00000000099999999900 0.00000000099999999900 
0.99999999299999997593 0.00000000099999999858 0.00000000099999999858 0.00000000099999999858 0.00000000099999999858 0.00000000099999999858 0.00000000099999999858 0.00000000099999999858 
0.99999999300000008695 0.00000000099999999863 0.00000000099999999863 0.00000000099999999863 0.00000000099999999863 0.00000000099999999863 0.00000000099999999863 0.00000000099999999863 
0.99999999300000008695 0.00000000099999999865 0.00000000099999999865 0.00000000099999999865 0.00000000099999999865 0.00000000099999999865 0.00000000099999999865 0.00000000099999999865 
0.99999999300000008695 0.00000000099999999867 0.00000000099999999867 0.00000000099999999867 0.00000000099999999867 0.00000000099999999867 0.00000000099999999867 0.00000000099999999867 
0.99999999299999997593 0.00000000099999999862 0.00000000099999999862 0.00000000099999999862 0.00000000099999999862 0.00000000099999999862 0.00000000099999999862 0.00000000099999999862 
0.99999999299999997593 0.00000000099999999883 0.00000000099999999883 0.00000000099999999883 0.00000000099999999883 0.00000000099999999883 0.00000000099999999883 0.00000000099999999883 
0.99999999300000008695 0.00000000099999999904 0.00000000099999999904 0.00000000099999999904 0.00000000099999999904 0.00000000099999999904 0.00000000099999999904 0.00000000099999999904 
0.99999999299999997593 0.00000000099999999877 0.00000000099999999877 0.00000000099999999877 0.00000000099999999877 0.00000000099999999877 0.00000000099999999877 0.00000000099999999877 
0.99999999299999997593 0.00000000099999999895 0.00000000099999999895 0.00000000099999999895 0.00000000099999999895 0.00000000099999999895 0.00000000099999999895 0.00000000099999999895 
0.99999999299999997593 0.00000000099999999877 0.00000000099999999877 0.00000000099999999877 0.00000000099999999877 0.00000000099999999877 0.00000000099999999877 0.00000000099999999877 
0.99999999300000008695 0.00000000099999999889 0.00000000099999999889 0.00000000099999999889 0.00000000099999999889 0.00000000099999999889 0.00000000099999999889 0.00000000099999999889 
0.99999999299999997593 0.00000000099999999880 0.00000000099999999880 0.00000000099999999880 0.00000000099999999880 0.00000000099999999880 0.00000000099999999880 0.00000000099999999880 
0.99999999299999997593 0.00000000099999999882 0.00000000099999999882 0.00000000099999999882 0.00000000099999999882 0.00000000099999999882 0.00000000099999999882 0.00000000099999999882 
0.99999999300000008695 0.00000000099999999885 0.00000000099999999885 0.00000000099999999885 0.00000000099999999885 0.00000000099999999885 0.00000000099999999885 0.00000000099999999885 
0.99999999300000019797 0.00000000099999999911 0.00000000099999999911 0.00000000099999999911 0.00000000099999999911 0.00000000099999999911 0.00000000099999999911 0.00000000099999999911 
0.99999999300000008695 0.00000000099999999878 0.00000000099999999878 0.00000000099999999878 0.00000000099999999878 0.00000000099999999878 0.00000000099999999878 0.00000000099999999878 
0.99999999300000008695 0.00000000099999999895 0.00000000099999999895 0.00000000099999999895 0.00000000099999999895 0.00000000099999999895 0.00000000099999999895 0.00000000099999999895 
0.99999999300000008695 0.00000000099999999883 0.00000000099999999883 0.00000000099999999883 0.00000000099999999883 0.00000000099999999883 0.00000000099999999883 0.00000000099999999883 
0.99999999299999997593 0.00000000099999999880 0.00000000099999999880 0.00000000099999999880 0.00000000099999999880 0.00000000099999999880 0.00000000099999999880 0.00000000099999999880 
0.99999999300000008695 0.00000000099999999893 0.00000000099999999893 0.00000000099999999893 0.00000000099999999893 0.00000000099999999893 0.00000000099999999893 0.00000000099999999893 
0.99999999299999997593 0.00000000099999999883 0.00000000099999999883 0.00000000099999999883 0.00000000099999999883 0.00000000099999999883 0.00000000099999999883 0.00000000099999999883 
0.99999999300000008695 0.00000000099999999888 0.00000000099999999888 0.00000000099999999888 0.00000000099999999888 0.00000000099999999888 0.00000000099999999888 0.00000000099999999888 
0.99999999300000008695 0.00000000099999999913 0.00000000099999999913 0.00000000099999999913 0.00000000099999999913 0.00000000099999999913 0.00000000099999999913 0.00000000099999999913 
0.99999999300000019797 0.00000000099999999915 0.00000000099999999915 0.00000000099999999915 0.00000000099999999915 0.00000000099999999915 0.00000000099999999915 0.00000000099999999915 
0.99999999300000019797 0.00000000099999999927 0.00000000099999999927 0.00000000099999999927 0.00000000099999999927 0.00000000099999999927 0.00000000099999999927 0.00000000099999999927 
0.99999999300000008695 0.00000000099999999958 0.00000000099999999958 0.00000000099999999958 0.00000000099999999958 0.00000000099999999958 0.00000000099999999958 0.00000000099999999958 
0.00000000099999999944 0.00000000099999999944 0.00000000099999999944 0.86414753884047557086 0.13585245515952432127 0.00000000099999999944 0.00000000099999999944 0.00000000099999999944 
0.00000000099999999926 0.00000000099999999926 0.00000000099999999926 0.80386702708719115495 0.19339077049466224523 0.00000000099999999926 0.00274219741814651268 0.00000000099999999926 
0.00000000099999999958 0.00000000099999999958 0.00000000099999999958 0.80180667955731066421 0.19819331444268925568 0.00000000099999999958 0.00000000099999999958 0.00000000099999999958 
0.00000000099999999903 0.00000000099999999903 0.00000000099999999903 0.84715790474814467448 0.14350418188207791914 0.00000000099999999903 0.00933790836977744371 0.00000000099999999903 
0.00000000099999999917 0.00000000099999999917 0.00000000099999999917 0.86899932902290721870 0.11855866536546885714 0.00000000099999999917 0.01244200061162393199 0.00000000099999999917 
0.00000000099999999900 0.00000000099999999900 0.00000000099999999900 0.85254047171537283845 0.14745952228462710920 0.00000000099999999900 0.00000000099999999900 0.00000000099999999900 
0.00000000099999999935 0.00000000099999999935 0.00000000099999999935 0.86013306458191129966 0.13986692941808881452 0.00000000099999999935 0.00000000099999999935 0.00000000099999999935 
0.00000000099999999908 0.00000000099999999908 0.00000000099999999908 0.86838896382634955806 0.13161102314337055907 0.00000000099999999908 0.00000000803027998622 0.00000000099999999908 
0.00000000099999999928 0.00000000099999999928 0.00000000099999999928 0.84435078745307312609 0.14899698428557525687 0.00000000099999999928 0.00665222326135161707 0.00000000099999999928 
0.00000000099999999992 0.00000000099999999992 0.00000000099999999992 0.86582010846285950567 0.12968970415256633744 0.00000000099999999992 0.00000000099999999992 0.00449018238457404590 
0.00000000099999999917 0.00000000099999999917 0.00000000099999999917 0.85741665752638096532 0.14258333647361901009 0.00000000099999999917 0.00000000099999999917 0.00000000099999999917 
0.00000000099999999916 0.00000000099999999916 0.00000000099999999916 0.82956744884733257805 0.16196038520010419548 0.00000000099999999916 0.00847216095256313369 0.00000000099999999916 
0.00000000099999999985 0.00000000099999999985 0.00000000099999999985 0.82085761617927577305 0.17465518559718207214 0.00000000099999999985 0.00000000236140102919 0.00448719186214122535 
0.00000000099999999933 0.00000000099999999933 0.00000000099999999933 0.83077209422176789833 0.14372448650083602395 0.00000000099999999933 0.02550341427739606995 0.00000000099999999933 
0.00000000099999999964 0.00000000099999999964 0.00000000099999999964 0.88305990555059066249 0.11693993774838695732 0.00000000099999999964 0.00000015170102239032 0.00000000099999999964 
0.00000000099999999899 0.00000000099999999899 0.00000000099999999899 0.87725314783376806549 0.12274684616623178501 0.00000000099999999899 0.00000000099999999899 0.00000000099999999899 
0.00000000099999999948 0.00000000099999999948 0.00000000099999999948 0.76206333154859984269 0.22666098176788385121 0.00000000099999999948 0.01127568168351635036 0.00000000099999999948 
0.00000000099999999957 0.00000000099999999957 0.00000000099999999957 0.80177807273680534728 0.19822192126319465588 0.00000000099999999957 0.00000000099999999957 0.00000000099999999957 
0.00000000099999999923 0.00000000099999999923 0.00000000099999999923 0.85444863761119782541 0.14555135638880212223 0.00000000099999999923 0.00000000099999999923 0.00000000099999999923 
0.00000000099999999925 0.00000000099999999925 0.00000000099999999925 0.84768215954485892638 0.15123437425679650548 0.00000000099999999925 0.00108346119834449228 0.00000000099999999925 
0.00000000099999999929 0.00000000099999999929 0.00000000099999999929 0.78696098314034723664 0.18677550892682981409 0.00000000099999999929 0.02626350293282306292 0.00000000099999999929 
0.00000000099999999905 0.00000000099999999905 0.00000000099999999905 0.82053653256240333125 0.17946346143759667191 0.00000000099999999905 0.00000000099999999905 0.00000000099999999905 
0.00000000099999999927 0.00000000099999999927 0.00000000099999999927 0.84865498145227136195 0.15134501254772861345 0.00000000099999999927 0.00000000099999999927 0.00000000099999999927 
0.00000000099999999928 0.00000000099999999928 0.00000000099999999928 0.79513241174255278043 0.20486758225744719497 0.00000000099999999928 0.00000000099999999928 0.00000000099999999928 
0.00000000099999999955 0.00000000099999999955 0.00000000099999999955 0.78524404698901451027 0.21475594701098543737 0.00000000099999999955 0.00000000099999999955 0.00000000099999999955 
0.00000000099999999913 0.00000000099999999913 0.00000000099999999913 0.85661287840544686478 0.14338711559455311062 0.00000000099999999913 0.00000000099999999913 0.00000000099999999913 
0.00000000099999999929 0.00000000099999999929 0.00000000099999999929 0.80803628211512978918 0.19196371188487035275 0.00000000099999999929 0.00000000099999999929 0.00000000099999999929 
0.00000000099999999986 0.00000000099999999986 0.00566861848397122361 0.77424178388061681844 0.22008959263541191809 0.00000000099999999986 0.00000000099999999986 0.00000000099999999986 
0.00000000099999999972 0.00000000099999999972 0.00000000099999999972 0.84694681436886909420 0.14965993043751102398 0.00000000099999999972 0.00339325019361983718 0.00000000099999999972 
0.00000000099999999940 0.00000000099999999940 0.00000000099999999940 0.80428720281552146254 0.19571279118447859613 0.00000000099999999940 0.00000000099999999940 0.00000000099999999940 
0.00000000099999999914 0.00000000099999999914 0.00000000099999999914 0.86559632929671548318 0.13440366470328463100 0.00000000099999999914 0.00000000099999999914 0.00000000099999999914 
0.00042886674211100174 0.00000000099999999988 0.00308157907765796001 0.86376699384294053363 0.13272255633729057589 0.00000000099999999988 0.00000000099999999988 0.00000000099999999988 
0.00000000099999999965 0.00000000099999999965 0.00000000099999999965 0.73762480261746288246 0.25871516487031365195 0.00000000099999999965 0.00366002751222349945 0.00000000099999999965 
0.00000000099999999958 0.00000000099999999958 0.00000000099999999958 0.80526134820864925246 0.19473864579135080621 0.00000000099999999958 0.00000000099999999958 0.00000000099999999958 
0.00000000099999999944 0.00000000099999999944 0.00000000099999999944 0.79566458445652576970 0.20433540954347426122 0.00000000099999999944 0.00000000099999999944 0.00000000099999999944 
0.00000000099999999957 0.00000000099999999957 0.00000000099999999957 0.84018071494572355018 0.15967672129275492510 0.00000000099999999957 0.00014255876152155245 0.00000000099999999957 
0.00000000099999999939 0.00000000099999999939 0.00000000099999999939 0.78550763261993938880 0.21449236138006058661 0.00000000099999999939 0.00000000099999999939 0.00000000099999999939 
0.00000000099999999947 0.00000000099999999947 0.00000000099999999947 0.78863477932446746088 0.21136521467553259779 0.00000000099999999947 0.00000000099999999947 0.00000000099999999947 
0.00000000099999999945 0.00000000099999999945 0.00000000099999999945 0.74902753002054289766 0.25004289736632345775 0.00000000099999999945 0.00092956761313358271 0.00000000099999999945 
0.00000000099999999989 0.00000000099999999989 0.00000000099999999989 0.88481589250294945259 0.11518410149705056444 0.00000000099999999989 0.00000000099999999989 0.00000000099999999989 
0.00000000099999999955 0.00000000099999999955 0.00000000099999999955 0.86451323595257034693 0.13548675804742976725 0.00000000099999999955 0.00000000099999999955 0.00000000099999999955 
0.00000000099999999979 0.00000000099999999979 0.00000000099999999979 0.86810540889666332198 0.10900213871672782828 0.00000000099999999979 0.02289244738660875175 0.00000000099999999979 
0.00000000099999999943 0.00000000099999999943 0.00000000099999999943 0.85607833831890789433 0.14392165568109210882 0.00000000099999999943 0.00000000099999999943 0.00000000099999999943 
0.00000000099999999925 0.00000000099999999925 0.00000000099999999925 0.79804888472084245521 0.19903087761005508471 0.00000000099999999925 0.00292023266910238378 0.00000000099999999925 
0.00000000099999999925 0.00000000099999999925 0.00000000099999999925 0.77520446549258181790 0.22479552850741824077 0.00000000099999999925 0.00000000099999999925 0.00000000099999999925 
0.00000000099999999931 0.00000000099999999931 0.00000000099999999931 0.81024725098871641649 0.18975274301128350340 0.00000000099999999931 0.00000000099999999931 0.00000000099999999931 
0.00000000099999999930 0.00000000099999999930 0.00000000099999999930 0.82491070257703846824 0.17459086324044575944 0.00000000099999999930 0.00049842918251562912 0.00000000099999999930 
0.00000000099999999966 0.00000000099999999966 0.00000000099999999966 0.78958629154742543399 0.21041370245257448590 0.00000000099999999966 0.00000000099999999966 0.00000000099999999966 
0.00000000099999999926 0.00000000099999999926 0.00000000099999999926 0.81505431723758670071 0.18494567676241335796 0.00000000099999999926 0.00000000099999999926 0.00000000099999999926 
0.00000000099999999947 0.00000000099999999947 0.00000000099999999947 0.76826609069669704599 0.23173390330330298492 0.00000000099999999947 0.00000000099999999947 0.00000000099999999947 
0.00000000099999999927 0.00000000099999999927 0.00000000099999999927 0.77854196142475762255 0.18219921989879572788 0.00000000099999999927 0.03925881367644653425 0.00000000099999999927 
0.00000000099999999938 0.00000000099999999938 0.00000000099999999938 0.78608071586901584471 0.21391927813098415845 0.00000000099999999938 0.00000000099999999938 0.00000000099999999938 
0.00000000099999999949 0.00000000099999999949 0.00000000099999999949 0.89635679360645281744 0.10364320039354708858 0.00000000099999999949 0.00000000099999999949 0.00000000099999999949 
0.00000000099999999953 0.00000000099999999953 0.00000000099999999953 0.85162170001594228452 0.12345213017618186790 0.00000000099999999953 0.02492616480787582245 0.00000000099999999953 
0.00000000099999999931 0.00000000099999999931 0.00000000099999999931 0.80034096705896173862 0.16769158331914171822 0.00000000099999999931 0.03196744462189643476 0.00000000099999999931 
0.00000000099999999940 0.00000000099999999940 0.00000000099999999940 0.84856626023446024565 0.15143291242717377143 0.00000000099999999940 0.00000082233836592055 0.00000000099999999940 
0.00000000099999999955 0.00000000099999999955 0.00000000099999999955 0.84871996041113617615 0.15128003358886368823 0.00000000099999999955 0.00000000099999999955 0.00000000099999999955 
0.00000000099999999961 0.00000000099999999961 0.00000000099999999961 0.84049541214711231962 0.14617683803601724812 0.00000000099999999961 0.01332774481687038631 0.00000000099999999961 
0.00000000099999999926 0.00000000099999999926 0.00000000099999999926 0.83554670493678473431 0.12842958946401888953 0.00000000099999999926 0.03602370059919625389 0.00000000099999999926 
0.00000000099999999950 0.00000000099999999950 0.00000000099999999950 0.90287500525274788643 0.09712498874725201958 0.00000000099999999950 0.00000000099999999950 0.00000000099999999950 
0.00000000099999999927 0.00000000099999999927 0.00000000099999999927 0.84685188767769414842 0.15314810632230591025 0.00000000099999999927 0.00000000099999999927 0.00000000099999999927 
0.00000000099999999962 0.00000000099999999962 0.00000000099999999962 0.85352100477182957228 0.14647898922817051415 0.00000000099999999962 0.00000000099999999962 0.00000000099999999962 
0.00000000099999999958 0.00000000099999999958 0.00000000099999999958 0.87338174791722766876 0.12661824608277236215 0.00000000099999999958 0.00000000099999999958 0.00000000099999999958 
0.00000000099999999965 0.00000000099999999965 0.00000000099999999965 0.86795565574594646385 0.13204433825405353931 0.00000000099999999965 0.00000000099999999965 0.00000000099999999965 
0.00000000099999999937 0.00000000099999999937 0.00000000099999999937 0.83460696133764955551 0.13783208131910537619 0.00000000099999999937 0.02756095234324516113 0.00000000099999999937 
0.00000000099999999976 0.00000000099999999976 0.00000000099999999976 0.84157808058579586241 0.15842191341420411299 0.00000000099999999976 0.00000000099999999976 0.00000000099999999976 
0.00315345385113597297 0.00000000099999999998 0.00548831679547360715 0.86781374401582800360 0.10845826618323690937 0.00000000099999999998 0.01508621615432553971 0.00000000099999999998 
0.00080998749275739508 0.00000000099999999998 0.00180795232964131320 0.80733400148343770208 0.16163678529011871188 0.00000000099999999998 0.02589990715930245296 0.00251136424474240763 
0.00000000099999999982 0.00807478521298286324 0.00000000099999999982 0.82781661932028072215 0.16359633113816463013 0.00000000099999999982 0.00051226032857173162 0.00000000099999999982 
0.00000000099999999992 0.00000000099999999992 0.00186286053595788770 0.82859225023032068158 0.14904903021642468275 0.00000000099999999992 0.02049585501729655687 0.00000000099999999992 
0.00346686015009946323 0.00000000099999999999 0.00063348979069956419 0.79979436009795723539 0.18247360850957997092 0.00000000099999999999 0.01363167845166374931 0.00000000099999999999 
0.00153644111744667949 0.00000000099999999991 0.00276356917907552221 0.84215597907620187712 0.11834386162568424905 0.00000000099999999991 0.03520014600159163121 0.00000000099999999991 
0.00000000099999999938 0.00000000099999999938 0.00000000099999999938 0.00000000099999999938 0.01235860812597154926 0.00000000099999999938 0.98764138587402838798 0.00000000099999999938 
0.00000000099999999935 0.00000000099999999935 0.00000000099999999935 0.00000000099999999935 0.00000000099999999935 0.00000000099999999935 0.99999999299999986491 0.00000000099999999935 
0.00000000099999999959 0.00000000099999999959 0.00000000099999999959 0.01882352790443638998 0.00653189897527553433 0.00000000099999999959 0.97464456812028799071 0.00000000099999999959 
0.00000000099999999983 0.00000000099999999983 0.00000000099999999983 0.00011879732971274502 0.00000000099999999983 0.00000000099999999983 0.99988119667028729776 0.00000000099999999983 
0.00000000099999999934 0.00000000099999999934 0.00000000099999999934 0.00023865221694671082 0.00727641518065921724 0.00000000099999999934 0.99248492760239415134 0.00000000099999999934 
0.00000000099999999944 0.00000000099999999944 0.00000000099999999944 0.00000000099999999944 0.00000150959739302789 0.00000000099999999944 0.99999848440260707960 0.00000000099999999944 
0.00000000099999999955 0.00000000099999999955 0.00000000099999999955 0.00659253020240075510 0.01066147465869323775 0.00000000099999999955 0.98274599013890606702 0.00000000099999999955 
0.00000000099999999945 0.00000000099999999945 0.00000000099999999945 0.00000000099999999945 0.00653305832840119123 0.00000000099999999945 0.99346693567159882754 0.00000000099999999945 
0.00000000099999999940 0.00000000099999999940 0.00000000099999999940 0.00000000099999999940 0.00451588395888715723 0.00000000099999999940 0.99548411004111270195 0.00000000099999999940 
0.00000000099999999970 0.00000000099999999970 0.00000000099999999970 0.00000000099999999970 0.00000000099999999970 0.00000000099999999970 0.99999999299999997593 0.00000000099999999970 
0.00000000099999999941 0.00000000099999999941 0.00000000099999999941 0.00796090115822947232 0.00000000099999999941 0.00000000099999999941 0.99203909284177049788 0.00000000099999999941 
0.00000000099999999929 0.00000000099999999929 0.00000000099999999929 0.04153593537859840562 0.00189517697593983864 0.00000000099999999929 0.95656888264546169331 0.00000000099999999929 
0.00000000099999999938 0.00000000099999999938 0.00000000099999999938 0.00000000099999999938 0.00000000099999999938 0.00000000099999999938 0.99999999299999986491 0.00000000099999999938 
0.00000000099999999942 0.00000000099999999942 0.00000000099999999942 0.01077655493951638031 0.00000000099999999942 0.00000000099999999942 0.98922343906048360029 0.00000000099999999942 
0.00000000099999999961 0.00000000099999999961 0.00000000099999999961 0.00000000099999999961 0.00000000099999999961 0.00000000099999999961 0.99999999299999986491 0.00000000099999999961 
0.00000000099999999947 0.00000000099999999947 0.00000000099999999947 0.00000000099999999947 0.03582856065755032904 0.00000000099999999947 0.96417143334244970188 0.00000000099999999947 
0.00000000099999999960 0.00000000099999999960 0.00000000099999999960 0.02508659080537964381 0.00236373687931129388 0.00000000099999999960 0.97254966731530911872 0.00000000099999999960 
0.00000000099999999916 0.00000000099999999916 0.00000000099999999916 0.00000000099999999916 0.00003527952140433113 0.00000000099999999916 0.99996471447859558435 0.00000000099999999916 
0.00000000099999999970 0.00394306345605152566 0.00000000099999999970 0.02575008436338363862 0.02263736105463507245 0.00000000099999999970 0.94766948712592968818 0.00000000099999999970 
0.00000000099999999990 0.00000000099999999990 0.00000000099999999990 0.02317573883078162186 0.07692542181126005296 0.00235689122768727079 0.89754194413027099664 0.00000000099999999990 
0.00000000099999999973 0.00000000099999999973 0.00000000099999999973 0.07958159947675409740 0.00000000099999999973 0.00000000099999999973 0.92041839452324603066 0.00000000099999999973 
0.00432712099225609440 0.00594542564400582941 0.00000000099999999996 0.00000002012719609577 0.06816387370629096998 0.00000000099999999996 0.92152310775281287558 0.00004044977743820227 
0.00000000099999999969 0.00435193884317405626 0.00000000099999999969 0.06554015949250099893 0.06270499556859752965 0.00000000099999999969 0.86740290209572745717 0.00000000099999999969 
0.00000000099999999992 0.00000000099999999992 0.00000000099999999992 0.02597034618176902177 0.07652819534905404286 0.00000000099999999992 0.89429072098912387734 0.00321073348005321063 
0.00014365415501618533 0.00000000099999999990 0.00000000099999999990 0.01450761720898437884 0.02424325846503453188 0.00000000099999999990 0.96002573619531605953 0.00107973097564903714 
0.00000000099999999993 0.00000000099999999993 0.00292630907235886259 0.05928081690521893460 0.06940012477760461318 0.00000000099999999993 0.86839274524481757656 0.00000000099999999993 
0.00046714285036757310 0.00280084450268554448 0.00000000099999999994 0.04743312894158906168 0.05814894809300960588 0.00000000099999999994 0.89093949805391858821 0.00021043555842967132 
0.00000000099999999989 0.00000000099999999989 0.00099529227841301969 0.00276424819848742178 0.05109862939002497023 0.00000000099999999989 0.94514182613307451408 0.00000000099999999989 
0.00000000099999999980 0.00170641577940026782 0.00000000099999999980 0.00000000099999999980 0.04486389929058023918 0.00000000099999999980 0.95342967993001948024 0.00000000099999999980 
0.00000000099999999969 0.00000000099999999969 0.00000000099999999969 0.00172934835471977646 0.08999159048678820327 0.00000000099999999969 0.90827905615849191534 0.00000000099999999969 
0.00000000099999999963 0.00396847272384189508 0.00000000099999999963 0.00000000099999999963 0.06975604472014729218 0.00000000099999999963 0.92627547755601069568 0.00000000099999999963 
0.00101485220195203312 0.00000000099999999996 0.00342802622027475225 0.11467836281802389065 0.05188830229046524634 0.00000000099999999996 0.82899045346928390554 0.00000000099999999996 
0.00000000139784046758 0.00135615902997505196 0.00100197233759158691 0.05157501501096779101 0.07117735960233513570 0.00000000099999999999 0.87084636403818027617 0.00404312758310973203 
0.00000000099999999983 0.00000000099999999983 0.00000000099999999983 0.09352504344353052002 0.03642686782837004783 0.00000000099999999983 0.87004808372809949724 0.00000000099999999983 
0.00000000099999999964 0.00000000099999999964 0.00000000099999999964 0.02355092993982008109 0.08782443760718140757 0.00000000099999999964 0.88862462745299852784 0.00000000099999999964 
0.00000000099999999950 0.00000000099999999950 0.00000000099999999950 0.08646910529116400013 0.08138301238187004016 0.00000000099999999950 0.83214787732696593459 0.00000000099999999950 
0.00000000099999999983 0.00000000099999999983 0.00000000099999999983 0.06661733374062528412 0.05308501609015051775 0.00000000099999999983 0.88029764516922415218 0.00000000099999999983 
0.00000000099999999996 0.01439379134490794895 0.00000000099999999996 0.07336747241935061281 0.06313653681451406041 0.00000000099999999996 0.84910219542122733483 0.00000000099999999996 
0.00000000099999999998 0.00457793095427698471 0.00000000099999999998 0.00071929542602375978 0.27841570984622482365 0.00000000099999999998 0.71628705977347439937 0.00000000099999999998 
0.00000000099999999998 0.03582056790934397272 0.00000000099999999998 0.18310736369683672242 0.09062326703231989022 0.00000000099999999998 0.69044879736149944449 0.00000000099999999998 
0.00611226930117977386 0.00000000099999999960 0.00000000099999999960 0.02654341983761325865 0.06705734187127686263 0.00000000099999999960 0.90028696498993021624 0.00000000099999999960 
0.00000000099999999997 0.02613997917222194919 0.00000000099999999997 0.06717634317794039800 0.11081207712153916256 0.00000000099999999997 0.79587159652829853052 0.00000000099999999997 
0.00000000099999999998 0.00000000099999999998 0.00000000099999999998 0.36584721508644957311 0.26109063101473323210 0.00214300540506483532 0.37091914449375212870 0.00000000099999999998 
0.00000000099999999981 0.00000000099999999981 0.00000000099999999981 0.03733555410777800870 0.01720911702750657635 0.00000000099999999981 0.94545532386471542452 0.00000000099999999981 
0.00935810469634127361 0.00161109054297605835 0.00000000099999999999 0.56791837642843168155 0.00000000099999999999 0.00000000099999999999 0.42111242433225104520 0.00000000099999999999 
0.01578824090254856566 0.00000000099999999981 0.00000000099999999981 0.06289400148652705969 0.03774149890934937190 0.00000000099999999981 0.88357625470157497016 0.00000000099999999981 
0.00151142610448219542 0.00000000099999999990 0.00000000099999999990 0.01889779979351992670 0.01614705808794341182 0.00000000099999999990 0.96344371201405454297 0.00000000099999999990 
0.00811151183697976855 0.00000000099999999962 0.00000000099999999962 0.10846303337616336471 0.01417585177780975210 0.00000000099999999962 0.86924959900904719134 0.00000000099999999962 
0.00194567154947351394 0.00000000099999999989 0.00000000099999999989 0.10239410528014979140 0.02257997965542063445 0.00000000099999999989 0.87308023951495594694 0.00000000099999999989 
0.00000000099999999929 0.00000000099999999929 0.00000000099999999929 0.04830469636943187511 0.04594110058588200124 0.00000000099999999929 0.90575419804468604301 0.00000000099999999929 
0.00000000099999999955 0.00000000099999999955 0.00000000099999999955 0.04574903674848276175 0.01594918385692295493 0.00000000099999999955 0.93830177439459416799 0.00000000099999999955 
0.00000000099999999977 0.00000000099999999977 0.00150281288710255273 0.80321264278125337199 0.04609667540535756364 0.00000000099999999977 0.14918786492628646756 0.00000000099999999977 
0.00020949400644055258 0.00000000099999999972 0.00000000099999999972 0.72121232605256679893 0.03968933529198528931 0.00000000099999999972 0.23888884064900731130 0.00000000099999999972 
0.00000000099999999995 0.00000000099999999995 0.18115016753916254877 0.40184822384606289081 0.04309495705704539936 0.00000000099999999995 0.21895281371978150831 0.15495383483794772372 
0.00405367688343859049 0.00000000099999999991 0.00344862554664639121 0.79716297484429798903 0.06905092770099066635 0.00000000099999999991 0.12628379202462633457 0.00000000099999999991 
0.00205033375373838648 0.00000000099999999989 0.00316074487604885634 0.83752362292470627914 0.04279494823468702608 0.00000000099999999989 0.11447034721081936204 0.00000000099999999989 
0.00000000099999999991 0.00000000099999999991 0.31480312081388645007 0.51944992202020601191 0.02334729288939398420 0.00000000099999999991 0.07516755969629478062 0.06723210158021873661 
0.00000000099999999991 0.00000000099999999991 0.23528539729875641573 0.55306232690625201087 0.06141146341333451192 0.00000000099999999991 0.08752392903028415050 0.06271688035137294726 
0.00000000099999999986 0.00000000099999999986 0.30081890506218228465 0.55795652109548066200 0.01797025184273729967 0.00000000099999999986 0.11117583896790654563 0.01207848003169321310 
0.00000000099999999991 0.00000000099999999991 0.20050379464460163503 0.56254772795412100184 0.02032112224644985754 0.00000000099999999991 0.13834215028901589162 0.07828520186581167106 
0.00000000099999999992 0.00000000099999999992 0.14596005924499089179 0.58429413312998312868 0.04316160043111433309 0.00000000099999999992 0.10945315302105440569 0.11713105117285725620 
0.00000000099999999948 0.00000000099999999948 0.00000000099999999948 0.79265954302763763639 0.04011152321689503975 0.00000000099999999948 0.16722892875546732649 0.00000000099999999948 
0.00000000099999999992 0.00000000099999999992 0.12161930950756075220 0.64640197302642765642 0.00678581297015705843 0.00000000099999999992 0.03869824283541174748 0.18649465866044273588 
0.00500075486095360837 0.00000000099999999992 0.00757022573530118092 0.79871580125904340086 0.04092210963896546205 0.00000000099999999992 0.14779110550573623661 0.00000000099999999992 
0.00000000099999999984 0.00000000099999999984 0.37852319025118835727 0.47742068901197759478 0.03303462665541468529 0.00000000099999999984 0.10484939093052515757 0.00617210015089419625 
0.00071654849011373455 0.00000000099999999958 0.00000000099999999958 0.79007533398685469983 0.05980701948610895463 0.00000000099999999958 0.14940109403692264367 0.00000000099999999958 
0.00000000099999999959 0.00000000099999999959 0.00000000099999999959 0.79057809597118489098 0.07858913098783745776 0.00000000099999999959 0.13083276804097762613 0.00000000099999999959 
0.00001706692318325222 0.00000000099999999995 0.10437878788048191026 0.65365360237700032009 0.02120887370447777434 0.00000000099999999995 0.00342276725413670621 0.21731889986071997733 
0.00000000099999999955 0.00000000099999999955 0.00000000099999999955 0.74063221548175128817 0.04233243865209118661 0.00000000099999999955 0.21703534086615750009 0.00000000099999999955 
0.00000000099999999979 0.00000000099999999979 0.00340260981515206479 0.76239622100219472944 0.07098276620191623643 0.00000000099999999979 0.16321839898073714492 0.00000000099999999979 
0.00000000099999999994 0.00933930025620216195 0.00000000099999999994 0.07698863853435931881 0.08342415130171595972 0.00000000099999999994 0.83024790590772246102 0.00000000099999999994 
0.00000000100000000000 0.00004649502886622549 0.00000475053068710104 0.00009577117997107429 0.08873268938021418306 0.00000000100000000000 0.86142062419618092850 0.04969966768408045493 
0.00000000099999999991 0.00620517108271558503 0.00000000099999999991 0.01333084617323866683 0.07980370900222692743 0.00000000099999999991 0.90066026974181889742 0.00000000099999999991 
0.00000000099999999988 0.00261316807257800559 0.00000000099999999988 0.00000000099999999988 0.00429348400328274753 0.00000000099999999988 0.99309334292413919965 0.00000000099999999988 
0.00000000099999999994 0.00000000099999999994 0.00000000099999999994 0.00000000099999999994 0.07233442337206720529 0.00000000099999999994 0.90142116657325288553 0.02624440505467991180 
0.00000000099999999944 0.00000000099999999944 0.00000000099999999944 0.00000000099999999944 0.00866898213283482343 0.00000000099999999944 0.99133101186716521269 0.00000000099999999944 
0.00000000099999999938 0.00000000099999999938 0.00000000099999999938 0.00000000099999999938 0.00000000099999999938 0.00000000099999999938 0.99999999299999997593 0.00000000099999999938 
0.00291788311112574751 0.04094583875738472267 0.00000000099999999997 0.00000000099999999997 0.00000000099999999997 0.00000000099999999997 0.83981406801403102325 0.11632220611745841543 
0.00000000099999999980 0.00000000099999999980 0.00000000099999999980 0.00000000099999999980 0.01420990817834416609 0.00000000099999999980 0.98579008582165583707 0.00000000099999999980 
0.00000000099999999962 0.00000000099999999962 0.00000000099999999962 0.00000000099999999962 0.00000000099999999962 0.00000000099999999962 0.99999999299999986491 0.00000000099999999962 
0.00000000099999999890 0.00000000099999999890 0.00000000099999999890 0.00000000099999999890 0.00000000099999999890 0.00000000099999999890 0.99999999299999986491 0.00000000099999999890 
0.00000000099999999922 0.00000000099999999922 0.00000000099999999922 0.00000000099999999922 0.00448873839085575047 0.00000000099999999922 0.99551125560914410784 0.00000000099999999922 
0.00000000099999999919 0.00000000099999999919 0.00000000099999999919 0.00000000099999999919 0.00819396226059829376 0.00000000099999999919 0.99180603173940173889 0.00000000099999999919 
0.00000000099999999924 0.00000000099999999924 0.00000000099999999924 0.00000000099999999924 0.00000000099999999924 0.00000000099999999924 0.99999999299999997593 0.00000000099999999924 
0.00000000099999999909 0.00000000099999999909 0.00000000099999999909 0.00000000099999999909 0.00000000099999999909 0.00000000099999999909 0.99999999299999986491 0.00000000099999999909 
0.00000000099999999943 0.00000000099999999943 0.00000000099999999943 0.00526036652731300559 0.01075692331011184749 0.00000000099999999943 0.98398270516257513307 0.00000000099999999943 
0.00000000099999999969 0.00000000099999999969 0.00000000099999999969 0.00000000099999999969 0.00000756570938847095 0.00000000099999999969 0.99999242829061163462 0.00000000099999999969 
0.00000000099999999933 0.00000000099999999933 0.00000000099999999933 0.00000000099999999933 0.00000000099999999933 0.00000000099999999933 0.99999999299999986491 0.00000000099999999933 
0.00000000099999999990 0.00000000099999999990 0.00772402904625667762 0.00000000099999999990 0.00000000099999999990 0.00000000099999999990 0.99227596495374326135 0.00000000099999999990 
0.00000000099999999972 0.00000000099999999972 0.00000000099999999972 0.00000000099999999972 0.05076053360523806457 0.00000000099999999972 0.94923946039476192471 0.00000000099999999972 
0.00000000099999999949 0.00000000099999999949 0.00000000099999999949 0.00000000099999999949 0.01175881942850251841 0.00000000099999999949 0.98824117457149740495 0.00000000099999999949 
0.00000000099999999975 0.00000000099999999975 0.00000000099999999975 0.00000000099999999975 0.00934502451480153165 0.00061686786849320650 0.99003810261670510684 0.00000000099999999975 
0.00000000099999999918 0.00000000099999999918 0.00000000099999999918 0.00000000099999999918 0.00000000099999999918 0.00000000099999999918 0.99999999299999997593 0.00000000099999999918 
