0.00000000099999999915 0.99999999600000011313 0.00000000099999999915 0.00000000099999999915 0.00000000099999999915 
0.00000000099999999919 0.99999999600000011313 0.00000000099999999919 0.00000000099999999919 0.00000000099999999919 
0.00000000099999999917 0.99999999600000011313 0.00000000099999999917 0.00000000099999999917 0.00000000099999999917 
0.00000000099999999919 0.99999999600000000211 0.00000000099999999919 0.00000000099999999919 0.00000000099999999919 
0.00000000099999999921 0.99999999600000011313 0.00000000099999999921 0.00000000099999999921 0.00000000099999999921 
0.00000000099999999921 0.99999999600000000211 0.00000000099999999921 0.00000000099999999921 0.00000000099999999921 
0.00000000099999999916 0.99999999600000011313 0.00000000099999999916 0.00000000099999999916 0.00000000099999999916 
0.00000000099999999923 0.99999999600000011313 0.00000000099999999923 0.00000000099999999923 0.00000000099999999923 
0.00000000099999999918 0.99999999600000000211 0.00000000099999999918 0.00000000099999999918 0.00000000099999999918 
0.00000000099999999924 0.99999999600000000211 0.00000000099999999924 0.00000000099999999924 0.00000000099999999924 
0.00000000099999999921 0.99999999600000011313 0.00000000099999999921 0.00000000099999999921 0.00000000099999999921 
0.00000000099999999935 0.99999999600000000211 0.00000000099999999935 0.00000000099999999935 0.00000000099999999935 
0.00000000099999999920 0.99999999600000011313 0.00000000099999999920 0.00000000099999999920 0.00000000099999999920 
0.00000000099999999918 0.99999999600000000211 0.00000000099999999918 0.00000000099999999918 0.00000000099999999918 
0.00000000099999999920 0.99999999600000011313 0.00000000099999999920 0.00000000099999999920 0.00000000099999999920 
0.00000000099999999920 0.99999999600000011313 0.00000000099999999920 0.00000000099999999920 0.00000000099999999920 
0.00000000099999999919 0.99999999600000011313 0.00000000099999999919 0.00000000099999999919 0.00000000099999999919 
0.00000000099999999926 0.99999999600000000211 0.00000000099999999926 0.00000000099999999926 0.00000000099999999926 
0.00000000099999999926 0.99999999600000011313 0.00000000099999999926 0.00000000099999999926 0.00000000099999999926 
0.00000000099999999924 0.99999999600000011313 0.00000000099999999924 0.00000000099999999924 0.00000000099999999924 
0.00000000099999999921 0.99999999600000000211 0.00000000099999999921 0.00000000099999999921 0.00000000099999999921 
0.00000000099999999923 0.99999999600000000211 0.00000000099999999923 0.00000000099999999923 0.00000000099999999923 
0.00000000099999999921 0.99999999600000011313 0.00000000099999999921 0.00000000099999999921 0.00000000099999999921 
0.00000000099999999923 0.99999999600000011313 0.00000000099999999923 0.00000000099999999923 0.00000000099999999923 
0.00000000099999999944 0.99999999600000000211 0.00000000099999999944 0.00000000099999999944 0.00000000099999999944 
0.00000000099999999921 0.99999999600000011313 0.00000000099999999921 0.00000000099999999921 0.00000000099999999921 
0.00000000099999999924 0.99999999600000000211 0.00000000099999999924 0.00000000099999999924 0.00000000099999999924 
0.00000000099999999925 0.99999999600000000211 0.00000000099999999925 0.00000000099999999925 0.00000000099999999925 
0.00000000099999999926 0.99999999600000000211 0.00000000099999999926 0.00000000099999999926 0.00000000099999999926 
0.00000000099999999924 0.99999999600000011313 0.00000000099999999924 0.00000000099999999924 0.00000000099999999924 
0.00000000099999999935 0.99999999600000011313 0.00000000099999999935 0.00000000099999999935 0.00000000099999999935 
0.00000000099999999946 0.99999999600000011313 0.00000000099999999946 0.00000000099999999946 0.00000000099999999946 
0.00000000099999999932 0.99999999600000000211 0.00000000099999999932 0.00000000099999999932 0.00000000099999999932 
0.00000000099999999942 0.99999999600000000211 0.00000000099999999942 0.00000000099999999942 0.00000000099999999942 
0.00000000099999999931 0.99999999600000000211 0.00000000099999999931 0.00000000099999999931 0.00000000099999999931 
0.00000000099999999938 0.99999999600000000211 0.00000000099999999938 0.00000000099999999938 0.00000000099999999938 
0.00000000099999999933 0.99999999600000000211 0.00000000099999999933 0.00000000099999999933 0.00000000099999999933 
0.00000000099999999934 0.99999999600000000211 0.00000000099999999934 0.00000000099999999934 0.00000000099999999934 
0.00000000099999999936 0.99999999600000000211 0.00000000099999999936 0.00000000099999999936 0.00000000099999999936 
0.00000000099999999951 0.99999999600000011313 0.00000000099999999951 0.00000000099999999951 0.00000000099999999951 
0.00000000099999999932 0.99999999600000000211 0.00000000099999999932 0.00000000099999999932 0.00000000099999999932 
0.00000000099999999941 0.99999999600000011313 0.00000000099999999941 0.00000000099999999941 0.00000000099999999941 
0.00000000099999999935 0.99999999600000011313 0.00000000099999999935 0.00000000099999999935 0.00000000099999999935 
0.00000000099999999933 0.99999999600000011313 0.00000000099999999933 0.00000000099999999933 0.00000000099999999933 
0.00000000099999999941 0.99999999600000000211 0.00000000099999999941 0.00000000099999999941 0.00000000099999999941 
0.00000000099999999935 0.99999999600000011313 0.00000000099999999935 0.00000000099999999935 0.00000000099999999935 
0.00000000099999999938 0.99999999600000011313 0.00000000099999999938 0.00000000099999999938 0.00000000099999999938 
0.00000000099999999951 0.99999999600000011313 0.00000000099999999951 0.00000000099999999951 0.00000000099999999951 
0.00000000099999999953 0.99999999600000011313 0.00000000099999999953 0.00000000099999999953 0.00000000099999999953 
0.00000000099999999960 0.99999999600000000211 0.00000000099999999960 0.00000000099999999960 0.00000000099999999960 
0.00000000099999999977 0.99999999600000000211 0.00000000099999999977 0.00000000099999999977 0.00000000099999999977 
0.59856649810950401935 0.00000000099999999984 0.00000000099999999984 0.00000000099999999984 0.40143349889049612100 
0.55679213764628132655 0.00000000099999999964 0.00000000099999999964 0.00000000099999999964 0.44320785935371881381 
0.51218243852797240567 0.00000000099999999985 0.00000000099999999985 0.00000000099999999985 0.48781755847202756815 
0.60759137137151297825 0.00000000099999999947 0.00000000099999999947 0.00000000099999999947 0.39240862562848710660 
0.60439947551015682503 0.00000000099999999954 0.00000000099999999954 0.00000000099999999954 0.39560052148984325981 
0.59810053628269355119 0.00000000099999999946 0.00000000099999999946 0.00000000099999999946 0.40189946071730653365 
0.60467685275981852833 0.00000000099999999970 0.00000000099999999970 0.00000000099999999970 0.39532314424018150101 
0.62619879071805073512 0.00000000099999999951 0.00000000099999999951 0.00000000099999999951 0.37380120628194940524 
0.59533968114936464122 0.00000000099999999962 0.00000000099999999962 0.00000000099999999962 0.40466031585063549914 
0.59692644315145237943 0.00000000099999999997 0.00000000099999999997 0.00449823800681734259 0.39857531684173042041 
0.57469897188801688515 0.00000000099999999958 0.00000000099999999958 0.00000000099999999958 0.42530102511198336623 
0.57873253572384708576 0.00000000099999999954 0.00000000099999999954 0.00000000099999999954 0.42126746127615294357 
0.56864310240718496381 0.00000000099999999993 0.00000000099999999993 0.00455318816251133220 0.42680370743030388025 
0.57000528672936334740 0.00000000099999999962 0.00000000099999999962 0.00000000099999999962 0.42999471027063668194 
0.61728388958863100733 0.00000000099999999988 0.00000000099999999988 0.00000000099999999988 0.38271610741136907752 
0.60772813904360434289 0.00000000099999999947 0.00000000099999999947 0.00000000099999999947 0.39227185795639579746 
0.51212260140364362915 0.00000000099999999972 0.00000000099999999972 0.00000000099999999972 0.48787739559635645570 
0.51834855283854675001 0.00000000099999999988 0.00000000099999999988 0.00000000099999999988 0.48165144416145333484 
0.56858685205329462242 0.00000000099999999958 0.00000000099999999958 0.00000000099999999958 0.43141314494670535140 
0.58064883042819404046 0.00000000099999999958 0.00000000099999999958 0.00000000099999999958 0.41935116657180598887 
0.58944554467183385427 0.00000000099999999962 0.00000000099999999962 0.00000000099999999962 0.41055445232816611956 
0.59233877363748355105 0.00000000099999999947 0.00000000099999999947 0.00000000099999999947 0.40766122336251653380 
0.55687573103434395705 0.00000000099999999965 0.00000000099999999965 0.00000000099999999965 0.44312426596565612780 
0.53544273063541536484 0.00000000099999999961 0.00000000099999999961 0.00000000099999999961 0.46455726636458460899 
0.50752205917580772709 0.00000000099999999978 0.00000000099999999978 0.00000000099999999978 0.49247793782419224673 
0.59488240796608582439 0.00000000099999999957 0.00000000099999999957 0.00000000099999999957 0.40511758903391437148 
0.53428143842865705171 0.00000000099999999964 0.00000000099999999964 0.00000000099999999964 0.46571855857134303314 
0.54155011721632539956 0.00047224552799492316 0.00000000099999999995 0.00457942098391846998 0.45339821527176105143 
0.60191751060968534670 0.00000000099999999994 0.00150090204465434199 0.00000000099999999994 0.39658158534566029241 
0.55046097007496164188 0.00000000099999999968 0.00000000099999999968 0.00000000099999999968 0.44953902692503855398 
0.61620333595067078303 0.00000000099999999957 0.00000000099999999957 0.00000000099999999957 0.38379666104932935733 
0.56894101828770260454 0.00253905717771902954 0.00024666652656179312 0.00100882646191236989 0.42726443154610405095 
0.46089776714201075025 0.00000000099999999980 0.00000000099999999980 0.00000000099999999980 0.53910222985798905704 
0.54004243416854980087 0.00000000099999999977 0.00000000099999999977 0.00000000099999999977 0.45995756283145022847 
0.52788518077210866419 0.00000000099999999969 0.00000000099999999969 0.00000000099999999969 0.47211481622789142065 
0.57870449625694631024 0.00000000099999999977 0.00000000099999999977 0.00000000099999999977 0.42129550074305377461 
0.51653625819606918679 0.00000000099999999968 0.00000000099999999968 0.00000000099999999968 0.48346373880393089806 
0.51763259717198872867 0.00000000099999999973 0.00000000099999999973 0.00000000099999999973 0.48236739982801130067 
0.48157812010619877041 0.00000000099999999970 0.00000000099999999970 0.00000000099999999970 0.51842187689380103688 
0.57818440302932228025 0.00000000099999999999 0.00000000569299440376 0.00106099338502287847 0.42075459689266053731 
0.57622478834486345889 0.00000000099999999982 0.00000000099999999982 0.00000000099999999982 0.42377520865513657045 
0.56474449721284425419 0.00000000099999999992 0.00000000099999999992 0.00000000099999999992 0.43525549978715577515 
0.58762436011618990328 0.00000000099999999974 0.00000000099999999974 0.00000000099999999974 0.41237563688381007054 
0.52484393427160147549 0.00000000099999999957 0.00000000099999999957 0.00000000099999999957 0.47515606272839844282 
0.54502627500827216522 0.00000000099999999957 0.00000000099999999957 0.00000000099999999957 0.45497372199172791962 
0.52880398360858493767 0.00000000099999999961 0.00000000099999999961 0.00000000099999999961 0.47119601339141520269 
0.54698882702537721112 0.00000000099999999961 0.00000000099999999961 0.00000000099999999961 0.45301116997462287372 
0.50450631759964448264 0.00000000099999999986 0.00000000099999999986 0.00000000099999999986 0.49549367940035543567 
0.55237089078717804824 0.00000000099999999958 0.00000000099999999958 0.00000000099999999958 0.44762910621282214763 
0.50135227964261863676 0.00000000099999999977 0.00000000099999999977 0.00000000099999999977 0.49864771735738128156 
0.56619457149000096408 0.00000000099999999961 0.00000000099999999961 0.00000000099999999961 0.43380542550999917628 
0.51146284807817898876 0.00000000099999999966 0.00000000099999999966 0.00000000099999999966 0.48853714892182098506 
0.53779582947164861206 0.00000000099999999974 0.00000000099999999974 0.00000000099999999974 0.46220416752835141727 
0.58104295817457540796 0.00000000099999999977 0.00000000099999999977 0.00000000099999999977 0.41895703882542478791 
0.55646760715467946667 0.00000000099999999966 0.00000000099999999966 0.00000000099999999966 0.44353238984532061817 
0.57428815541822686441 0.00000000099999999967 0.00000000099999999967 0.00000000099999999967 0.42571184158177322043 
0.56393876709271928416 0.00000000099999999979 0.00000000099999999979 0.00000000099999999979 0.43606122990728080069 
0.54519641565310184017 0.00039418595317472618 0.00000000099999999981 0.00000000099999999981 0.45440939639372346370 
0.55948797933897742585 0.00000000099999999961 0.00000000099999999961 0.00000000099999999961 0.44051201766102254798 
0.57288141377955281719 0.00000000099999999979 0.00000000099999999979 0.00000000099999999979 0.42711858322044721215 
0.53058562973757728010 0.00000000099999999958 0.00000000099999999958 0.00000000099999999958 0.46941436726242280475 
0.50885931344666257559 0.00000000099999999989 0.00000000099999999989 0.00000000099999999989 0.49114068355333750926 
0.53505751851130756158 0.00151606695726867031 0.00000000099999999983 0.00000000099999999983 0.46342641253142374813 
0.51929991928929775113 0.00009316703849778287 0.00000000099999999995 0.00000000099999999995 0.48060691167220459530 
0.56780910093444569853 0.00000000099999999978 0.00000000099999999978 0.00000000099999999978 0.43219089606555433081 
0.50032615189846496584 0.00000000099999999988 0.00000000099999999988 0.00000000099999999988 0.49967384510153517452 
0.60461786768071756892 0.00427188671428417946 0.00039593939191575451 0.00425870443102672417 0.38645560178205584645 
0.55549002887976928200 0.00173675800020812879 0.00000179964207711628 0.00360365406751171321 0.43916775941043362241 
0.54984484816836098897 0.00042326605142390913 0.00110407881564328716 0.00229231919337704714 0.44633548777119474993 
0.53594544434864788141 0.00048117755322602028 0.00000000100000000000 0.00105921234125032479 0.46251416475687584517 
0.52297256446848205957 0.00305640910212528994 0.00187580917288855567 0.00000000100000000000 0.47209521625650413545 
0.56609923415555141180 0.00267405511815560796 0.00000000099999999998 0.00190525095733775685 0.42932145876895527747 
0.99043909795114193351 0.00000000099999999968 0.00000000099999999968 0.00000000099999999968 0.00956089904885820858 
0.99999999600000011313 0.00000000099999999966 0.00000000099999999966 0.00000000099999999966 0.00000000099999999966 
0.99300219146615587018 0.00000000099999999980 0.00000000099999999980 0.00000000099999999980 0.00699780553384414267 
0.99999999600000011313 0.00000000099999999994 0.00000000099999999994 0.00000000099999999994 0.00000000099999999994 
0.99999999600000000211 0.00000000099999999962 0.00000000099999999962 0.00000000099999999962 0.00000000099999999962 
0.99999999600000011313 0.00000000099999999969 0.00000000099999999969 0.00000000099999999969 0.00000000099999999969 
0.99827740734995917826 0.00000000099999999974 0.00000000099999999974 0.00000000099999999974 0.00172258965004097511 
0.99404956791132526028 0.00000000099999999971 0.00000000099999999971 0.00000000099999999971 0.00595042908867476298 
0.99809854281429544187 0.00000000099999999967 0.00000000099999999967 0.00000000099999999967 0.00190145418570469849 
0.99942849111254294936 0.00057150588745707792 0.00000000099999999988 0.00000000099999999988 0.00000000099999999988 
0.99999999600000000211 0.00000000099999999965 0.00000000099999999965 0.00000000099999999965 0.00000000099999999965 
0.99626389438872398063 0.00000000099999999960 0.00000000099999999960 0.00000000099999999960 0.00373610261127615669 
0.99999999600000000211 0.00000000099999999965 0.00000000099999999965 0.00000000099999999965 0.00000000099999999965 
0.99999999600000011313 0.00000000099999999968 0.00000000099999999968 0.00000000099999999968 0.00000000099999999968 
0.99885677078804857576 0.00114322621195134429 0.00000000099999999980 0.00000000099999999980 0.00000000099999999980 
0.96988031837859356443 0.00000000099999999972 0.00000000099999999972 0.00000000099999999972 0.03011967862140655511 
0.99731625060942674654 0.00000000099999999977 0.00000000099999999977 0.00000000099999999977 0.00268374639057322511 
0.99999999600000000211 0.00000000099999999952 0.00000000099999999952 0.00000000099999999952 0.00000000099999999952 
0.98654279641470554729 0.00028398645808930939 0.00000000100000000000 0.00175145475154219517 0.01142176137566302402 
0.94701828773068130740 0.00000000099999999998 0.00198461419954522496 0.00000000099999999998 0.05099709606977347737 
0.99999999600000011313 0.00000000099999999988 0.00000000099999999988 0.00000000099999999988 0.00000000099999999988 
0.94170627768323111884 0.00237088814086954805 0.00000000100000000000 0.00426591263502564075 0.05165692054087377139 
0.92759856187261957583 0.00000000099999999994 0.00000000099999999994 0.00180899046073622772 0.07059244566664431286 
0.93352702855090152756 0.00000000099999999996 0.00000000099999999996 0.00310071679587024199 0.06337225265322830869 
0.98792635572818676692 0.00008839869790284003 0.00000000099999999996 0.00106402463983058999 0.01092121993407967583 
0.93646159007113971562 0.00000000099999999998 0.00000000099999999998 0.00248100768588368050 0.06105740024297653251 
0.95949111578812473766 0.00006193962616156148 0.00000000099999999997 0.00182835904288803416 0.03861858454282575404 
0.96914010442642495313 0.00000000100000000000 0.00108584104980311577 0.00012759093623591791 0.02964646258753603561 
0.97476641897001670145 0.00057632925617453817 0.00103933197538688682 0.00000000099999999998 0.02361791879842193090 
0.94076065240539952228 0.00000000099999999988 0.00000000099999999988 0.00000000099999999988 0.05923934459460054869 
0.95763739927472912861 0.00000000099999999992 0.00304776549551069977 0.00000000099999999992 0.03931483322976019740 
0.95566029126094331758 0.00077327080338473347 0.00000000100000000000 0.00299426856820349209 0.04057216836746852656 
0.93769783872033962702 0.00000000099999999998 0.00000000099999999998 0.00560932390784149235 0.05669283537181887822 
0.97982120709187847662 0.00000000099999999998 0.00000000099999999998 0.00000000099999999998 0.02017878990812154230 
0.94056789499998727511 0.00000000099999999982 0.00000000099999999982 0.00000000099999999982 0.05943210200001276117 
0.92185260836739590928 0.00000000099999999973 0.00000000099999999973 0.00000000099999999973 0.07814738863260430046 
0.95636190917542074352 0.00000000099999999996 0.00000000099999999996 0.00012176753302670463 0.04351632129155268841 
0.91427755054634163301 0.00076462139202399275 0.00905689359316401779 0.00000000099999999999 0.07590093346847029410 
0.87642459219296720008 0.00000000100000000000 0.00382365231994263952 0.00000000100000000000 0.11975175348709032885 
0.81538414754005705820 0.00901440962591213736 0.00000000100000000000 0.00981749429588026946 0.16578394753815053897 
0.93473303714313371593 0.00595602289667684394 0.00000000099999999978 0.00000000099999999978 0.05931093796018960945 
0.87745327136126038958 0.00000000100000000000 0.00130771812198594200 0.01041458891419769044 0.11082442060255606742 
0.76590444024916537469 0.00000000099999999999 0.00218953684427868490 0.00000000099999999999 0.23190602090655604295 
0.99390980811496754121 0.00065465845568268833 0.00000000099999999993 0.00000000099999999993 0.00543553142934986334 
0.95565645638351270907 0.01100973969365452894 0.00000000099999999999 0.00000000099999999999 0.03333380192283297294 
0.95042677660900043435 0.01571431554729228047 0.00000000099999999989 0.00000000099999999989 0.03385890584370734174 
0.97896636269431935862 0.00172307293952470996 0.00000000099999999994 0.00000000099999999994 0.01931056236615597693 
0.97488659415478984283 0.00814233795160486384 0.00000000099999999980 0.00000000099999999980 0.01697106589360540541 
0.97601175949438301327 0.00214256862814602399 0.00000000099999999994 0.00000000099999999994 0.02184566987747101757 
0.96138460107522560882 0.00000000099999999959 0.00000000099999999959 0.00000000099999999959 0.03861539592477443439 
0.99458441503558803198 0.00000000099999999974 0.00000000099999999974 0.00000000099999999974 0.00541558196441199909 
0.75060921101499944452 0.00000000099999999998 0.00000000099999999998 0.00114200226952994809 0.24824878471547057179 
0.77666052197182666728 0.00133618715861620195 0.00000000099999999987 0.00000000099999999987 0.22200328886955730812 
0.57435558625899507668 0.00000000100000000000 0.03753373942716348166 0.26736189207077981633 0.12074878124306170912 
0.71584957165129814438 0.00447518959416059754 0.00061489208481539561 0.00233625844872021411 0.27672408822100569292 
0.74499290291599951086 0.00237588005576159708 0.00000000099999999998 0.00273508242813450117 0.24989613360010437537 
0.55795947881076146668 0.00000000100000000000 0.04536013799914886957 0.28555177585693414244 0.11112860633315545245 
0.56988440750159574666 0.00000000100000000000 0.02414338441892168591 0.23036396469147571442 0.17560824238800695762 
0.62733620151029723111 0.00149256457067376935 0.00573659760084862212 0.24297053707966789760 0.12246409923851227231 
0.61556400113762066439 0.00657866418486595383 0.00000000099999999998 0.23070220489070838998 0.14715512878680497844 
0.59977364825857559794 0.00374988045871642436 0.00000000099999999999 0.22423710959914777696 0.17223936068356016094 
0.75832756987178440156 0.00000000099999999986 0.00000000099999999986 0.00000000099999999986 0.24167242712821568329 
0.58981292940158169813 0.00602255862655342190 0.00000000099999999998 0.27448722116726292919 0.12967728980460183075 
0.75349066230288941348 0.00684776083912886323 0.00000000100000000000 0.00537305707301722387 0.23428851878496445571 
0.54105410276667864622 0.00310495066172607973 0.01102962955745492163 0.29357987926845940940 0.15123143774568095776 
0.73967330077000703614 0.00261554577206216544 0.00000000099999999981 0.00000000099999999981 0.25771115145793072054 
0.73104105958220011452 0.00000000099999999980 0.00000000099999999980 0.00000000099999999980 0.26895893741779985930 
0.54480090971747319184 0.01124359167293978966 0.00000000099999999998 0.28965016441541552306 0.15430533319417141791 
0.77372033406880302842 0.00048116237322135886 0.00000000099999999987 0.00000000099999999987 0.22579850155797573374 
0.73871996935107353544 0.00000000099999999999 0.00012185277638159317 0.00209823705878140442 0.25905993981376351787 
0.87359981393410102157 0.00000000099999999999 0.00523836188552393930 0.00000000099999999999 0.12116182218037516161 
0.90716168720674050796 0.00000000100000000000 0.01759643035222155719 0.03763085262268014292 0.03761102881835786532 
0.93243039354210477399 0.00000000099999999998 0.00241848236142026309 0.00000000099999999998 0.06515112209647498653 
0.99223815201986698131 0.00000000099999999995 0.00202942566543248045 0.00000000099999999995 0.00573242031470065812 
0.91746377674985413186 0.00000000099999999999 0.00000000099999999999 0.02568350641181144089 0.05685271483833455319 
0.99999999600000000211 0.00000000099999999968 0.00000000099999999968 0.00000000099999999968 0.00000000099999999968 
0.99999999600000011313 0.00000000099999999970 0.00000000099999999970 0.00000000099999999970 0.00000000099999999970 
0.86055383995069245628 0.00597895721185981791 0.00000000099999999999 0.13346720083744784136 0.00000000099999999999 
0.99999999600000011313 0.00000000099999999994 0.00000000099999999994 0.00000000099999999994 0.00000000099999999994 
0.99999999600000011313 0.00000000099999999988 0.00000000099999999988 0.00000000099999999988 0.00000000099999999988 
0.99999999600000000211 0.00000000099999999935 0.00000000099999999935 0.00000000099999999935 0.00000000099999999935 
0.99921041994235471062 0.00000000099999999956 0.00000000099999999956 0.00000000099999999956 0.00078957705764527676 
0.99885326956487408001 0.00000000099999999956 0.00000000099999999956 0.00000000099999999956 0.00114672743512589858 
0.99999999600000000211 0.00000000099999999960 0.00000000099999999960 0.00000000099999999960 0.00000000099999999960 
0.99999999600000000211 0.00000000099999999947 0.00000000099999999947 0.00000000099999999947 0.00000000099999999947 
0.99185994434111568463 0.00000000099999999968 0.00000000099999999968 0.00000000099999999968 0.00814005265888433083 
0.99698372459025175196 0.00000000099999999985 0.00000000099999999985 0.00000000099999999985 0.00301627240974843220 
0.99999999600000011313 0.00000000099999999961 0.00000000099999999961 0.00000000099999999961 0.00000000099999999961 
0.99367629620619535302 0.00000000099999999997 0.00000000099999999997 0.00632370079380475351 0.00000000099999999997 
0.96662590826165417646 0.00032015183590137337 0.00000000099999999987 0.00000000099999999987 0.03305393790244456897 
0.99372946102579140515 0.00000000099999999974 0.00000000099999999974 0.00000000099999999974 0.00627053597420866062 
0.99273439931142115622 0.00000000099999999991 0.00082748180716191741 0.00000000099999999991 0.00643811688141703205 
0.99999999600000011313 0.00000000099999999955 0.00000000099999999955 0.00000000099999999955 0.00000000099999999955 
0.99999999600000000211 0.00000000099999999973 0.00000000099999999973 0.00000000099999999973 0.00000000099999999973 
0.99196287478647393598 0.00000000099999999991 0.00107599603984566417 0.00000000099999999991 0.00696112717368045728 
0.95599343558733462789 0.00000000099999999997 0.00000000099999999997 0.00455370234553947525 0.03945286006712587362 
0.99049769173528878774 0.00000000099999999976 0.00000000099999999976 0.00000000099999999976 0.00950230526471136476 
0.99354389675216603361 0.00000000099999999972 0.00000000099999999972 0.00000000099999999972 0.00645610024783416139 
0.99999999600000000211 0.00000000099999999948 0.00000000099999999948 0.00000000099999999948 0.00000000099999999948 
0.99550636323721630738 0.00000000099999999967 0.00000000099999999967 0.00000000099999999967 0.00449363376278370721 
0.97670836374340408437 0.00000000099999999971 0.00000000099999999971 0.00000000099999999971 0.02329163325659595885 
0.99276802199198888044 0.00000000099999999979 0.00000000099999999979 0.00000000099999999979 0.00723197500801119227 
0.92207377970467718775 0.00202492482885423741 0.00000000099999999995 0.00000000099999999995 0.07590129346646870556 
0.98690305507249420636 0.00157095699980166364 0.00000000099999999995 0.00000000099999999995 0.01152598592770408444 
0.99999999600000011313 0.00000000099999999986 0.00000000099999999986 0.00000000099999999986 0.00000000099999999986 
0.94692008416132633641 0.00000000099999999994 0.00000000099999999994 0.00057306591303097807 0.05250684792564278003 
0.99827595699232674065 0.00172404000767325031 0.00000000099999999983 0.00000000099999999983 0.00000000099999999983 
0.99368045648765346289 0.00312405076191615361 0.00000000099999999998 0.00319549075043039105 0.00000000099999999998 
0.99789769520267701530 0.00000000099999999998 0.00018519143302035939 0.00191711136430259394 0.00000000099999999998 
0.97130382142829363445 0.00671773212925584097 0.01091263069924480571 0.00000000099999999998 0.01106581474320569684 
0.99371512241341908300 0.00000000099999999997 0.00000000099999999997 0.00628256043704487552 0.00000231514953613157 
0.99678186522841916162 0.00000000099999999999 0.00321810949344686521 0.00000002327813407681 0.00000000099999999999 
0.99025405568343083385 0.00000000099999999984 0.00000000099999999984 0.00000000099999999984 0.00974594131656931865 
0.99536696345280128995 0.00000000099999999983 0.00000000099999999983 0.00000000099999999983 0.00463303354719884347 
0.96930608575222754197 0.00000000099999999977 0.00000000099999999977 0.00000000099999999977 0.03069391124777259491 
0.99465045752934944101 0.00325794484011445460 0.00187127805118164257 0.00000000099999999997 0.00022031857935452990 
0.99999999600000011313 0.00000000099999999970 0.00000000099999999970 0.00000000099999999970 0.00000000099999999970 
0.99480368306864597194 0.00186611329313365448 0.00332914652041938928 0.00000000099999999995 0.00000105611780103081 
0.85910567226530287765 0.00276373876797395999 0.00000000099999999996 0.00000000099999999996 0.13813058696672331216 
0.93002879407530292255 0.00000000099999999980 0.00000000099999999980 0.00000000099999999980 0.06997120292469712066 
0.99935212993112321200 0.00000000344529292395 0.00030386642067764297 0.00000000114258783198 0.00034399906031845330 
0.99999999600000011313 0.00000000099999999994 0.00000000099999999994 0.00000000099999999994 0.00000000099999999994 
0.99736250890207001074 0.00263748809793006933 0.00000000099999999995 0.00000000099999999995 0.00000000099999999995 
0.99400557366973996132 0.00423802079344631419 0.00000000099999999998 0.00175640353681371557 0.00000000099999999998 
0.98087712560500361914 0.00000000099999999986 0.00000000099999999986 0.00000000099999999986 0.01912287139499656285 
0.99997816477369927401 0.00000000099999999984 0.00000000099999999984 0.00000000099999999984 0.00002183222630080135 
0.95797595469726493089 0.00000000099999999981 0.00000000099999999981 0.00000000099999999981 0.04202404230273518865 
0.99795642382958438255 0.00204357317041556829 0.00000000099999999989 0.00000000099999999989 0.00000000099999999989 
0.99999999600000000211 0.00000000099999999978 0.00000000099999999978 0.00000000099999999978 0.00000000099999999978 
0.99999999600000011313 0.00000000099999999969 0.00000000099999999969 0.00000000099999999969 0.00000000099999999969 
0.98704530829231151845 0.00000000099999999998 0.01295468870768853344 0.00000000099999999998 0.00000000099999999998 
0.99999999600000000211 0.00000000099999999970 0.00000000099999999970 0.00000000099999999970 0.00000000099999999970 
0.98684437778062739088 0.00000000099999999997 0.00094821534313537924 0.00000000099999999997 0.01220740487623736027 
0.99999999600000011313 0.00000000099999999967 0.00000000099999999967 0.00000000099999999967 0.00000000099999999967 
0.99999999600000000211 0.00000000099999999989 0.00000000099999999989 0.00000000099999999989 0.00000000099999999989 
0.99441447374312763596 0.00000000099999999995 0.00000000099999999995 0.00065950104155830210 0.00492602321531418214 
0.97511580329296021485 0.00467148548565122102 0.00000000099999999998 0.00300061446077185727 0.01721209576061667745 
0.99867073094085234697 0.00000000099999999996 0.00000000099999999996 0.00132926605914775718 0.00000000099999999996 
0.99999999600000011313 0.00000000099999999993 0.00000000099999999993 0.00000000099999999993 0.00000000099999999993 
0.99303361534361422880 0.00000000099999999991 0.00000000099999999991 0.00093525125197133486 0.00603113140441450656 
0.98381208827898658509 0.00000000099999999994 0.00000000099999999994 0.00035294476906106754 0.01583496495195229475 
0.99096256710492147679 0.00000000099999999995 0.00000000099999999995 0.00000000099999999995 0.00903742989507855254 
0.99852121248189018576 0.00147878451810996652 0.00000000099999999994 0.00000000099999999994 0.00000000099999999994 
0.99075998495929518128 0.00000000099999999997 0.00000000099999999997 0.00849357672674203555 0.00074643631396290391 
0.99589986048404099961 0.00111373927269091768 0.00000000099999999997 0.00298639824326819587 0.00000000099999999997 
0.98995140821744465054 0.00455586138040365782 0.00029238473560107389 0.00004726223416256944 0.00515308343238806733 
0.89630050976270503327 0.00578363458592395709 0.00152229125761303295 0.01066864298474567638 0.08572492140901212532 
0.98645049622149572066 0.00000000100000000000 0.00143005059794776637 0.00214874579228762361 0.00997070638826884868 
0.96819447343595677058 0.00000000099999999999 0.00000000099999999999 0.00249914416335548497 0.02930638040068776415 
0.99999999600000011313 0.00000000099999999987 0.00000000099999999987 0.00000000099999999987 0.00000000099999999987 
0.99999999600000000211 0.00000000099999999971 0.00000000099999999971 0.00000000099999999971 0.00000000099999999971 
0.99906787090388260442 0.00093212609611743576 0.00000000099999999982 0.00000000099999999982 0.00000000099999999982 
0.99403740205215262993 0.00006329888931514304 0.00000000099999999994 0.00000000099999999994 0.00589929705853221679 
0.98981784610563994242 0.00000000099999999986 0.00000000099999999986 0.00000000099999999986 0.01018215089436013028 
0.99897529457262934649 0.00000000099999999998 0.00000000099999999998 0.00102470242737061215 0.00000000099999999998 
0.99417126035678415885 0.00000000099999999999 0.00295464279073230857 0.00287409485248350241 0.00000000099999999999 
0.99999999600000011313 0.00000000099999999995 0.00000000099999999995 0.00000000099999999995 0.00000000099999999995 
0.99281266324359063180 0.00117921828774618961 0.00147109548125649641 0.00453702198740672021 0.00000000100000000000 
0.99019140268109762104 0.00140951606150063746 0.00094843505572592710 0.00132971883967548596 0.00612092736200039924 
0.99227999544275957700 0.00207777486758724565 0.00000000099999999999 0.00564215900596685103 0.00000006968368639273 
0.98189419010400647014 0.00954657896042986065 0.00855922893556370322 0.00000000099999999999 0.00000000099999999999 
0.97575904479688746473 0.00000000099999999999 0.00000000099999999999 0.01224336337233963151 0.01199758983077302103 
0.99906753582642005007 0.00000000099999999997 0.00000000099999999997 0.00000000099999999997 0.00093246117358016184 
0.99999999600000011313 0.00000000099999999979 0.00000000099999999979 0.00000000099999999979 0.00000000099999999979 
0.99979765610964088651 0.00020234089035928491 0.00000000099999999987 0.00000000099999999987 0.00000000099999999987 
0.99536729872225337967 0.00381494578850799558 0.00000000099999999995 0.00000000099999999995 0.00081775348923868651 
0.99489513483245439751 0.00000000099999999990 0.00000000099999999990 0.00000000099999999990 0.00510486216754563182 
0.96565532892945371568 0.00199066206971792049 0.00000000099999999993 0.00000000099999999993 0.03235400700082837616 
0.98742329596117828228 0.00000000099999999988 0.00000000099999999988 0.00000000099999999988 0.01257670103882190665 
0.99999999600000000211 0.00000000099999999985 0.00000000099999999985 0.00000000099999999985 0.00000000099999999985 
0.99737832572484041993 0.00000000099999999954 0.00000000099999999954 0.00000000099999999954 0.00262167127515957731 
0.99999999600000011313 0.00000000099999999995 0.00000000099999999995 0.00000000099999999995 0.00000000099999999995 
0.99999961948908300258 0.00000000099999999995 0.00000000099999999995 0.00000000099999999995 0.00000037751091708311 
0.95703277742935999317 0.00000000099999999994 0.00000000099999999994 0.00000000099999999994 0.04296721957064016800 
0.97420826500315693686 0.00220905442003504517 0.00000000099999999991 0.00000000099999999991 0.02358267857680798954 
0.99409066611467333807 0.00000000099999999992 0.00000000099999999992 0.00000000099999999992 0.00590933088532676846 
0.97687488919633624906 0.00000000099999999998 0.00000000099999999998 0.00074339802484422340 0.02238171077881958085 
0.99999999600000011313 0.00000000099999999986 0.00000000099999999986 0.00000000099999999986 0.00000000099999999986 
0.97968042716889280896 0.00126050639651013961 0.00000000099999999998 0.00592905024775453385 0.01313001518684246520 
0.97887534606099479983 0.00000000099999999997 0.00000000099999999997 0.00735231219469072942 0.01377233974431452297 
0.99870064342630160414 0.00000000099999999999 0.00079667752619426619 0.00050267704750399465 0.00000000099999999999 
0.99794655526879227914 0.00000000099999999996 0.00000000099999999996 0.00205344173120762877 0.00000000099999999996 
0.99999999600000000211 0.00000000099999999965 0.00000000099999999965 0.00000000099999999965 0.00000000099999999965 
0.98319833444718540694 0.00000000099999999988 0.00000000099999999988 0.00000000099999999988 0.01680166255281461546 
0.99999999600000000211 0.00000000099999999978 0.00000000099999999978 0.00000000099999999978 0.00000000099999999978 
0.99158992466098705432 0.00000000099999999985 0.00000000099999999985 0.00000000099999999985 0.00841007233901291430 
0.99999734674595963657 0.00000000099999999979 0.00000000099999999979 0.00000000099999999979 0.00000265025404042536 
0.98036028418265164230 0.00000000099999999985 0.00000000099999999985 0.00000000099999999985 0.01963971281734836968 
0.99510047987988481388 0.00000000099999999972 0.00000000099999999972 0.00000000099999999972 0.00489951712011526229 
0.92320805760181590127 0.00046173156757509543 0.00000000100000000000 0.00150707444342343356 0.07482313538718565749 
0.99999999600000011313 0.00000000099999999980 0.00000000099999999980 0.00000000099999999980 0.00000000099999999980 
0.99999999600000011313 0.00000000099999999984 0.00000000099999999984 0.00000000099999999984 0.00000000099999999984 
0.98242943827001738555 0.00000000099999999988 0.00000000099999999988 0.00000000099999999988 0.01757055872998263685 
0.99749879505181049399 0.00000000099999999973 0.00000000099999999973 0.00000000099999999973 0.00250120194818949414 
0.99999999600000000211 0.00000000099999999977 0.00000000099999999977 0.00000000099999999977 0.00000000099999999977 
0.99949838807470825497 0.00000000099999999995 0.00050160892529177491 0.00000000099999999995 0.00000000099999999995 
0.99999999600000011313 0.00000000099999999973 0.00000000099999999973 0.00000000099999999973 0.00000000099999999973 
0.99500235502466738424 0.00000000099999999984 0.00000000099999999984 0.00000000099999999984 0.00499764197533263642 
0.99999999600000000211 0.00000000099999999972 0.00000000099999999972 0.00000000099999999972 0.00000000099999999972 
0.99696884032544386134 0.00000000099999999968 0.00000000099999999968 0.00000000099999999968 0.00303115667455615021 
0.99999999600000011313 0.00000000099999999975 0.00000000099999999975 0.00000000099999999975 0.00000000099999999975 
0.99699340066001529426 0.00095686211195096754 0.00000000099999999998 0.00204973522803381233 0.00000000099999999998 
0.99793843083093169977 0.00069546960534582359 0.00000000099999999994 0.00136609756372254297 0.00000000099999999994 
0.99696776690565958035 0.00000000099999999998 0.00008776225778810392 0.00113743134052403947 0.00180703849602836309 
0.99999999600000000211 0.00000000099999999986 0.00000000099999999986 0.00000000099999999986 0.00000000099999999986 
0.99999999600000000211 0.00000000099999999949 0.00000000099999999949 0.00000000099999999949 0.00000000099999999949 
0.99999999600000011313 0.00000000099999999951 0.00000000099999999951 0.00000000099999999951 0.00000000099999999951 
0.99745722320120355775 0.00000000099999999970 0.00000000099999999970 0.00000000099999999970 0.00254277379879646465 
0.99999999600000000211 0.00000000099999999963 0.00000000099999999963 0.00000000099999999963 0.00000000099999999963 
0.99772421425802026995 0.00000000099999999955 0.00000000099999999955 0.00000000099999999955 0.00227578274197991030 
0.99705251619364021476 0.00000000099999999955 0.00000000099999999955 0.00000000099999999955 0.00294748080635991345 
0.99999999600000011313 0.00000000099999999969 0.00000000099999999969 0.00000000099999999969 0.00000000099999999969 
0.99999999600000000211 0.00000000099999999947 0.00000000099999999947 0.00000000099999999947 0.00000000099999999947 
0.99583564138248548137 0.00000000099999999977 0.00000000099999999977 0.00000000099999999977 0.00416435561751464078 
0.99860420996593712850 0.00000000099999999962 0.00000000099999999962 0.00000000099999999962 0.00139578703406285226 
0.99999999600000000211 0.00000000099999999954 0.00000000099999999954 0.00000000099999999954 0.00000000099999999954 
0.98957649461448682349 0.00000000099999999983 0.00000000099999999983 0.00000000099999999983 0.01042350238551333422 
0.99999999600000011313 0.00000000099999999975 0.00000000099999999975 0.00000000099999999975 0.00000000099999999975 
0.99999999600000000211 0.00000000099999999979 0.00000000099999999979 0.00000000099999999979 0.00000000099999999979 
0.99999999600000000211 0.00000000099999999974 0.00000000099999999974 0.00000000099999999974 0.00000000099999999974 
0.99764453833632138480 0.00000000099999999969 0.00000000099999999969 0.00000000099999999969 0.00235545866367865148 
