0.00000000099999999835 0.99999999200000000421 0.00000000099999999835 0.00000000099999999835 0.00000000099999999835 0.00000000099999999835 0.00000000099999999835 0.00000000099999999835 0.00000000099999999835 
0.00000000099999999844 0.99999999200000000421 0.00000000099999999844 0.00000000099999999844 0.00000000099999999844 0.00000000099999999844 0.00000000099999999844 0.00000000099999999844 0.00000000099999999844 
0.00000000099999999839 0.99999999200000011523 0.00000000099999999839 0.00000000099999999839 0.00000000099999999839 0.00000000099999999839 0.00000000099999999839 0.00000000099999999839 0.00000000099999999839 
0.00000000099999999843 0.99999999200000011523 0.00000000099999999843 0.00000000099999999843 0.00000000099999999843 0.00000000099999999843 0.00000000099999999843 0.00000000099999999843 0.00000000099999999843 
0.00000000099999999848 0.99999999200000000421 0.00000000099999999848 0.00000000099999999848 0.00000000099999999848 0.00000000099999999848 0.00000000099999999848 0.00000000099999999848 0.00000000099999999848 
0.00000000099999999847 0.99999999200000000421 0.00000000099999999847 0.00000000099999999847 0.00000000099999999847 0.00000000099999999847 0.00000000099999999847 0.00000000099999999847 0.00000000099999999847 
0.00000000099999999838 0.99999999200000011523 0.00000000099999999838 0.00000000099999999838 0.00000000099999999838 0.00000000099999999838 0.00000000099999999838 0.00000000099999999838 0.00000000099999999838 
0.00000000099999999853 0.99999999200000011523 0.00000000099999999853 0.00000000099999999853 0.00000000099999999853 0.00000000099999999853 0.00000000099999999853 0.00000000099999999853 0.00000000099999999853 
0.00000000099999999842 0.99999999200000000421 0.00000000099999999842 0.00000000099999999842 0.00000000099999999842 0.00000000099999999842 0.00000000099999999842 0.00000000099999999842 0.00000000099999999842 
0.00000000099999999851 0.99999999200000011523 0.00000000099999999851 0.00000000099999999851 0.00000000099999999851 0.00000000099999999851 0.00000000099999999851 0.00000000099999999851 0.00000000099999999851 
0.00000000099999999846 0.99999999200000000421 0.00000000099999999846 0.00000000099999999846 0.00000000099999999846 0.00000000099999999846 0.00000000099999999846 0.00000000099999999846 0.00000000099999999846 
0.00000000099999999874 0.99999999200000000421 0.00000000099999999874 0.00000000099999999874 0.00000000099999999874 0.00000000099999999874 0.00000000099999999874 0.00000000099999999874 0.00000000099999999874 
0.00000000099999999845 0.99999999200000000421 0.00000000099999999845 0.00000000099999999845 0.00000000099999999845 0.00000000099999999845 0.00000000099999999845 0.00000000099999999845 0.00000000099999999845 
0.00000000099999999841 0.99999999200000000421 0.00000000099999999841 0.00000000099999999841 0.00000000099999999841 0.00000000099999999841 0.00000000099999999841 0.00000000099999999841 0.00000000099999999841 
0.00000000099999999844 0.99999999200000011523 0.00000000099999999844 0.00000000099999999844 0.00000000099999999844 0.00000000099999999844 0.00000000099999999844 0.00000000099999999844 0.00000000099999999844 
0.00000000099999999845 0.99999999200000000421 0.00000000099999999845 0.00000000099999999845 0.00000000099999999845 0.00000000099999999845 0.00000000099999999845 0.00000000099999999845 0.00000000099999999845 
0.00000000099999999843 0.99999999200000000421 0.00000000099999999843 0.00000000099999999843 0.00000000099999999843 0.00000000099999999843 0.00000000099999999843 0.00000000099999999843 0.00000000099999999843 
0.00000000099999999855 0.99999999200000000421 0.00000000099999999855 0.00000000099999999855 0.00000000099999999855 0.00000000099999999855 0.00000000099999999855 0.00000000099999999855 0.00000000099999999855 
0.00000000099999999857 0.99999999200000000421 0.00000000099999999857 0.00000000099999999857 0.00000000099999999857 0.00000000099999999857 0.00000000099999999857 0.00000000099999999857 0.00000000099999999857 
0.00000000099999999854 0.99999999200000011523 0.00000000099999999854 0.00000000099999999854 0.00000000099999999854 0.00000000099999999854 0.00000000099999999854 0.00000000099999999854 0.00000000099999999854 
0.00000000099999999849 0.99999999200000011523 0.00000000099999999849 0.00000000099999999849 0.00000000099999999849 0.00000000099999999849 0.00000000099999999849 0.00000000099999999849 0.00000000099999999849 
0.00000000099999999851 0.99999999200000000421 0.00000000099999999851 0.00000000099999999851 0.00000000099999999851 0.00000000099999999851 0.00000000099999999851 0.00000000099999999851 0.00000000099999999851 
0.00000000099999999849 0.99999999200000000421 0.00000000099999999849 0.00000000099999999849 0.00000000099999999849 0.00000000099999999849 0.00000000099999999849 0.00000000099999999849 0.00000000099999999849 
0.00000000099999999851 0.99999999200000000421 0.00000000099999999851 0.00000000099999999851 0.00000000099999999851 0.00000000099999999851 0.00000000099999999851 0.00000000099999999851 0.00000000099999999851 
0.00000000099999999891 0.99999999200000000421 0.00000000099999999891 0.00000000099999999891 0.00000000099999999891 0.00000000099999999891 0.00000000099999999891 0.00000000099999999891 0.00000000099999999891 
0.00000000099999999847 0.99999999200000011523 0.00000000099999999847 0.00000000099999999847 0.00000000099999999847 0.00000000099999999847 0.00000000099999999847 0.00000000099999999847 0.00000000099999999847 
0.00000000099999999854 0.99999999200000011523 0.00000000099999999854 0.00000000099999999854 0.00000000099999999854 0.00000000099999999854 0.00000000099999999854 0.00000000099999999854 0.00000000099999999854 
0.00000000099999999855 0.99999999200000000421 0.00000000099999999855 0.00000000099999999855 0.00000000099999999855 0.00000000099999999855 0.00000000099999999855 0.00000000099999999855 0.00000000099999999855 
0.00000000099999999858 0.99999999200000000421 0.00000000099999999858 0.00000000099999999858 0.00000000099999999858 0.00000000099999999858 0.00000000099999999858 0.00000000099999999858 0.00000000099999999858 
0.00000000099999999853 0.99999999200000000421 0.00000000099999999853 0.00000000099999999853 0.00000000099999999853 0.00000000099999999853 0.00000000099999999853 0.00000000099999999853 0.00000000099999999853 
0.00000000099999999874 0.99999999200000011523 0.00000000099999999874 0.00000000099999999874 0.00000000099999999874 0.00000000099999999874 0.00000000099999999874 0.00000000099999999874 0.00000000099999999874 
0.00000000099999999897 0.99999999200000011523 0.00000000099999999897 0.00000000099999999897 0.00000000099999999897 0.00000000099999999897 0.00000000099999999897 0.00000000099999999897 0.00000000099999999897 
0.00000000099999999868 0.99999999200000011523 0.00000000099999999868 0.00000000099999999868 0.00000000099999999868 0.00000000099999999868 0.00000000099999999868 0.00000000099999999868 0.00000000099999999868 
0.00000000099999999887 0.99999999200000000421 0.00000000099999999887 0.00000000099999999887 0.00000000099999999887 0.00000000099999999887 0.00000000099999999887 0.00000000099999999887 0.00000000099999999887 
0.00000000099999999866 0.99999999200000011523 0.00000000099999999866 0.00000000099999999866 0.00000000099999999866 0.00000000099999999866 0.00000000099999999866 0.00000000099999999866 0.00000000099999999866 
0.00000000099999999881 0.99999999200000000421 0.00000000099999999881 0.00000000099999999881 0.00000000099999999881 0.00000000099999999881 0.00000000099999999881 0.00000000099999999881 0.00000000099999999881 
0.00000000099999999870 0.99999999200000000421 0.00000000099999999870 0.00000000099999999870 0.00000000099999999870 0.00000000099999999870 0.00000000099999999870 0.00000000099999999870 0.00000000099999999870 
0.00000000099999999875 0.99999999200000011523 0.00000000099999999875 0.00000000099999999875 0.00000000099999999875 0.00000000099999999875 0.00000000099999999875 0.00000000099999999875 0.00000000099999999875 
0.00000000099999999878 0.99999999200000011523 0.00000000099999999878 0.00000000099999999878 0.00000000099999999878 0.00000000099999999878 0.00000000099999999878 0.00000000099999999878 0.00000000099999999878 
0.00000000099999999906 0.99999999200000011523 0.00000000099999999906 0.00000000099999999906 0.00000000099999999906 0.00000000099999999906 0.00000000099999999906 0.00000000099999999906 0.00000000099999999906 
0.00000000099999999869 0.99999999200000011523 0.00000000099999999869 0.00000000099999999869 0.00000000099999999869 0.00000000099999999869 0.00000000099999999869 0.00000000099999999869 0.00000000099999999869 
0.00000000099999999887 0.99999999200000011523 0.00000000099999999887 0.00000000099999999887 0.00000000099999999887 0.00000000099999999887 0.00000000099999999887 0.00000000099999999887 0.00000000099999999887 
0.00000000099999999875 0.99999999200000011523 0.00000000099999999875 0.00000000099999999875 0.00000000099999999875 0.00000000099999999875 0.00000000099999999875 0.00000000099999999875 0.00000000099999999875 
0.00000000099999999872 0.99999999200000011523 0.00000000099999999872 0.00000000099999999872 0.00000000099999999872 0.00000000099999999872 0.00000000099999999872 0.00000000099999999872 0.00000000099999999872 
0.00000000099999999887 0.99999999200000011523 0.00000000099999999887 0.00000000099999999887 0.00000000099999999887 0.00000000099999999887 0.00000000099999999887 0.00000000099999999887 0.00000000099999999887 
0.00000000099999999876 0.99999999200000000421 0.00000000099999999876 0.00000000099999999876 0.00000000099999999876 0.00000000099999999876 0.00000000099999999876 0.00000000099999999876 0.00000000099999999876 
0.00000000099999999880 0.99999999200000000421 0.00000000099999999880 0.00000000099999999880 0.00000000099999999880 0.00000000099999999880 0.00000000099999999880 0.00000000099999999880 0.00000000099999999880 
0.00000000099999999906 0.99999999200000011523 0.00000000099999999906 0.00000000099999999906 0.00000000099999999906 0.00000000099999999906 0.00000000099999999906 0.00000000099999999906 0.00000000099999999906 
0.00000000099999999909 0.99999999200000011523 0.00000000099999999909 0.00000000099999999909 0.00000000099999999909 0.00000000099999999909 0.00000000099999999909 0.00000000099999999909 0.00000000099999999909 
0.00000000099999999923 0.99999999200000022626 0.00000000099999999923 0.00000000099999999923 0.00000000099999999923 0.00000000099999999923 0.00000000099999999923 0.00000000099999999923 0.00000000099999999923 
0.00000000099999999956 0.99999999200000022626 0.00000000099999999956 0.00000000099999999956 0.00000000099999999956 0.00000000099999999956 0.00000000099999999956 0.00000000099999999956 0.00000000099999999956 
0.00000000099999999938 0.00000000099999999938 0.00000000099999999938 0.00000000099999999938 0.00000000099999999938 0.89200747981695982514 0.00000000099999999938 0.00000000099999999938 0.10799251318304037284 
0.00000000099999999923 0.00000000099999999923 0.00000000099999999923 0.00000000099999999923 0.00000000099999999923 0.83889471947980909228 0.00000000099999999923 0.00000000099999999923 0.16110527352019093916 
0.00000000099999999952 0.00000000099999999952 0.00000000099999999952 0.00000000099999999952 0.00000000099999999952 0.83610725864451562739 0.00000000099999999952 0.00000000099999999952 0.16389273435548443181 
0.00000000099999999906 0.00000000099999999906 0.00000328051392770952 0.00000000099999999906 0.00000000099999999906 0.86749742848080713120 0.01219033963619694377 0.00000000099999999906 0.12030894636906810935 
0.00000000099999999915 0.00000000099999999915 0.00002434643552344849 0.00000000099999999915 0.00000000099999999915 0.90019895083396950231 0.01361133590747639135 0.00000000099999999915 0.08616536182303087543 
0.00000000099999999900 0.00000000099999999900 0.00000000099999999900 0.00000000099999999900 0.00000000099999999900 0.86355766360847530105 0.01493885105327753642 0.00000000099999999900 0.12150347933824723334 
0.00000000099999999933 0.00000000099999999933 0.02271453172433154921 0.00000000099999999933 0.00000000099999999933 0.85954691242640113291 0.00000000099999999933 0.00000000099999999933 0.11773854984926741818 
0.00000000099999999909 0.00000000099999999909 0.00000000099999999909 0.00000000099999999909 0.00000000099999999909 0.87643856687300913944 0.01720870579728773359 0.00000000099999999909 0.10635272132970315095 
0.00000000099999999928 0.00000000099999999928 0.01315530217172702215 0.00000000099999999928 0.00000000099999999928 0.85432154919225089529 0.00000000099999999928 0.00000000099999999928 0.13252314263602202327 
0.00000000099999999975 0.00000000099999999975 0.00000000099999999975 0.00000000099999999975 0.00690950976865828230 0.86586939240154447983 0.02905628943889248042 0.00000000099999999975 0.09816480339090494223 
0.00000000099999999915 0.00000000099999999915 0.00000000099999999915 0.00000000099999999915 0.00000000099999999915 0.88499324596535855481 0.00006857389495478870 0.00000000099999999915 0.11493817413968682173 
0.00000000099999999912 0.00000000099999999912 0.00027361738386737092 0.00000000099999999912 0.00000000099999999912 0.86240819231311771631 0.00000000099999999912 0.00000000099999999912 0.13731818430301481748 
0.00000000099999999971 0.00000000099999999971 0.00300550096690540766 0.00000000099999999971 0.00654822714462108182 0.81611775380154139015 0.02191152496908609082 0.00000000099999999971 0.15241698911784620774 
0.00000000099999999928 0.00000000099999999928 0.02119321596399671367 0.00000000099999999928 0.00000000099999999928 0.86599471881276446350 0.00000007343763207825 0.00000000099999999928 0.11281198678560699911 
0.00000000099999999956 0.00000000099999999956 0.00000000099999999956 0.00000000099999999956 0.00000000099999999956 0.91716822025732913648 0.00000000099999999956 0.00000000099999999956 0.08283177274267106149 
0.00000000099999999900 0.00000000099999999900 0.00000000099999999900 0.00000000099999999900 0.00000000099999999900 0.89202440996032084097 0.00000000099999999900 0.00000000099999999900 0.10797558303967916271 
0.00000000099999999943 0.00000000099999999943 0.00841817108998786125 0.00000000099999999943 0.00000000099999999943 0.78949602937272933545 0.00462754226431958716 0.00000000099999999943 0.19745825227296340265 
0.00000000099999999949 0.00000000099999999949 0.00000000099999999949 0.00000000099999999949 0.00000000099999999949 0.83086917757907285953 0.00501880052129403086 0.00000000099999999949 0.16411201589963325675 
0.00000000099999999923 0.00000000099999999923 0.00000000099999999923 0.00000000099999999923 0.00000000099999999923 0.87774161322675559038 0.00000000099999999923 0.00000000099999999923 0.12225837977324449657 
0.00000000099999999921 0.00000000099999999921 0.00000000099999999921 0.00000000099999999921 0.00000000099999999921 0.86415104059069203224 0.01284345351603058405 0.00000000099999999921 0.12300549989327738687 
0.00000000099999999927 0.00000000099999999927 0.02847984729320022015 0.00000000099999999927 0.00000000099999999927 0.79515150115167154699 0.01248111676619936307 0.00000000099999999927 0.16388752978892884293 
0.00000000099999999904 0.00000000099999999904 0.00000000099999999904 0.00000000099999999904 0.00000000099999999904 0.81026738138266418687 0.03581668019322040153 0.00000000099999999904 0.15391593242411544251 
0.00000000099999999926 0.00000000099999999926 0.00000000099999999926 0.00000000099999999926 0.00000000099999999926 0.86634380117155584955 0.00787480083153588653 0.00000000099999999926 0.12578139199690829830 
0.00000000099999999928 0.00000000099999999928 0.00000000099999999928 0.00000000099999999928 0.00000000099999999928 0.81845234807178512959 0.00000000099999999928 0.00000000099999999928 0.18154764492821504063 
0.00000000099999999951 0.00000000099999999951 0.00000000099999999951 0.00000000099999999951 0.00000000099999999951 0.80283879670109747906 0.00000000099999999951 0.00000000099999999951 0.19716119629890271892 
0.00000000099999999914 0.00000000099999999914 0.00000000099999999914 0.00000000099999999914 0.00000000099999999914 0.87461928148734835453 0.00000505541688500226 0.00000000099999999914 0.12537565709576678485 
0.00000000099999999927 0.00000000099999999927 0.00000000099999999927 0.00000000099999999927 0.00000000099999999927 0.82875726490834888960 0.00123786702507762848 0.00000000099999999927 0.17000486206657350330 
0.00433226353429999513 0.00013543440897334256 0.00000000099999999990 0.00000000099999999990 0.00000000099999999990 0.78887995314328263063 0.01401958186298403984 0.00000000099999999990 0.19263276305045998193 
0.00000000099999999961 0.00000000099999999961 0.00000000099999999961 0.00000000099999999961 0.00000000099999999961 0.84875459070531378281 0.03047567362202033628 0.00000000099999999961 0.12076972967266605408 
0.00000000099999999933 0.00000000099999999933 0.00000000099999999933 0.00000000099999999933 0.00000000099999999933 0.82792994639058825612 0.00051681582308060335 0.00000000099999999933 0.17155323178633113956 
0.00000000099999999911 0.00000000099999999911 0.00000000099999999911 0.00000000099999999911 0.00000000099999999911 0.88385900652259419275 0.00000000099999999911 0.00000000099999999911 0.11614098647740606074 
0.00000000099999999977 0.00000000099999999977 0.00000000099999999977 0.00450493162172931755 0.00000000099999999977 0.90022255119671823476 0.00000000099999999977 0.00000000099999999977 0.09527251118155266596 
0.00000000099999999962 0.00000000099999999962 0.01173726441672302660 0.00000000099999999962 0.00000000099999999962 0.76224789602536724420 0.00000000099999999962 0.00000000099999999962 0.22601483355790971674 
0.00000000099999999956 0.00000000099999999956 0.00000738927066298222 0.00000000099999999956 0.00000000099999999956 0.84500435359236869548 0.00000000099999999956 0.00000000099999999956 0.15498825113696848566 
0.00000000099999999945 0.00000000099999999945 0.03376126592697991508 0.00000000099999999945 0.00000000099999999945 0.78570875247010496523 0.00000000099999999945 0.00000000099999999945 0.18052997560291511592 
0.00000000099999999956 0.00000000099999999956 0.02532833886748930147 0.00000000099999999956 0.00000000099999999956 0.84726938481800406766 0.00427264784197407734 0.00000000099999999956 0.12312962347253274265 
0.00000000099999999941 0.00000000099999999941 0.00000000099999999941 0.00000000099999999941 0.00000000099999999941 0.81549100015271636099 0.00021097008025648407 0.00000000099999999941 0.18429802376702722477 
0.00000000099999999944 0.00000000099999999944 0.00000000099999999944 0.00000000099999999944 0.00000000099999999944 0.81814830596060206247 0.00000000099999999944 0.00000000099999999944 0.18185168703939805224 
0.00000000099999999945 0.00000000099999999945 0.00467860983399693859 0.00000000099999999945 0.00000000099999999945 0.77812985001996282097 0.00000000099999999945 0.00000000099999999945 0.21719153414604039365 
0.00000000099999999978 0.00000000099999999978 0.00000151334278796515 0.00000000099999999978 0.00000000099999999978 0.90831797698136418351 0.02275771554114118869 0.00000000099999999978 0.06892278913470674395 
0.00000000099999999951 0.00000000099999999951 0.00000000099999999951 0.00000000099999999951 0.00000000099999999951 0.89515811308431492144 0.00000000099999999951 0.00000000099999999951 0.10484187991568515164 
0.00000000099999999978 0.00000000099999999978 0.01879458757917388742 0.00000000099999999978 0.00000000099999999978 0.88794568645733540357 0.00608733399186837248 0.00000000099999999978 0.08717238697162224548 
0.00000000099999999936 0.00000000099999999936 0.00000000099999999936 0.00000000099999999936 0.00000000099999999936 0.89526395975614658784 0.00000000099999999936 0.00000000099999999936 0.10473603324385334645 
0.00000000099999999925 0.00000000099999999925 0.00697532818463520495 0.00000000099999999925 0.00000000099999999925 0.83179538101150030105 0.00000000099999999925 0.00000000099999999925 0.16122928480386455874 
0.00000000099999999925 0.00000000099999999925 0.00000000099999999925 0.00000000099999999925 0.00000000099999999925 0.80622819409465440454 0.00000000099999999925 0.00000000099999999925 0.19377179890534559914 
0.00000000099999999927 0.00000000099999999927 0.00000000099999999927 0.00000000099999999927 0.00000000099999999927 0.84148824879219952244 0.00000000099999999927 0.00000000099999999927 0.15851174420780056451 
0.00000000099999999929 0.00000000099999999929 0.00485121855179883408 0.00000000099999999929 0.00000000099999999929 0.85651387152674085534 0.00000000099999999929 0.00000000099999999929 0.13863490392146035624 
0.00000000099999999953 0.00000000099999999953 0.00000000099999999953 0.00000000099999999953 0.00000000099999999953 0.82299297289320649806 0.00000000099999999953 0.00000000099999999953 0.17700702010679356113 
0.00000000099999999929 0.00000000099999999929 0.02539973556772842991 0.00000000099999999929 0.00000000099999999929 0.81248976174571096998 0.00000000099999999929 0.00000000099999999929 0.16211049668656069001 
0.00000000099999999940 0.00000000099999999940 0.00000000099999999940 0.00000000099999999940 0.00000000099999999940 0.79928893644165643906 0.00309925015621931831 0.00000000099999999940 0.19761180740212427875 
0.00000000099999999926 0.00000000099999999926 0.03291467972297471706 0.00000000099999999926 0.00000000099999999926 0.81115261376954861383 0.00152252496661127120 0.00000000099999999926 0.15441017654086536259 
0.00000000099999999938 0.00000000099999999938 0.00000000099999999938 0.00000000099999999938 0.00000000099999999938 0.81700478960072031587 0.00000000099999999938 0.00000000099999999938 0.18299520339927979884 
0.00000000099999999948 0.00000000099999999948 0.00000000099999999948 0.00000000099999999948 0.00000000099999999948 0.94923617436297658134 0.00000000099999999948 0.00000000099999999948 0.05076381863702341540 
0.00000000099999999949 0.00000000099999999949 0.00000003608242517205 0.00000000099999999949 0.00000000099999999949 0.91034626052870182278 0.00806103143388288944 0.00000000099999999949 0.08159266695499012290 
0.00000000099999999930 0.00000000099999999930 0.01477739140031542747 0.00000000099999999930 0.00000000099999999930 0.84067408335556870203 0.00262684880170618558 0.00000000099999999930 0.14192167144240966370 
0.00000000099999999937 0.00000000099999999937 0.00843858800995142370 0.00000000099999999937 0.00000000099999999937 0.87548325620393230295 0.00000000099999999937 0.00000000099999999937 0.11607814978611639967 
0.00000000099999999951 0.00000000099999999951 0.00000000099999999951 0.00000000099999999951 0.00000000099999999951 0.87756832703645804017 0.00000000099999999951 0.00000000099999999951 0.12243166596354196352 
0.00000000099999999955 0.00000000099999999955 0.00000000099999999955 0.00000000099999999955 0.00000000099999999955 0.89422866050116756043 0.00000000099999999955 0.00000000099999999955 0.10577133249883252653 
0.00000000099999999923 0.00000000099999999923 0.02862039238973328875 0.00000000099999999923 0.00000000099999999923 0.87778715141744911854 0.00000000099999999923 0.00000000099999999923 0.09359245019281767219 
0.00000000099999999946 0.00000000099999999946 0.00000000099999999946 0.00000000099999999946 0.00000000099999999946 0.92625286069047052528 0.00000000099999999946 0.00000000099999999946 0.07374713230952946452 
0.00000000099999999926 0.00000000099999999926 0.00000000099999999926 0.00000000099999999926 0.00000000099999999926 0.87770639403093608788 0.00000000099999999926 0.00000000099999999926 0.12229359896906398519 
0.00000000099999999957 0.00000000099999999957 0.00000000099999999957 0.00000000099999999957 0.00000000099999999957 0.87743862116055892919 0.00000000099999999957 0.00000000099999999957 0.12256137183944119939 
0.00000000099999999950 0.00000000099999999950 0.00000000099999999950 0.00000000099999999950 0.00000000099999999950 0.90917898214323911166 0.00000000099999999950 0.00000000099999999950 0.09082101085676094754 
0.00000000099999999956 0.00000000099999999956 0.00000000099999999956 0.00000000099999999956 0.00000000099999999956 0.89894909213541307480 0.00000000099999999956 0.00000000099999999956 0.10105090086458705378 
0.00000000099999999934 0.00000000099999999934 0.02717224721908007012 0.00000000099999999934 0.00000000099999999934 0.86258234875790085194 0.00000000099999999934 0.00000000099999999934 0.11024539802301913660 
0.00000000099999999974 0.00000000099999999974 0.00000000099999999974 0.00000000099999999974 0.00000000099999999974 0.87725403751730790525 0.00712565605459494246 0.00000000099999999974 0.11562030042809724739 
0.00000000099999999987 0.00000000099999999987 0.00000002186189149085 0.00000000099999999987 0.00793835141354730899 0.92232650445792141447 0.00000000099999999987 0.00000000099999999987 0.06973511726663990384 
0.00000000099999999984 0.00000000099999999984 0.00706306094682084516 0.00000000099999999984 0.00636747586075820347 0.85133411610318376894 0.00637992914908118870 0.00000000099999999984 0.12885541394015617711 
0.00000000099999999985 0.00000000099999999985 0.00000000099999999985 0.00662820326411393997 0.00000000099999999985 0.87522364943937203119 0.00000000099999999985 0.00000000099999999985 0.11814814129651421415 
0.00000000099999999987 0.00000000099999999987 0.00000000099999999987 0.00196434668694947089 0.00000000099999999987 0.87872672951096386651 0.00808616935043389266 0.00000000099999999987 0.11122274945165278037 
0.00000000099999999993 0.00338510106760073594 0.00857975646202070903 0.00000039357663934362 0.00000000099999999993 0.83265716453999849556 0.00043892327099365620 0.00000000099999999993 0.15493865808274717710 
0.00000000099999999982 0.00000000099999999982 0.00032186211393690664 0.00000000099999999982 0.00382957645634218616 0.91195091313251575027 0.00000000099999999982 0.00000000099999999982 0.08389764329720530989 
0.00000000099999999939 0.00000000099999999939 0.98981633408343683289 0.00000000099999999939 0.00000000099999999939 0.00000000099999999939 0.00000000099999999939 0.00000000099999999939 0.01018365891656317600 
0.00000000099999999938 0.00000000099999999938 0.99999999200000011523 0.00000000099999999938 0.00000000099999999938 0.00000000099999999938 0.00000000099999999938 0.00000000099999999938 0.00000000099999999938 
0.00000000099999999962 0.00000000099999999962 0.96090064542974751305 0.00000000099999999962 0.00000000099999999962 0.00861280570424635510 0.02490902245954012065 0.00000000099999999962 0.00557752140646604246 
0.00000000099999999983 0.00000000099999999983 0.99999999200000011523 0.00000000099999999983 0.00000000099999999983 0.00000000099999999983 0.00000000099999999983 0.00000000099999999983 0.00000000099999999983 
0.00000000099999999935 0.00000000099999999935 0.99408293825376026209 0.00000000099999999935 0.00000000099999999935 0.00023543416799476545 0.00000000099999999935 0.00000000099999999935 0.00568162157824506596 
0.00000000099999999945 0.00000000099999999945 0.99984387864513868394 0.00000000099999999945 0.00000000099999999945 0.00000000099999999945 0.00000000099999999945 0.00000000099999999945 0.00015611435486146232 
0.00000000099999999957 0.00000000099999999957 0.99450100648592898445 0.00000000099999999957 0.00000000099999999957 0.00000000099999999957 0.00000000099999999957 0.00000000099999999957 0.00549898651407099235 
0.00000000099999999953 0.00000000099999999953 0.99283506662967746514 0.00000000099999999953 0.00000000099999999953 0.00000000099999999953 0.00000000099999999953 0.00000000099999999953 0.00716492637032262961 
0.00000000099999999944 0.00000000099999999944 0.96487291835249167082 0.00000000099999999944 0.00000000099999999944 0.00000000099999999944 0.03139079287380103223 0.00000000099999999944 0.00373628277370738251 
0.00000000099999999970 0.00000000099999999970 0.99999999200000000421 0.00000000099999999970 0.00000000099999999970 0.00000000099999999970 0.00000000099999999970 0.00000000099999999970 0.00000000099999999970 
0.00000000099999999943 0.00000000099999999943 0.99999999200000011523 0.00000000099999999943 0.00000000099999999943 0.00000000099999999943 0.00000000099999999943 0.00000000099999999943 0.00000000099999999943 
0.00000000099999999935 0.00000000099999999935 0.97912564158087300736 0.00000000099999999935 0.00000000099999999935 0.01885645779627544844 0.00000000099999999935 0.00000000099999999935 0.00201789462285163106 
0.00000000099999999939 0.00000000099999999939 0.99999999200000011523 0.00000000099999999939 0.00000000099999999939 0.00000000099999999939 0.00000000099999999939 0.00000000099999999939 0.00000000099999999939 
0.00000000099999999948 0.00000000099999999948 0.99130059632372624634 0.00000000099999999948 0.00000000099999999948 0.00869939667627376602 0.00000000099999999948 0.00000000099999999948 0.00000000099999999948 
0.00000000099999999965 0.00105840001401462272 0.99518111378317120064 0.00000000099999999965 0.00000000099999999965 0.00000000099999999965 0.00376048020281422903 0.00000000099999999965 0.00000000099999999965 
0.00000000099999999951 0.00000000099999999951 0.96324832084777844976 0.00000000099999999951 0.00000000099999999951 0.00000000099999999951 0.00000000099999999951 0.00000000099999999951 0.03675167215222165107 
0.00000000099999999961 0.00000000099999999961 0.99667450494560216878 0.00000000099999999961 0.00000000099999999961 0.00000686882990685127 0.00226239395571089207 0.00000000099999999961 0.00105622726878018742 
0.00000000099999999921 0.00000000099999999921 0.99999999200000011523 0.00000000099999999921 0.00000000099999999921 0.00000000099999999921 0.00000000099999999921 0.00000000099999999921 0.00000000099999999921 
0.00000000099999999963 0.00000000099999999963 0.95215708582182267961 0.00490011770633126502 0.00000000099999999963 0.01704927916037054028 0.00000000800009578298 0.00000000099999999963 0.02589350531137966580 
0.00000000099999999985 0.00000000099999999985 0.91187072218815712343 0.00000000099999999985 0.00223990678526212947 0.01417160948386541643 0.00000000099999999985 0.00000000099999999985 0.07171775654271546341 
0.00000000099999999975 0.00000000099999999975 0.93349384774263199915 0.00000000099999999975 0.00000000099999999975 0.06650614525736807392 0.00000000099999999975 0.00000000099999999975 0.00000000099999999975 
0.00000000099999999988 0.00000000099999999988 0.92370026246993264252 0.01053256728295664038 0.00000000099999999988 0.00000000099999999988 0.00000000099999999988 0.00000000099999999988 0.06576716424711075148 
0.00000000099999999967 0.00000000099999999967 0.87399660633376419216 0.00555053782307291313 0.00000000099999999967 0.05957581036023672227 0.00000000099999999967 0.00000000099999999967 0.06087704048292614384 
0.00239962781468577120 0.00000000099999999994 0.89089677083180440764 0.00126388163307312269 0.00024719536709816390 0.03009776551118859694 0.00000007027618323933 0.00000000099999999994 0.07509468656596672564 
0.00000032142694951587 0.00039629015481236127 0.96174287420287951633 0.00119203271831392482 0.00000000099999999992 0.01607187197646766513 0.00000000099999999992 0.00000000099999999992 0.02059660652057704322 
0.00217442368424955587 0.00000000099999999995 0.88892544162434083965 0.00092972157713342796 0.00000000099999999995 0.03769157144803402665 0.00000000099999999995 0.00000000099999999995 0.07027883766624222484 
0.00000000099999999968 0.00000000099999999968 0.92573681079654623893 0.00549733394865040224 0.00000000099999999968 0.01397785018068320971 0.00000000099999999968 0.00000000099999999968 0.05478800007412010231 
0.00000000099999999968 0.00000000099999999968 0.94592063457146546845 0.00365093299528515417 0.00000000099999999968 0.00000000099999999968 0.00052342425961260906 0.00000000099999999968 0.04990500317363677496 
0.00000000099999999976 0.00000000099999999976 0.96284425195885259274 0.00239790859891569549 0.00000000099999999976 0.00000000099999999976 0.00000000099999999976 0.00000000099999999976 0.03475783344223173227 
0.00000000099999999974 0.00000000099999999974 0.91881217747478827196 0.00000000099999999974 0.00000000099999999974 0.00290351385048868895 0.00000000099999999974 0.00000000099999999974 0.07828430267472294424 
0.00000000099999999961 0.00000000099999999961 0.93043174713107890117 0.00494302746697390140 0.00000000099999999961 0.00000000099999999961 0.00000660702656837523 0.00000000099999999961 0.06461861337537887218 
0.00000000099999999988 0.00251240691406665094 0.85151118676120540751 0.00489199865520799273 0.00000000099999999988 0.10088086608246177311 0.00000001584831791710 0.00000000099999999988 0.04020352273874051863 
0.00000000099999999967 0.00000000099999999967 0.91596126802247179732 0.01532323434942769146 0.00000000099999999967 0.00000026416684258315 0.00000000099999999967 0.00000000099999999967 0.06871522846125796558 
0.00000000099999999986 0.00000000099999999986 0.91440869963106363727 0.00001178099843440383 0.00000000099999999986 0.05670967465239429989 0.00000000099999999986 0.00000000099999999986 0.02886983971810769267 
0.00000000099999999969 0.00000000099999999969 0.89624736473740418408 0.00000000099999999969 0.00000000099999999969 0.00000000099999999969 0.00000000099999999969 0.00000000099999999969 0.10375262826259597226 
0.00000000099999999951 0.00000000099999999951 0.85778758368161955872 0.00000000099999999951 0.00000000099999999951 0.06791775550977356690 0.00000000099999999951 0.00000000099999999951 0.07429465480860700244 
0.00000000099999999988 0.00000000099999999988 0.87300573891259380943 0.00000000099999999988 0.00082341216008547204 0.06686424789335261576 0.00487884200337505847 0.00000000099999999988 0.05442775503059319592 
0.00000000099999999998 0.00334278695831454137 0.75411951691280620924 0.00000000099999999998 0.00000000099999999998 0.10482051585797631799 0.06496632539449392896 0.00946831961926609088 0.06328253225714296215 
0.00000000099999999999 0.00000000099999999999 0.60489639617645141190 0.00419543399639778908 0.00000000099999999999 0.06708712108663926477 0.10017169523928791397 0.00000000099999999999 0.22364934950122358770 
0.00000000099999999998 0.00000000099999999998 0.63494545805674373895 0.03846210309762252560 0.00000000099999999998 0.25734130971973384616 0.00000003121232551432 0.00000000099999999998 0.06925109391357449351 
0.00000000099999999963 0.00618357993022127482 0.89963735184786397525 0.00000000099999999963 0.00000000099999999963 0.02889337921301022086 0.00000000099999999963 0.00000000099999999963 0.06528568400890467915 
0.00000000099999999997 0.00000000099999999997 0.77900721389040716858 0.03090666707534141244 0.00000000099999999997 0.08599901816153324163 0.00001244835549390947 0.00000000099999999997 0.10407464851722408872 
0.00000000099999999999 0.00000000099999999999 0.32399386494912713053 0.00000000099999999999 0.00000000099999999999 0.26251658726469356830 0.16845852964909871496 0.00000000099999999999 0.24503101313708050557 
0.00000000099999999984 0.00000000099999999984 0.94821192399233411585 0.00000000099999999984 0.00000000099999999984 0.03080130436516158310 0.00385172276468745542 0.00000000099999999984 0.01713504387781677324 
0.00000000099999999999 0.01099651444956939103 0.56255993778218027490 0.00000000099999999999 0.00000000183058191473 0.42635106212646489698 0.00009247951185364555 0.00000000099999999999 0.00000000129934996342 
0.00000000099999999982 0.01574486287498471151 0.85621035821290847334 0.00000000099999999982 0.00000000099999999982 0.09055225932444559145 0.00000000099999999982 0.00000000099999999982 0.03749251458766127837 
0.00000000099999999992 0.00098162575493151755 0.95977388693610687920 0.00098084227702628407 0.00000000099999999992 0.02089699445854503387 0.00000000099999999992 0.00000000099999999992 0.01736664657339040754 
0.00000000099999999963 0.00829756988934964891 0.86452930335670996609 0.00000000099999999963 0.00000000099999999963 0.10467584629388758388 0.01044705444702531162 0.00000000099999999963 0.01205022201302777263 
0.00000000099999999991 0.00199796378580575267 0.88891964717483507030 0.00000000099999999991 0.00000000099999999991 0.08387640955883154947 0.00406679064035743876 0.00000000099999999991 0.02113918484017043853 
0.00000000099999999932 0.00000000099999999932 0.91791457487038585761 0.00000000099999999932 0.00000000099999999932 0.03782910430690392123 0.00000000183360080482 0.00000000099999999932 0.04425631398910934849 
0.00000000099999999956 0.00000000099999999956 0.94914003454213291544 0.00000000099999999956 0.00000000099999999956 0.03355369159598925455 0.00000000099999999956 0.00000000099999999956 0.01730626786187794766 
0.00000000099999999975 0.00000000099999999975 0.20261213015432397166 0.00000000099999999975 0.00000000099999999975 0.76535155844428859329 0.00130997968243232090 0.00000000099999999975 0.03072632671895527898 
0.00000000099999999966 0.00000000099999999966 0.24294463556167039675 0.00000000099999999966 0.00000000099999999966 0.65273700783238131073 0.07172693344757194445 0.00000000099999999966 0.03259141815837639233 
0.26101178500723942744 0.00000000099999999995 0.22616606966975080772 0.00000000099999999995 0.00000000099999999995 0.37975367747121685502 0.02898001828956987477 0.07354743053089944638 0.03054101603132346882 
0.00203005263679448657 0.00386196925000507028 0.19718733235594856912 0.00000000099999999994 0.00000000099999999994 0.73970637347316658960 0.00000000099999999994 0.00000000099999999994 0.05721426828408539972 
0.00000000099999999984 0.00086969491914044438 0.17991619756587520773 0.00403001525169681841 0.00000000099999999984 0.78142379803040162844 0.00000000099999999984 0.00000000099999999984 0.03376029023288604908 
0.29122951209511538373 0.00000000099999999998 0.17710167163086976139 0.00000000099999999998 0.00000000099999999998 0.46560319710358749612 0.00000000961719474620 0.05572190336071147082 0.01034370319252124991 
0.22619152190306229810 0.00000000099999999996 0.17125840020177041101 0.00000000099999999996 0.00000000099999999996 0.47197225923135782688 0.03172151228341678342 0.04688963126516686869 0.05196667211522591062 
0.23840335197852641214 0.00000000099999999998 0.20856071861226224695 0.00000000099999999998 0.00000000099999999998 0.50054942801067148217 0.01149232356830857081 0.02776638362603392821 0.01322779120419732661 
0.22947847125403669777 0.00000000099999999997 0.20239855260363900924 0.01244532553797854206 0.00000000099999999997 0.51740456916789423492 0.01908394500125706536 0.00000000099999999997 0.01918913343519468295 
0.22933131219513702703 0.00006854897309522570 0.15584367031221177391 0.00000000099999999999 0.00000033786576197887 0.54998384781131848253 0.02597805205061095440 0.00000000099999999999 0.03879422879186472661 
0.00000000099999999949 0.00000000099999999949 0.21455994109130668845 0.00000000099999999949 0.00000000099999999949 0.74819973017795871062 0.00863206805894689046 0.00000000099999999949 0.02860825567178787790 
0.28129918468917280983 0.00000000099999999997 0.11908791351341115050 0.00000000112390389942 0.00000000099999999997 0.59957460680872343151 0.00000000978426914680 0.00000000099999999997 0.00003828108051957095 
0.00500465581289662523 0.00490770440496671265 0.19020305210861279677 0.00000000099999999998 0.00018178539482794159 0.72860882959347739174 0.03144521650893934012 0.00007832297785993835 0.03957043219841919340 
0.29574510250986962845 0.00000000100000000000 0.14531235072129547459 0.00000000100000000000 0.00000000163523362511 0.46363822097757517726 0.03135771605367361492 0.02356665416223674078 0.04037995194011564232 
0.00000000099999999955 0.00000000099999999955 0.16150140166680046483 0.00000000099999999955 0.00000000099999999955 0.74825724008669991516 0.04552549539101690551 0.00000000099999999955 0.04471585785548259917 
0.00000000099999999957 0.00000000099999999957 0.17857492333570920695 0.00000000099999999957 0.00000000099999999957 0.76440234958268493681 0.00390697529302347964 0.00000000099999999957 0.05311574678858242693 
0.26175527418387206646 0.00333295778717957640 0.01754250707731284595 0.00000000099999999995 0.05574753391957817938 0.66150927262897962766 0.00005382778418849490 0.00000000099999999995 0.00005862461888916776 
0.00000000099999999944 0.00000000099999999944 0.22508886425919036323 0.00000000099999999944 0.00000000099999999944 0.69360206960361570072 0.04924430936555456578 0.00000000099999999944 0.03206475177163938678 
