0.00000000099999999818 0.00000000099999999818 0.00000000099999999818 0.00000000099999999818 0.00000000099999999818 0.00000000099999999818 0.00000000099999999818 0.99999999099999992147 0.00000000099999999818 0.00000000099999999818 
0.00000000099999999827 0.00000000099999999827 0.00000000099999999827 0.00000000099999999827 0.00000000099999999827 0.00000000099999999827 0.00000000099999999827 0.99999999099999981045 0.00000000099999999827 0.00000000099999999827 
0.00000000099999999824 0.00000000099999999824 0.00000000099999999824 0.00000000099999999824 0.00000000099999999824 0.00000000099999999824 0.00000000099999999824 0.99999999099999992147 0.00000000099999999824 0.00000000099999999824 
0.00000000099999999827 0.00000000099999999827 0.00000000099999999827 0.00000000099999999827 0.00000000099999999827 0.00000000099999999827 0.00000000099999999827 0.99999999099999981045 0.00000000099999999827 0.00000000099999999827 
0.00000000099999999833 0.00000000099999999833 0.00000000099999999833 0.00000000099999999833 0.00000000099999999833 0.00000000099999999833 0.00000000099999999833 0.99999999099999992147 0.00000000099999999833 0.00000000099999999833 
0.00000000099999999833 0.00000000099999999833 0.00000000099999999833 0.00000000099999999833 0.00000000099999999833 0.00000000099999999833 0.00000000099999999833 0.99999999099999992147 0.00000000099999999833 0.00000000099999999833 
0.00000000099999999822 0.00000000099999999822 0.00000000099999999822 0.00000000099999999822 0.00000000099999999822 0.00000000099999999822 0.00000000099999999822 0.99999999099999981045 0.00000000099999999822 0.00000000099999999822 
0.00000000099999999837 0.00000000099999999837 0.00000000099999999837 0.00000000099999999837 0.00000000099999999837 0.00000000099999999837 0.00000000099999999837 0.99999999099999981045 0.00000000099999999837 0.00000000099999999837 
0.00000000099999999827 0.00000000099999999827 0.00000000099999999827 0.00000000099999999827 0.00000000099999999827 0.00000000099999999827 0.00000000099999999827 0.99999999099999992147 0.00000000099999999827 0.00000000099999999827 
0.00000000099999999837 0.00000000099999999837 0.00000000099999999837 0.00000000099999999837 0.00000000099999999837 0.00000000099999999837 0.00000000099999999837 0.99999999099999981045 0.00000000099999999837 0.00000000099999999837 
0.00000000099999999831 0.00000000099999999831 0.00000000099999999831 0.00000000099999999831 0.00000000099999999831 0.00000000099999999831 0.00000000099999999831 0.99999999099999992147 0.00000000099999999831 0.00000000099999999831 
0.00000000099999999862 0.00000000099999999862 0.00000000099999999862 0.00000000099999999862 0.00000000099999999862 0.00000000099999999862 0.00000000099999999862 0.99999999099999981045 0.00000000099999999862 0.00000000099999999862 
0.00000000099999999829 0.00000000099999999829 0.00000000099999999829 0.00000000099999999829 0.00000000099999999829 0.00000000099999999829 0.00000000099999999829 0.99999999099999992147 0.00000000099999999829 0.00000000099999999829 
0.00000000099999999826 0.00000000099999999826 0.00000000099999999826 0.00000000099999999826 0.00000000099999999826 0.00000000099999999826 0.00000000099999999826 0.99999999099999981045 0.00000000099999999826 0.00000000099999999826 
0.00000000099999999829 0.00000000099999999829 0.00000000099999999829 0.00000000099999999829 0.00000000099999999829 0.00000000099999999829 0.00000000099999999829 0.99999999099999992147 0.00000000099999999829 0.00000000099999999829 
0.00000000099999999829 0.00000000099999999829 0.00000000099999999829 0.00000000099999999829 0.00000000099999999829 0.00000000099999999829 0.00000000099999999829 0.99999999099999981045 0.00000000099999999829 0.00000000099999999829 
0.00000000099999999828 0.00000000099999999828 0.00000000099999999828 0.00000000099999999828 0.00000000099999999828 0.00000000099999999828 0.00000000099999999828 0.99999999099999981045 0.00000000099999999828 0.00000000099999999828 
0.00000000099999999840 0.00000000099999999840 0.00000000099999999840 0.00000000099999999840 0.00000000099999999840 0.00000000099999999840 0.00000000099999999840 0.99999999099999992147 0.00000000099999999840 0.00000000099999999840 
0.00000000099999999843 0.00000000099999999843 0.00000000099999999843 0.00000000099999999843 0.00000000099999999843 0.00000000099999999843 0.00000000099999999843 0.99999999099999992147 0.00000000099999999843 0.00000000099999999843 
0.00000000099999999841 0.00000000099999999841 0.00000000099999999841 0.00000000099999999841 0.00000000099999999841 0.00000000099999999841 0.00000000099999999841 0.99999999099999992147 0.00000000099999999841 0.00000000099999999841 
0.00000000099999999833 0.00000000099999999833 0.00000000099999999833 0.00000000099999999833 0.00000000099999999833 0.00000000099999999833 0.00000000099999999833 0.99999999099999992147 0.00000000099999999833 0.00000000099999999833 
0.00000000099999999836 0.00000000099999999836 0.00000000099999999836 0.00000000099999999836 0.00000000099999999836 0.00000000099999999836 0.00000000099999999836 0.99999999099999981045 0.00000000099999999836 0.00000000099999999836 
0.00000000099999999834 0.00000000099999999834 0.00000000099999999834 0.00000000099999999834 0.00000000099999999834 0.00000000099999999834 0.00000000099999999834 0.99999999099999981045 0.00000000099999999834 0.00000000099999999834 
0.00000000099999999836 0.00000000099999999836 0.00000000099999999836 0.00000000099999999836 0.00000000099999999836 0.00000000099999999836 0.00000000099999999836 0.99999999099999992147 0.00000000099999999836 0.00000000099999999836 
0.00000000099999999883 0.00000000099999999883 0.00000000099999999883 0.00000000099999999883 0.00000000099999999883 0.00000000099999999883 0.00000000099999999883 0.99999999099999992147 0.00000000099999999883 0.00000000099999999883 
0.00000000099999999833 0.00000000099999999833 0.00000000099999999833 0.00000000099999999833 0.00000000099999999833 0.00000000099999999833 0.00000000099999999833 0.99999999099999981045 0.00000000099999999833 0.00000000099999999833 
0.00000000099999999838 0.00000000099999999838 0.00000000099999999838 0.00000000099999999838 0.00000000099999999838 0.00000000099999999838 0.00000000099999999838 0.99999999099999992147 0.00000000099999999838 0.00000000099999999838 
0.00000000099999999841 0.00000000099999999841 0.00000000099999999841 0.00000000099999999841 0.00000000099999999841 0.00000000099999999841 0.00000000099999999841 0.99999999099999992147 0.00000000099999999841 0.00000000099999999841 
0.00000000099999999843 0.00000000099999999843 0.00000000099999999843 0.00000000099999999843 0.00000000099999999843 0.00000000099999999843 0.00000000099999999843 0.99999999099999992147 0.00000000099999999843 0.00000000099999999843 
0.00000000099999999838 0.00000000099999999838 0.00000000099999999838 0.00000000099999999838 0.00000000099999999838 0.00000000099999999838 0.00000000099999999838 0.99999999099999981045 0.00000000099999999838 0.00000000099999999838 
0.00000000099999999863 0.00000000099999999863 0.00000000099999999863 0.00000000099999999863 0.00000000099999999863 0.00000000099999999863 0.00000000099999999863 0.99999999099999981045 0.00000000099999999863 0.00000000099999999863 
0.00000000099999999886 0.00000000099999999886 0.00000000099999999886 0.00000000099999999886 0.00000000099999999886 0.00000000099999999886 0.00000000099999999886 0.99999999099999992147 0.00000000099999999886 0.00000000099999999886 
0.00000000099999999855 0.00000000099999999855 0.00000000099999999855 0.00000000099999999855 0.00000000099999999855 0.00000000099999999855 0.00000000099999999855 0.99999999099999981045 0.00000000099999999855 0.00000000099999999855 
0.00000000099999999875 0.00000000099999999875 0.00000000099999999875 0.00000000099999999875 0.00000000099999999875 0.00000000099999999875 0.00000000099999999875 0.99999999099999992147 0.00000000099999999875 0.00000000099999999875 
0.00000000099999999854 0.00000000099999999854 0.00000000099999999854 0.00000000099999999854 0.00000000099999999854 0.00000000099999999854 0.00000000099999999854 0.99999999099999981045 0.00000000099999999854 0.00000000099999999854 
0.00000000099999999870 0.00000000099999999870 0.00000000099999999870 0.00000000099999999870 0.00000000099999999870 0.00000000099999999870 0.00000000099999999870 0.99999999099999992147 0.00000000099999999870 0.00000000099999999870 
0.00000000099999999859 0.00000000099999999859 0.00000000099999999859 0.00000000099999999859 0.00000000099999999859 0.00000000099999999859 0.00000000099999999859 0.99999999099999992147 0.00000000099999999859 0.00000000099999999859 
0.00000000099999999861 0.00000000099999999861 0.00000000099999999861 0.00000000099999999861 0.00000000099999999861 0.00000000099999999861 0.00000000099999999861 0.99999999099999992147 0.00000000099999999861 0.00000000099999999861 
0.00000000099999999866 0.00000000099999999866 0.00000000099999999866 0.00000000099999999866 0.00000000099999999866 0.00000000099999999866 0.00000000099999999866 0.99999999099999981045 0.00000000099999999866 0.00000000099999999866 
0.00000000099999999896 0.00000000099999999896 0.00000000099999999896 0.00000000099999999896 0.00000000099999999896 0.00000000099999999896 0.00000000099999999896 0.99999999099999992147 0.00000000099999999896 0.00000000099999999896 
0.00000000099999999857 0.00000000099999999857 0.00000000099999999857 0.00000000099999999857 0.00000000099999999857 0.00000000099999999857 0.00000000099999999857 0.99999999099999992147 0.00000000099999999857 0.00000000099999999857 
0.00000000099999999878 0.00000000099999999878 0.00000000099999999878 0.00000000099999999878 0.00000000099999999878 0.00000000099999999878 0.00000000099999999878 0.99999999099999992147 0.00000000099999999878 0.00000000099999999878 
0.00000000099999999861 0.00000000099999999861 0.00000000099999999861 0.00000000099999999861 0.00000000099999999861 0.00000000099999999861 0.00000000099999999861 0.99999999099999981045 0.00000000099999999861 0.00000000099999999861 
0.00000000099999999859 0.00000000099999999859 0.00000000099999999859 0.00000000099999999859 0.00000000099999999859 0.00000000099999999859 0.00000000099999999859 0.99999999099999992147 0.00000000099999999859 0.00000000099999999859 
0.00000000099999999875 0.00000000099999999875 0.00000000099999999875 0.00000000099999999875 0.00000000099999999875 0.00000000099999999875 0.00000000099999999875 0.99999999099999981045 0.00000000099999999875 0.00000000099999999875 
0.00000000099999999864 0.00000000099999999864 0.00000000099999999864 0.00000000099999999864 0.00000000099999999864 0.00000000099999999864 0.00000000099999999864 0.99999999099999992147 0.00000000099999999864 0.00000000099999999864 
0.00000000099999999868 0.00000000099999999868 0.00000000099999999868 0.00000000099999999868 0.00000000099999999868 0.00000000099999999868 0.00000000099999999868 0.99999999099999981045 0.00000000099999999868 0.00000000099999999868 
0.00000000099999999896 0.00000000099999999896 0.00000000099999999896 0.00000000099999999896 0.00000000099999999896 0.00000000099999999896 0.00000000099999999896 0.99999999099999992147 0.00000000099999999896 0.00000000099999999896 
0.00000000099999999900 0.00000000099999999900 0.00000000099999999900 0.00000000099999999900 0.00000000099999999900 0.00000000099999999900 0.00000000099999999900 0.99999999099999992147 0.00000000099999999900 0.00000000099999999900 
0.00000000099999999914 0.00000000099999999914 0.00000000099999999914 0.00000000099999999914 0.00000000099999999914 0.00000000099999999914 0.00000000099999999914 0.99999999100000003249 0.00000000099999999914 0.00000000099999999914 
0.00000000099999999951 0.00000000099999999951 0.00000000099999999951 0.00000000099999999951 0.00000000099999999951 0.00000000099999999951 0.00000000099999999951 0.99999999100000003249 0.00000000099999999951 0.00000000099999999951 
0.00000000099999999934 0.13313747728910535484 0.00000000099999999934 0.00000000099999999934 0.86686251471089470488 0.00000000099999999934 0.00000000099999999934 0.00000000099999999934 0.00000000099999999934 0.00000000099999999934 
0.00000000099999999912 0.19171910055949226148 0.00000000099999999912 0.00000000099999999912 0.80801959665515254994 0.00000000099999999912 0.00026129578535519243 0.00000000099999999912 0.00000000099999999912 0.00000000099999999912 
0.00000000099999999950 0.19641074427351462584 0.00000000099999999950 0.00000000099999999950 0.80358924772648554491 0.00000000099999999950 0.00000000099999999950 0.00000000099999999950 0.00000000099999999950 0.00000000099999999950 
0.00000000099999999885 0.14268150161274781307 0.00000000099999999885 0.00000000099999999885 0.84205061595435870547 0.00000000099999999885 0.00513414631241447799 0.00000000099999999885 0.00000000099999999885 0.01013373012047893464 
0.00000000099999999899 0.11613129428077861860 0.00000000099999999899 0.00000000099999999899 0.86591762320126930419 0.00000000099999999899 0.00270053935319149088 0.00000000099999999899 0.00000000099999999899 0.01525053716476064761 
0.00000000099999999881 0.14498066295785755342 0.00000000099999999881 0.00000000099999999881 0.84103546171803389431 0.00000000099999999881 0.00000000099999999881 0.00000000099999999881 0.00000000099999999881 0.01398386832410878494 
0.00000000099999999923 0.13876853861513399613 0.00000000099999999923 0.00000000099999999923 0.86123145338486606359 0.00000000099999999923 0.00000000099999999923 0.00000000099999999923 0.00000000099999999923 0.00000000099999999923 
0.00000000099999999893 0.12767612108812165239 0.00000000099999999893 0.00000000099999999893 0.85260059087553763391 0.00000000099999999893 0.00000000099999999893 0.00000000099999999893 0.00000000099999999893 0.01972328103634079371 
0.00000000099999999915 0.14686566814396481706 0.00000000099999999915 0.00000000099999999915 0.84496230024546803428 0.00000000099999999915 0.00817202461056730327 0.00000000099999999915 0.00000000099999999915 0.00000000099999999915 
0.00286105678072441855 0.12516769222646972892 0.00000000099999999986 0.00252975191295438202 0.84496164452455890803 0.00000000099999999986 0.00000000099999999986 0.00000000099999999986 0.00000000099999999986 0.02447984955529279236 
0.00000000099999999900 0.13916300719450139245 0.00000000099999999900 0.00000000099999999900 0.85931384824425538493 0.00000000099999999900 0.00000000099999999900 0.00000000099999999900 0.00000000099999999900 0.00152313756124336790 
0.00000000099999999899 0.16123101172838730233 0.00000000099999999899 0.00000000099999999899 0.83151408127857073804 0.00000000099999999899 0.00725489999304196245 0.00000000099999999899 0.00000000099999999899 0.00000000099999999899 
0.00000000099999999985 0.17146366635297038972 0.00000000099999999985 0.00447668505990448697 0.81260614282013632348 0.00000000099999999985 0.00000000099999999985 0.00000000099999999985 0.00000000099999999985 0.01145349976698897647 
0.00000000099999999919 0.14165149450222272454 0.00000000099999999919 0.00000000099999999919 0.83162428650106712258 0.00000000099999999919 0.02254308733324208655 0.00000000099999999919 0.00000000099999999919 0.00418112566346828460 
0.00000000099999999959 0.11392709382502674842 0.00000000099999999959 0.00000000099999999959 0.88325647782371696781 0.00000000099999999959 0.00281642135125639674 0.00000000099999999959 0.00000000099999999959 0.00000000099999999959 
0.00000000099999999882 0.12131563307897746951 0.00000000099999999882 0.00000000099999999882 0.87868435892102259022 0.00000000099999999882 0.00000000099999999882 0.00000000099999999882 0.00000000099999999882 0.00000000099999999882 
0.00000000099999999933 0.22278517592738536490 0.00000000099999999933 0.00000000099999999933 0.76530111758240104702 0.00000000099999999933 0.00788848659660688380 0.00000000099999999933 0.00000000099999999933 0.00402521389360672392 
0.00000000099999999948 0.19431226493503028774 0.00000000099999999948 0.00000000099999999948 0.79982982975868899267 0.00000000099999999948 0.00000000099999999948 0.00000000099999999948 0.00000000099999999948 0.00585789830628079700 
0.00000000099999999909 0.14399132536271119776 0.00000000099999999909 0.00000000099999999909 0.85600866663728891748 0.00000000099999999909 0.00000000099999999909 0.00000000099999999909 0.00000000099999999909 0.00000000099999999909 
0.00000000099999999912 0.14851303948837929481 0.00000000099999999912 0.00000000099999999912 0.83899602792356742231 0.00000000099999999912 0.00000000099999999912 0.00000000099999999912 0.00000000099999999912 0.01249092558805356239 
0.00000000099999999915 0.18469964642610639527 0.00000000099999999915 0.00000000099999999915 0.78708033858806736305 0.00000000099999999915 0.01946369609766641917 0.00000000099999999915 0.00000000099999999915 0.00875631288816000608 
0.00000000099999999884 0.17433495423372372124 0.00000000099999999884 0.00000000099999999884 0.79757643444112946707 0.00000000099999999884 0.00000000099999999884 0.00000000099999999884 0.00000000099999999884 0.02808860432514699926 
0.00000000099999999915 0.14939384366470526144 0.00000000099999999915 0.00000000099999999915 0.84628406322964311315 0.00000000099999999915 0.00000000099999999915 0.00000000099999999915 0.00000000099999999915 0.00432208610565170022 
0.00000000099999999914 0.20233159462616853719 0.00000000099999999914 0.00000000099999999914 0.79766839737383143927 0.00000000099999999914 0.00000000099999999914 0.00000000099999999914 0.00000000099999999914 0.00000000099999999914 
0.00000000099999999944 0.21092376329388717870 0.00000000099999999944 0.00000000099999999944 0.78907622870611293653 0.00000000099999999944 0.00000000099999999944 0.00000000099999999944 0.00000000099999999944 0.00000000099999999944 
0.00000000099999999897 0.14095328065973555809 0.00000000099999999897 0.00000000099999999897 0.85904648279016493362 0.00000000099999999897 0.00000000099999999897 0.00000000099999999897 0.00000000099999999897 0.00000022955009962598 
0.00000000099999999916 0.18927038270590013092 0.00000000099999999916 0.00000000099999999916 0.80702784962814366754 0.00000000099999999916 0.00000000099999999916 0.00000000099999999916 0.00000000099999999916 0.00370176066595621868 
0.00000000099999999981 0.21720116559749130802 0.00000000099999999981 0.00000000099999999981 0.76149850623381476478 0.00582318621078553936 0.00000000099999999981 0.00000000099999999981 0.00000000099999999981 0.01547713595790843784 
0.00000000099999999964 0.14626811346687987325 0.00000000099999999964 0.00000000099999999964 0.81700740014410044854 0.00000000099999999964 0.00000000099999999964 0.00000000099999999964 0.00000000099999999964 0.03672447938901977210 
0.00000000099999999929 0.19387267682011086189 0.00000000099999999929 0.00000000099999999929 0.80004851189079717599 0.00000000099999999929 0.00000000099999999929 0.00000000099999999929 0.00000000099999999929 0.00607880428909210978 
0.00000000099999999898 0.13346424151103272737 0.00000000099999999898 0.00000000099999999898 0.86653575048896713806 0.00000000099999999898 0.00000000099999999898 0.00000000099999999898 0.00000000099999999898 0.00000000099999999898 
0.00000000099999999971 0.13004536358895038561 0.00000000099999999971 0.00000000099999999971 0.86519137912606747243 0.00000000099999999971 0.00000000099999999971 0.00000000099999999971 0.00476325028498203375 0.00000000099999999971 
0.00000000099999999955 0.25549386362069459455 0.00000000099999999955 0.00000000099999999955 0.73670898052886124585 0.00000000099999999955 0.00779714885044396986 0.00000000099999999955 0.00000000099999999955 0.00000000099999999955 
0.00000000099999999952 0.19015836156266419099 0.00000000099999999952 0.00000000099999999952 0.80984163043733603526 0.00000000099999999952 0.00000000099999999952 0.00000000099999999952 0.00000000099999999952 0.00000000099999999952 
0.00000000099999999932 0.20064021861500541677 0.00000000099999999932 0.00000000099999999932 0.79935946630214749220 0.00000000099999999932 0.00000030808284720586 0.00000000099999999932 0.00000000099999999932 0.00000000099999999932 
0.00000000099999999948 0.15664326277625748030 0.00000000099999999948 0.00000000099999999948 0.83852865287214028989 0.00000000099999999948 0.00000725951251458058 0.00000000099999999948 0.00000000099999999948 0.00482081883908785577 
0.00000000099999999928 0.21127372556931389713 0.00000000099999999928 0.00000000099999999928 0.78872626643068610708 0.00000000099999999928 0.00000000099999999928 0.00000000099999999928 0.00000000099999999928 0.00000000099999999928 
0.00000000099999999935 0.20681162437438563306 0.00000000099999999935 0.00000000099999999935 0.79318836762561450993 0.00000000099999999935 0.00000000099999999935 0.00000000099999999935 0.00000000099999999935 0.00000000099999999935 
0.00000000099999999935 0.24668430922756665047 0.00000000099999999935 0.00000000099999999935 0.75093391211123228235 0.00000000099999999935 0.00238177166120111423 0.00000000099999999935 0.00000000099999999935 0.00000000099999999935 
0.00000000099999999988 0.11125731656610715614 0.00000000099999999988 0.00000000099999999988 0.86555202727431956866 0.00000000099999999988 0.00000000099999999988 0.00000000099999999988 0.00000000099999999988 0.02319064915957350786 
0.00000000099999999946 0.13254802289337289101 0.00000000099999999946 0.00000000099999999946 0.86745196910662725198 0.00000000099999999946 0.00000000099999999946 0.00000000099999999946 0.00000000099999999946 0.00000000099999999946 
0.00000000099999999976 0.10644621905910582604 0.00000000099999999976 0.00000000099999999976 0.87065924837834141048 0.00000000099999999976 0.01824129338954052701 0.00000000099999999976 0.00000000099999999976 0.00465323317301247989 
0.00000000099999999934 0.14148646398346648168 0.00000000099999999934 0.00000000099999999934 0.85485892846691591274 0.00000000099999999934 0.00000000099999999934 0.00000000099999999934 0.00000000099999999934 0.00365460054961786471 
0.00000000099999999911 0.19677323527492313060 0.00000000099999999911 0.00000000099999999911 0.80177532933047934716 0.00000000099999999911 0.00145142839459759965 0.00000000099999999911 0.00000000099999999911 0.00000000099999999911 
0.00000000099999999910 0.22190142088125880404 0.00000000099999999910 0.00000000099999999910 0.77806318502095606071 0.00000000099999999910 0.00000000099999999910 0.00000000099999999910 0.00000000099999999910 0.00003538709778515078 
0.00000000099999999915 0.18667978750113700670 0.00000000099999999915 0.00000000099999999915 0.81332020449886299751 0.00000000099999999915 0.00000000099999999915 0.00000000099999999915 0.00000000099999999915 0.00000000099999999915 
0.00000000099999999914 0.17247629831411540047 0.00000000099999999914 0.00000000099999999914 0.82391326442141199493 0.00000000099999999914 0.00361043026447267204 0.00000000099999999914 0.00000000099999999914 0.00000000099999999914 
0.00000000099999999957 0.20796748673406428853 0.00000000099999999957 0.00000000099999999957 0.79203250526593582670 0.00000000099999999957 0.00000000099999999957 0.00000000099999999957 0.00000000099999999957 0.00000000099999999957 
0.00000000099999999913 0.18287158967969449619 0.00000000099999999913 0.00000000099999999913 0.81712840232030559129 0.00000000099999999913 0.00000000099999999913 0.00000000099999999913 0.00000000099999999913 0.00000000099999999913 
0.00000000099999999935 0.22964292493691926267 0.00000000099999999935 0.00000000099999999935 0.76880297030775768263 0.00000000099999999935 0.00000000099999999935 0.00000000099999999935 0.00000000099999999935 0.00155409775532322080 
0.00000000099999999913 0.17860894359007731258 0.00000000099999999913 0.00000000099999999913 0.78462956121430482703 0.00000000099999999913 0.03011009680269843142 0.00000000099999999913 0.00000000099999999913 0.00665139239291941131 
0.00000000099999999925 0.21184400894878946398 0.00000000099999999925 0.00000000099999999925 0.78815598305121059575 0.00000000099999999925 0.00000000099999999925 0.00000000099999999925 0.00000000099999999925 0.00000000099999999925 
0.00000000099999999938 0.10088799792729316596 0.00000000099999999938 0.00000000099999999938 0.89910774210396204875 0.00000000099999999938 0.00000425296874487837 0.00000000099999999938 0.00000000099999999938 0.00000000099999999938 
0.00000000099999999943 0.11913676336080712692 0.00000000099999999943 0.00000000099999999943 0.86028376933948935701 0.00000000099999999943 0.01518357723622551850 0.00000000099999999943 0.00000000099999999943 0.00539588406347803803 
0.00000000099999999920 0.16535008262687961311 0.00000000099999999920 0.00000000099999999920 0.80400841119684540725 0.00000000099999999920 0.02769575401070645260 0.00000000099999999920 0.00000000099999999920 0.00294574616556861216 
0.00000000099999999925 0.14815484506514317586 0.00000000099999999925 0.00000000099999999925 0.85174742365233602204 0.00000000099999999925 0.00009772428252078143 0.00000000099999999925 0.00000000099999999925 0.00000000099999999925 
0.00000000099999999946 0.14883065151015323346 0.00000000099999999946 0.00000000099999999946 0.85116922279370510473 0.00000000099999999946 0.00000011869614177456 0.00000000099999999946 0.00000000099999999946 0.00000000099999999946 
0.00000000099999999950 0.14311309969770685813 0.00000000099999999950 0.00000000099999999950 0.84290687194928803905 0.00000000099999999950 0.01398002135300518804 0.00000000099999999950 0.00000000099999999950 0.00000000099999999950 
0.00000000099999999912 0.12634385074993090270 0.00000000099999999912 0.00000000099999999912 0.84163990792555321008 0.00000000099999999912 0.03201623432451605050 0.00000000099999999912 0.00000000099999999912 0.00000000099999999912 
0.00000000099999999940 0.09483641840517317845 0.00000000099999999940 0.00000000099999999940 0.90516357359482690903 0.00000000099999999940 0.00000000099999999940 0.00000000099999999940 0.00000000099999999940 0.00000000099999999940 
0.00000000099999999913 0.15089589375645071079 0.00000000099999999913 0.00000000099999999913 0.84910409824354937669 0.00000000099999999913 0.00000000099999999913 0.00000000099999999913 0.00000000099999999913 0.00000000099999999913 
0.00000000099999999958 0.14362801414566439551 0.00000000099999999958 0.00000000099999999958 0.85637197785433560870 0.00000000099999999958 0.00000000099999999958 0.00000000099999999958 0.00000000099999999958 0.00000000099999999958 
0.00000000099999999951 0.12429312567463421391 0.00000000099999999951 0.00000000099999999951 0.87570686632536576255 0.00000000099999999951 0.00000000099999999951 0.00000000099999999951 0.00000000099999999951 0.00000000099999999951 
0.00000000099999999961 0.13004353749179842215 0.00000000099999999961 0.00000000099999999961 0.86995645450820169309 0.00000000099999999961 0.00000000099999999961 0.00000000099999999961 0.00000000099999999961 0.00000000099999999961 
0.00000000099999999927 0.13458885951149235360 0.00000000099999999927 0.00000000099999999927 0.83743439605697977957 0.00000000099999999927 0.02797673743152787745 0.00000000099999999927 0.00000000099999999927 0.00000000099999999927 
0.00000000099999999973 0.15346719035824868405 0.00000000099999999973 0.00000000099999999973 0.84095679180706395250 0.00000000099999999973 0.00000000099999999973 0.00000000099999999973 0.00000000099999999973 0.00557601083468736020 
0.00000000099999999995 0.10542715822265567860 0.00000000099999999995 0.00000000099999999995 0.86730943036696861448 0.00548354917530134624 0.01856003036944909104 0.00321982686562524408 0.00000000099999999995 0.00000000099999999995 
0.00000000099999999995 0.15882252712438141296 0.00000000099999999995 0.00000000099999999995 0.81581658476231888599 0.00477454819790550534 0.01715716821679905829 0.00074725098182576140 0.00000000099999999995 0.00268191671676938767 
0.00000000099999999993 0.16376122792056677091 0.00000000099999999993 0.00000000099999999993 0.82255486506275599101 0.00419705139445480761 0.00619880787493093388 0.00148706935608787418 0.00000000099999999993 0.00180097439120354970 
0.00000000099999999992 0.14581873488654512050 0.00000000099999999992 0.00000000099999999992 0.82855658044649538319 0.00200152042630584925 0.01824698370785371795 0.00000000099999999992 0.00000000099999999992 0.00537617553279978039 
0.00000000099999999994 0.18085160197363248091 0.00000000099999999994 0.00000000099999999994 0.79886268735077570202 0.00126383222188522406 0.01174031601340219839 0.00321237046691847088 0.00000000099999999994 0.00406918797338602471 
0.00000000099999999984 0.11526637524644703370 0.00000000099999999984 0.00000000099999999984 0.84924563954980736291 0.00273243953361452683 0.03139683912035116237 0.00135870154977989492 0.00000000099999999984 0.00000000099999999984 
0.00000000099999999922 0.01136413819037763659 0.00000000099999999922 0.00000000099999999922 0.00000000099999999922 0.00000000099999999922 0.98863585380962237803 0.00000000099999999922 0.00000000099999999922 0.00000000099999999922 
0.00000000099999999919 0.00000000099999999919 0.00000000099999999919 0.00000000099999999919 0.00000000099999999919 0.00000000099999999919 0.99999999100000003249 0.00000000099999999919 0.00000000099999999919 0.00000000099999999919 
0.00000000099999999946 0.00538473555975747635 0.00000000099999999946 0.00000000099999999946 0.00696181813302869032 0.00000000099999999946 0.96017503188655517476 0.00000000099999999946 0.00000000099999999946 0.02747840842065890632 
0.00000000099999999975 0.00000000099999999975 0.00000000099999999975 0.00000000099999999975 0.00000000157463165825 0.00000000099999999975 0.99999999042536846794 0.00000000099999999975 0.00000000099999999975 0.00000000099999999975 
0.00000000099999999920 0.00574167743240771959 0.00000000099999999920 0.00000000099999999920 0.00219644485789570161 0.00000000099999999920 0.99206187070969653607 0.00000000099999999920 0.00000000099999999920 0.00000000099999999920 
0.00000000099999999931 0.00000018436625367226 0.00000000099999999931 0.00000000099999999931 0.00000000099999999931 0.00000000099999999931 0.99999980763374640702 0.00000000099999999931 0.00000000099999999931 0.00000000099999999931 
0.00000000099999999945 0.00869818822832700046 0.00000000099999999945 0.00000000099999999945 0.01109698610486795425 0.00000000099999999945 0.98020481866680508887 0.00000000099999999945 0.00000000099999999945 0.00000000099999999945 
0.00000000099999999933 0.00685436347380427319 0.00000000099999999933 0.00000000099999999933 0.00000000099999999933 0.00000000099999999933 0.99314562852619581168 0.00000000099999999933 0.00000000099999999933 0.00000000099999999933 
0.00000000099999999923 0.00318303445422931557 0.00000000099999999923 0.00000000099999999923 0.00000000099999999923 0.00000000099999999923 0.96631744809651853867 0.00000000099999999923 0.00000000099999999923 0.03049951044925224702 
0.00000000099999999964 0.00000000099999999964 0.00000000099999999964 0.00000000099999999964 0.00000000099999999964 0.00000000099999999964 0.99999999100000003249 0.00000000099999999964 0.00000000099999999964 0.00000000099999999964 
0.00000000099999999926 0.00000000099999999926 0.00000000099999999926 0.00000000099999999926 0.00738472886673186002 0.00000000099999999926 0.99261526313326819970 0.00000000099999999926 0.00000000099999999926 0.00000000099999999926 
0.00000000099999999916 0.00203554645174061459 0.00000000099999999916 0.00000000099999999916 0.04031499512583478634 0.00000000099999999916 0.95764945142242474674 0.00000000099999999916 0.00000000099999999916 0.00000000099999999916 
0.00000000099999999925 0.00000000099999999925 0.00000000099999999925 0.00000000099999999925 0.00000000099999999925 0.00000000099999999925 0.99999999099999992147 0.00000000099999999925 0.00000000099999999925 0.00000000099999999925 
0.00000000099999999934 0.00000000099999999934 0.00000000099999999934 0.00000000099999999934 0.00792662274940350055 0.00000000099999999934 0.99207336925059663724 0.00000000099999999934 0.00000000099999999934 0.00000000099999999934 
0.00000000099999999952 0.00000000099999999952 0.00000000099999999952 0.00000000099999999952 0.00000000099999999952 0.00000000099999999952 0.99627469961909065344 0.00000000099999999952 0.00000000099999999952 0.00372529238090937983 
0.00000000099999999935 0.03692003713190970121 0.00000000099999999935 0.00000000099999999935 0.00000000099999999935 0.00000000099999999935 0.96307995486809039321 0.00000000099999999935 0.00000000099999999935 0.00000000099999999935 
0.00000000099999999950 0.00052337774360163068 0.00000000099999999950 0.00000000099999999950 0.01503861619926284005 0.00000000099999999950 0.98215862376721374538 0.00000000099999999950 0.00000000099999999950 0.00227937628992170649 
0.00000000099999999898 0.00000002247256722423 0.00000000099999999898 0.00000000099999999898 0.00000000099999999898 0.00000000099999999898 0.99999996952743264167 0.00000000099999999898 0.00000000099999999898 0.00000000099999999898 
0.00000000099999999967 0.02674021204580081384 0.00000000099999999967 0.00000000099999999967 0.02825181403753968326 0.00000000099999999967 0.93678133346510661372 0.00000000099999999967 0.00374570104858303402 0.00448093440296982049 
0.00000000099999999988 0.07479478208233411585 0.00000000099999999988 0.00000000099999999988 0.01609489594766451079 0.00000000099999999988 0.90716013171154308292 0.00000000099999999988 0.00195018425845826216 0.00000000099999999988 
0.00000000099999999964 0.00000000099999999964 0.00000000099999999964 0.00000000099999999964 0.06591006608032309866 0.00000000099999999964 0.93408992591967698882 0.00000000099999999964 0.00000000099999999964 0.00000000099999999964 
0.00870580358734478373 0.06962351208295848581 0.00000000099999999986 0.00000000099999999986 0.00000004286487790826 0.00000000099999999986 0.92167063546481897696 0.00000000099999999986 0.00000000099999999986 0.00000000099999999986 
0.00000000099999999989 0.06769936394223580178 0.00000000099999999989 0.00000000099999999989 0.05911185369476923412 0.00185085711440352856 0.87133791924859149702 0.00000000099999999989 0.00000000099999999989 0.00000000099999999989 
0.00000002676703688307 0.07585222033563701616 0.00000000099999999994 0.00278984680367015854 0.02814730799402909850 0.00000000099999999994 0.89261688230251468035 0.00000000099999999994 0.00057700841833082869 0.00001670437878119159 
0.00000000099999999988 0.01904112587842557089 0.00000000099999999988 0.00000000099999999988 0.01274608571622669155 0.00000000359377949841 0.96785447719052075666 0.00035830262104759173 0.00000000099999999988 0.00000000099999999988 
0.00000000099999999974 0.07544398876470874427 0.00000000099999999974 0.00000000099999999974 0.01471071550970986033 0.00000000099999999974 0.90491903311806232146 0.00000000099999999974 0.00492625660751918031 0.00000000099999999974 
0.00000000099999999988 0.05658744161098550052 0.00000000099999999988 0.00000000099999999988 0.03465663142681608272 0.00000000099999999988 0.90576832482854729989 0.00000000099999999988 0.00298759613365112654 0.00000000099999999988 
0.00000209966260604053 0.05054221265921703121 0.00000000099999999990 0.00000000099999999990 0.00004247028232160702 0.00096877513323763225 0.94588995433739042618 0.00000000099999999990 0.00000000099999999990 0.00255448392522739662 
0.00175313967697828302 0.04356657065351752373 0.00000000099999999973 0.00000000099999999973 0.00000000099999999973 0.00000000099999999973 0.95468028266950422100 0.00000000099999999973 0.00000000099999999973 0.00000000099999999973 
0.00000000099999999963 0.08765648379020556102 0.00000000099999999963 0.00000000099999999963 0.00054379201718533982 0.00000000099999999963 0.91179971719260899388 0.00000000099999999963 0.00000000099999999963 0.00000000099999999963 
0.00000000099999999966 0.06852516731302518704 0.00000000099999999966 0.00000000099999999966 0.00000000099999999966 0.00000000099999999966 0.92261186280554452477 0.00000000099999999966 0.00293839121214934480 0.00592457266928115775 
0.00579844214222123653 0.04865617956628261187 0.00000000099999999974 0.00000000099999999974 0.10002789030896327982 0.00000000099999999974 0.84551748198253284805 0.00000000099999999974 0.00000000099999999974 0.00000000099999999974 
0.00000000099999999997 0.06929916373391085960 0.00000000099999999997 0.00298289889252811510 0.04624405461505676218 0.00292864675888209608 0.87840326076422259316 0.00000000099999999997 0.00014197123539953652 0.00000000099999999997 
0.00000000099999999972 0.03131663361301303267 0.00000000099999999972 0.00000000099999999972 0.08929863381192133798 0.00000000099999999972 0.87938472557506563998 0.00000000099999999972 0.00000000099999999972 0.00000000099999999972 
0.00000000099999999958 0.10254787733174934583 0.00000000099999999958 0.00000000099999999958 0.02107357944658987819 0.00000000099999999958 0.87637853622166084211 0.00000000099999999958 0.00000000099999999958 0.00000000099999999958 
0.00000000099999999936 0.07794309680181786548 0.00000000099999999936 0.00000000099999999936 0.07223535481061275909 0.00000000099999999936 0.84982154138756937911 0.00000000099999999936 0.00000000099999999936 0.00000000099999999936 
0.00000000099999999973 0.05760919484628762577 0.00000000099999999973 0.00000000099999999973 0.06021966801001579772 0.00000000099999999973 0.87913856104598131491 0.00000000099999999973 0.00000000099999999973 0.00303257009771529121 
0.00000000099999999996 0.06495839832852144669 0.00000000099999999996 0.00000000099999999996 0.06880375203580972598 0.00000000099999999996 0.78441895227533120494 0.00000000099999999996 0.01280972661580302534 0.06900916574453468122 
0.00000000099999999998 0.23755020822954439619 0.00000000099999999998 0.00000000099999999998 0.02620669473503266927 0.00000000099999999998 0.63121458419769493897 0.00000000099999999998 0.00403384972121613970 0.10099465811651169023 
0.00000000099999999999 0.07848589924992355193 0.00000000099999999999 0.00000000099999999999 0.18613988950787577203 0.00000000099999999999 0.71236746342292089906 0.00000035711414895099 0.02300627125565788550 0.00000011544947293033 
0.00000000099999999951 0.06598965475251294954 0.00000000099999999951 0.00000000099999999951 0.02350189925556291429 0.00000000099999999951 0.90433850626709566534 0.00616993372482855899 0.00000000099999999951 0.00000000099999999951 
0.00000000099999999997 0.10836478593024587158 0.00000000099999999997 0.00000000099999999997 0.11046091221748705058 0.00000000099999999997 0.75672480138880315881 0.00000000099999999997 0.02424833477615978561 0.00020116068730408710 
0.00000000099999999998 0.22311266640184071464 0.00000000099999999998 0.00000000099999999998 0.39200941646082526626 0.00000000099999999998 0.21006109355173316344 0.00000000099999999998 0.00000000099999999998 0.17481681758560099760 
0.00000000099999999978 0.01466236328720503697 0.00000000099999999978 0.00000000099999999978 0.03698887689381386706 0.00000000099999999978 0.94432209079996443091 0.00000000099999999978 0.00000000099999999978 0.00402666301901664914 
0.00000000099999999998 0.00000003462318173119 0.00000000099999999998 0.00000000099999999998 0.56053399775245660308 0.00000000099999999998 0.42820475123098017400 0.01103299812996759270 0.00000000099999999998 0.00022821326341401020 
0.00000000099999999976 0.03754256276878950582 0.00000000099999999976 0.00000000099999999976 0.06044259345735184669 0.00000000099999999976 0.88612437750786887669 0.01589046026598983641 0.00000000099999999976 0.00000000099999999976 
0.00000000099999999988 0.01592969501278124200 0.00000000099999999988 0.00000000099999999988 0.02608082438221612578 0.00000000099999999988 0.95175487822772808499 0.00195084421872582237 0.00000000099999999988 0.00428375315854867024 
0.00000000099999999951 0.01430811959475986397 0.00000000099999999951 0.00000000099999999951 0.09656242587996823057 0.00000000099999999951 0.87697387462643194844 0.00854110400096776655 0.00000000099999999951 0.00361447089787231756 
0.00000000099999999985 0.01962628992691477572 0.00000000099999999985 0.00000000099999999985 0.10113121589643886411 0.00000000099999999985 0.87305438333035312315 0.00193027153656049493 0.00000012469138408129 0.00425771061834881188 
0.00000000099999999913 0.04861631236974126025 0.00000000099999999913 0.00000000099999999913 0.05272191273046678006 0.00000000099999999913 0.89866171786220860884 0.00000000099999999913 0.00000000099999999913 0.00000005103758342121 
