0.99999999200000000421 0.00000000099999999824 0.00000000099999999824 0.00000000099999999824 0.00000000099999999824 0.00000000099999999824 0.00000000099999999824 0.00000000099999999824 0.00000000099999999824 
0.99999999200000011523 0.00000000099999999833 0.00000000099999999833 0.00000000099999999833 0.00000000099999999833 0.00000000099999999833 0.00000000099999999833 0.00000000099999999833 0.00000000099999999833 
0.99999999200000011523 0.00000000099999999828 0.00000000099999999828 0.00000000099999999828 0.00000000099999999828 0.00000000099999999828 0.00000000099999999828 0.00000000099999999828 0.00000000099999999828 
0.99999999200000011523 0.00000000099999999832 0.00000000099999999832 0.00000000099999999832 0.00000000099999999832 0.00000000099999999832 0.00000000099999999832 0.00000000099999999832 0.00000000099999999832 
0.99999999200000000421 0.00000000099999999837 0.00000000099999999837 0.00000000099999999837 0.00000000099999999837 0.00000000099999999837 0.00000000099999999837 0.00000000099999999837 0.00000000099999999837 
0.99999999200000011523 0.00000000099999999837 0.00000000099999999837 0.00000000099999999837 0.00000000099999999837 0.00000000099999999837 0.00000000099999999837 0.00000000099999999837 0.00000000099999999837 
0.99999999200000011523 0.00000000099999999828 0.00000000099999999828 0.00000000099999999828 0.00000000099999999828 0.00000000099999999828 0.00000000099999999828 0.00000000099999999828 0.00000000099999999828 
0.99999999200000011523 0.00000000099999999842 0.00000000099999999842 0.00000000099999999842 0.00000000099999999842 0.00000000099999999842 0.00000000099999999842 0.00000000099999999842 0.00000000099999999842 
0.99999999200000000421 0.00000000099999999831 0.00000000099999999831 0.00000000099999999831 0.00000000099999999831 0.00000000099999999831 0.00000000099999999831 0.00000000099999999831 0.00000000099999999831 
0.99999999200000011523 0.00000000099999999840 0.00000000099999999840 0.00000000099999999840 0.00000000099999999840 0.00000000099999999840 0.00000000099999999840 0.00000000099999999840 0.00000000099999999840 
0.99999999200000011523 0.00000000099999999836 0.00000000099999999836 0.00000000099999999836 0.00000000099999999836 0.00000000099999999836 0.00000000099999999836 0.00000000099999999836 0.00000000099999999836 
0.99999999200000000421 0.00000000099999999865 0.00000000099999999865 0.00000000099999999865 0.00000000099999999865 0.00000000099999999865 0.00000000099999999865 0.00000000099999999865 0.00000000099999999865 
0.99999999200000011523 0.00000000099999999835 0.00000000099999999835 0.00000000099999999835 0.00000000099999999835 0.00000000099999999835 0.00000000099999999835 0.00000000099999999835 0.00000000099999999835 
0.99999999200000000421 0.00000000099999999831 0.00000000099999999831 0.00000000099999999831 0.00000000099999999831 0.00000000099999999831 0.00000000099999999831 0.00000000099999999831 0.00000000099999999831 
0.99999999200000000421 0.00000000099999999835 0.00000000099999999835 0.00000000099999999835 0.00000000099999999835 0.00000000099999999835 0.00000000099999999835 0.00000000099999999835 0.00000000099999999835 
0.99999999200000000421 0.00000000099999999834 0.00000000099999999834 0.00000000099999999834 0.00000000099999999834 0.00000000099999999834 0.00000000099999999834 0.00000000099999999834 0.00000000099999999834 
0.99999999200000000421 0.00000000099999999833 0.00000000099999999833 0.00000000099999999833 0.00000000099999999833 0.00000000099999999833 0.00000000099999999833 0.00000000099999999833 0.00000000099999999833 
0.99999999200000011523 0.00000000099999999845 0.00000000099999999845 0.00000000099999999845 0.00000000099999999845 0.00000000099999999845 0.00000000099999999845 0.00000000099999999845 0.00000000099999999845 
0.99999999200000011523 0.00000000099999999847 0.00000000099999999847 0.00000000099999999847 0.00000000099999999847 0.00000000099999999847 0.00000000099999999847 0.00000000099999999847 0.00000000099999999847 
0.99999999200000000421 0.00000000099999999844 0.00000000099999999844 0.00000000099999999844 0.00000000099999999844 0.00000000099999999844 0.00000000099999999844 0.00000000099999999844 0.00000000099999999844 
0.99999999200000000421 0.00000000099999999838 0.00000000099999999838 0.00000000099999999838 0.00000000099999999838 0.00000000099999999838 0.00000000099999999838 0.00000000099999999838 0.00000000099999999838 
0.99999999200000000421 0.00000000099999999841 0.00000000099999999841 0.00000000099999999841 0.00000000099999999841 0.00000000099999999841 0.00000000099999999841 0.00000000099999999841 0.00000000099999999841 
0.99999999200000000421 0.00000000099999999840 0.00000000099999999840 0.00000000099999999840 0.00000000099999999840 0.00000000099999999840 0.00000000099999999840 0.00000000099999999840 0.00000000099999999840 
0.99999999200000011523 0.00000000099999999841 0.00000000099999999841 0.00000000099999999841 0.00000000099999999841 0.00000000099999999841 0.00000000099999999841 0.00000000099999999841 0.00000000099999999841 
0.99999999200000011523 0.00000000099999999886 0.00000000099999999886 0.00000000099999999886 0.00000000099999999886 0.00000000099999999886 0.00000000099999999886 0.00000000099999999886 0.00000000099999999886 
0.99999999200000011523 0.00000000099999999838 0.00000000099999999838 0.00000000099999999838 0.00000000099999999838 0.00000000099999999838 0.00000000099999999838 0.00000000099999999838 0.00000000099999999838 
0.99999999200000011523 0.00000000099999999844 0.00000000099999999844 0.00000000099999999844 0.00000000099999999844 0.00000000099999999844 0.00000000099999999844 0.00000000099999999844 0.00000000099999999844 
0.99999999200000011523 0.00000000099999999846 0.00000000099999999846 0.00000000099999999846 0.00000000099999999846 0.00000000099999999846 0.00000000099999999846 0.00000000099999999846 0.00000000099999999846 
0.99999999200000011523 0.00000000099999999848 0.00000000099999999848 0.00000000099999999848 0.00000000099999999848 0.00000000099999999848 0.00000000099999999848 0.00000000099999999848 0.00000000099999999848 
0.99999999200000011523 0.00000000099999999843 0.00000000099999999843 0.00000000099999999843 0.00000000099999999843 0.00000000099999999843 0.00000000099999999843 0.00000000099999999843 0.00000000099999999843 
0.99999999200000000421 0.00000000099999999866 0.00000000099999999866 0.00000000099999999866 0.00000000099999999866 0.00000000099999999866 0.00000000099999999866 0.00000000099999999866 0.00000000099999999866 
0.99999999200000011523 0.00000000099999999891 0.00000000099999999891 0.00000000099999999891 0.00000000099999999891 0.00000000099999999891 0.00000000099999999891 0.00000000099999999891 0.00000000099999999891 
0.99999999200000000421 0.00000000099999999859 0.00000000099999999859 0.00000000099999999859 0.00000000099999999859 0.00000000099999999859 0.00000000099999999859 0.00000000099999999859 0.00000000099999999859 
0.99999999200000011523 0.00000000099999999879 0.00000000099999999879 0.00000000099999999879 0.00000000099999999879 0.00000000099999999879 0.00000000099999999879 0.00000000099999999879 0.00000000099999999879 
0.99999999200000000421 0.00000000099999999859 0.00000000099999999859 0.00000000099999999859 0.00000000099999999859 0.00000000099999999859 0.00000000099999999859 0.00000000099999999859 0.00000000099999999859 
0.99999999200000000421 0.00000000099999999872 0.00000000099999999872 0.00000000099999999872 0.00000000099999999872 0.00000000099999999872 0.00000000099999999872 0.00000000099999999872 0.00000000099999999872 
0.99999999200000000421 0.00000000099999999864 0.00000000099999999864 0.00000000099999999864 0.00000000099999999864 0.00000000099999999864 0.00000000099999999864 0.00000000099999999864 0.00000000099999999864 
0.99999999200000000421 0.00000000099999999864 0.00000000099999999864 0.00000000099999999864 0.00000000099999999864 0.00000000099999999864 0.00000000099999999864 0.00000000099999999864 0.00000000099999999864 
0.99999999200000000421 0.00000000099999999870 0.00000000099999999870 0.00000000099999999870 0.00000000099999999870 0.00000000099999999870 0.00000000099999999870 0.00000000099999999870 0.00000000099999999870 
0.99999999200000011523 0.00000000099999999896 0.00000000099999999896 0.00000000099999999896 0.00000000099999999896 0.00000000099999999896 0.00000000099999999896 0.00000000099999999896 0.00000000099999999896 
0.99999999200000000421 0.00000000099999999861 0.00000000099999999861 0.00000000099999999861 0.00000000099999999861 0.00000000099999999861 0.00000000099999999861 0.00000000099999999861 0.00000000099999999861 
0.99999999200000000421 0.00000000099999999878 0.00000000099999999878 0.00000000099999999878 0.00000000099999999878 0.00000000099999999878 0.00000000099999999878 0.00000000099999999878 0.00000000099999999878 
0.99999999200000011523 0.00000000099999999866 0.00000000099999999866 0.00000000099999999866 0.00000000099999999866 0.00000000099999999866 0.00000000099999999866 0.00000000099999999866 0.00000000099999999866 
0.99999999200000011523 0.00000000099999999862 0.00000000099999999862 0.00000000099999999862 0.00000000099999999862 0.00000000099999999862 0.00000000099999999862 0.00000000099999999862 0.00000000099999999862 
0.99999999200000000421 0.00000000099999999878 0.00000000099999999878 0.00000000099999999878 0.00000000099999999878 0.00000000099999999878 0.00000000099999999878 0.00000000099999999878 0.00000000099999999878 
0.99999999200000011523 0.00000000099999999866 0.00000000099999999866 0.00000000099999999866 0.00000000099999999866 0.00000000099999999866 0.00000000099999999866 0.00000000099999999866 0.00000000099999999866 
0.99999999200000011523 0.00000000099999999872 0.00000000099999999872 0.00000000099999999872 0.00000000099999999872 0.00000000099999999872 0.00000000099999999872 0.00000000099999999872 0.00000000099999999872 
0.99999999200000022626 0.00000000099999999900 0.00000000099999999900 0.00000000099999999900 0.00000000099999999900 0.00000000099999999900 0.00000000099999999900 0.00000000099999999900 0.00000000099999999900 
0.99999999200000011523 0.00000000099999999903 0.00000000099999999903 0.00000000099999999903 0.00000000099999999903 0.00000000099999999903 0.00000000099999999903 0.00000000099999999903 0.00000000099999999903 
0.99999999200000022626 0.00000000099999999917 0.00000000099999999917 0.00000000099999999917 0.00000000099999999917 0.00000000099999999917 0.00000000099999999917 0.00000000099999999917 0.00000000099999999917 
0.99999999200000022626 0.00000000099999999952 0.00000000099999999952 0.00000000099999999952 0.00000000099999999952 0.00000000099999999952 0.00000000099999999952 0.00000000099999999952 0.00000000099999999952 
0.00000000099999999925 0.00000000099999999925 0.00000000099999999925 0.89199770909401510099 0.00000000099999999925 0.10800228390598495820 0.00000000099999999925 0.00000000099999999925 0.00000000099999999925 
0.00000000099999999911 0.00000000099999999911 0.00000000099999999911 0.83929906167066437028 0.00000000099999999911 0.16070093132933571667 0.00000000099999999911 0.00000000099999999911 0.00000000099999999911 
0.00000000099999999943 0.00000000099999999943 0.00000000099999999943 0.83566242229786402707 0.00000000099999999943 0.16433757070213589335 0.00000000099999999943 0.00000000099999999943 0.00000000099999999943 
0.00000000099999999886 0.00000000099999999886 0.00000000099999999886 0.86938755902043118873 0.00000000099999999886 0.12017727584584912692 0.00000000099999999886 0.01043515913371974822 0.00000000099999999886 
0.00000000099999999898 0.00000000099999999898 0.00000000099999999898 0.90605270794129511014 0.00000000099999999898 0.08566253210284209552 0.00000000099999999898 0.00828475395586277495 0.00000000099999999898 
0.00000000099999999879 0.00000000099999999879 0.00000000099999999879 0.87758055821920166739 0.00000000099999999879 0.12241943478079828078 0.00000000099999999879 0.00000000099999999879 0.00000000099999999879 
0.00000000099999999918 0.00000000099999999918 0.00000000099999999918 0.86686778170876566119 0.00000000099999999918 0.11783181799044353810 0.00000000099999999918 0.01530039430079065815 0.00000000099999999918 
0.00000000099999999890 0.00000000099999999890 0.00000000099999999890 0.89289156065164831944 0.00000000099999999890 0.10710843234835164262 0.00000000099999999890 0.00000000099999999890 0.00000000099999999890 
0.00000000099999999912 0.00000000099999999912 0.00000000099999999912 0.85952084453792776397 0.00000000099999999912 0.13241403628975412232 0.00000000099999999912 0.00806511317231808911 0.00000000099999999912 
0.00000000099999999972 0.00000000099999999972 0.00000000099999999972 0.89199726224856157319 0.00000000099999999972 0.10108170377512447347 0.00692102797631401635 0.00000000099999999972 0.00000000099999999972 
0.00000000099999999898 0.00000000099999999898 0.00000000099999999898 0.88430235501450749069 0.00000000099999999898 0.11569763798549238809 0.00000000099999999898 0.00000000099999999898 0.00000000099999999898 
0.00000000099999999892 0.00000000099999999892 0.00000000099999999892 0.86351633806944860794 0.00000000099999999892 0.13634817517228076111 0.00000000099999999892 0.00013548075827061557 0.00000000099999999892 
0.00000000099999999959 0.00000000099999999959 0.00000000099999999959 0.81642255317192313768 0.00000000099999999959 0.15595886401761124840 0.00736509462435687608 0.02025348318610866935 0.00000000099999999959 
0.00000000099999999915 0.00000000099999999915 0.00000000099999999915 0.86477215673222418424 0.00000000099999999915 0.11390309130472095478 0.00000000099999999915 0.02132474596305481904 0.00000000099999999915 
0.00000000099999999950 0.00000000099999999950 0.00000000099999999950 0.91759764566330348501 0.00000000099999999950 0.08240234733669656031 0.00000000099999999950 0.00000000099999999950 0.00000000099999999950 
0.00000000099999999879 0.00000000099999999879 0.00000000099999999879 0.89231074752218164647 0.00000000099999999879 0.10768924547781839884 0.00000000099999999879 0.00000000099999999879 0.00000000099999999879 
0.00000000099999999936 0.00000000099999999936 0.00000000099999999936 0.79220461718358381464 0.00000000099999999936 0.19804469915898792465 0.00000000099999999936 0.00975067765742829509 0.00000000099999999936 
0.00000000099999999941 0.00000000099999999941 0.00000000099999999941 0.83430978120771259743 0.00000000099999999941 0.16569021179228754503 0.00000000099999999941 0.00000000099999999941 0.00000000099999999941 
0.00000000099999999908 0.00000000099999999908 0.00000000099999999908 0.87796829708501722411 0.00000000099999999908 0.12203169591498269630 0.00000000099999999908 0.00000000099999999908 0.00000000099999999908 
0.00000000099999999907 0.00000000099999999907 0.00000000099999999907 0.87736089328567634649 0.00000000099999999907 0.12263909971432358781 0.00000000099999999907 0.00000000099999999907 0.00000000099999999907 
0.00000000099999999910 0.00000000099999999910 0.00000000099999999910 0.80117407258731376807 0.00000000099999999910 0.16386792359319946044 0.00000000099999999910 0.03495799781948671220 0.00000000099999999910 
0.00000000099999999884 0.00000000099999999884 0.00000000099999999884 0.84154501785931246083 0.00000000099999999884 0.15845238500418193373 0.00000000099999999884 0.00000259113650560078 0.00000000099999999884 
0.00000000099999999910 0.00000000099999999910 0.00000000099999999910 0.87342685964214550332 0.00000000099999999910 0.12657313335785455588 0.00000000099999999910 0.00000000099999999910 0.00000000099999999910 
0.00000000099999999914 0.00000000099999999914 0.00000000099999999914 0.81850301784389811743 0.00000000099999999914 0.18149697515610188625 0.00000000099999999914 0.00000000099999999914 0.00000000099999999914 
0.00000000099999999943 0.00000000099999999943 0.00000000099999999943 0.80245567395921024723 0.00000000099999999943 0.19754431904078972870 0.00000000099999999943 0.00000000099999999943 0.00000000099999999943 
0.00000000099999999897 0.00000000099999999897 0.00000000099999999897 0.87471548820202849051 0.00000000099999999897 0.12528450479797145767 0.00000000099999999897 0.00000000099999999897 0.00000000099999999897 
0.00000000099999999914 0.00000000099999999914 0.00000000099999999914 0.82998481611035734851 0.00000000099999999914 0.17001517688964262742 0.00000000099999999914 0.00000000099999999914 0.00000000099999999914 
0.00021014953931649375 0.00000000099999999987 0.00000000099999999987 0.80249234261528223922 0.00000000099999999987 0.19292968816676664412 0.00000000099999999987 0.00000000099999999987 0.00436781467863460622 
0.00000000099999999955 0.00000000099999999955 0.00000000099999999955 0.87579767262981944587 0.00000000099999999955 0.12420232037018069660 0.00000000099999999955 0.00000000099999999955 0.00000000099999999955 
0.00000000099999999919 0.00000000099999999919 0.00000000099999999919 0.82936104076838668142 0.00000000099999999919 0.17063895223161326675 0.00000000099999999919 0.00000000099999999919 0.00000000099999999919 
0.00000000099999999897 0.00000000099999999897 0.00000000099999999897 0.88572929365509900368 0.00000000099999999897 0.11427069934490077796 0.00000000099999999897 0.00000000099999999897 0.00000000099999999897 
0.00000000099999999967 0.00000000099999999967 0.00000000099999999967 0.89933178332626551033 0.00461618729074616055 0.09605202338298829412 0.00000000099999999967 0.00000000099999999967 0.00000000099999999967 
0.00000000099999999953 0.00000000099999999953 0.00000000099999999953 0.76638691150855198231 0.00000000099999999953 0.22712767251239379673 0.00000000099999999953 0.00648540997905416774 0.00000000099999999953 
0.00000000099999999945 0.00000000099999999945 0.00000000099999999945 0.84172255622702985001 0.00000000099999999945 0.15827708157405323552 0.00000000099999999945 0.00000035619891699435 0.00000000099999999945 
0.00000000099999999933 0.00000000099999999933 0.00000000099999999933 0.79013917874043615441 0.00000000099999999933 0.18039001139275187557 0.00000000099999999933 0.02947080386681184480 0.00000000099999999933 
0.00000000099999999947 0.00000000099999999947 0.00000000099999999947 0.85139969931148418159 0.00000000099999999947 0.12297237475973647747 0.00000000099999999947 0.02562791992877928512 0.00000000099999999947 
0.00000000099999999927 0.00000000099999999927 0.00000000099999999927 0.81552828741748062402 0.00000000099999999927 0.18447170558251951844 0.00000000099999999927 0.00000000099999999927 0.00000000099999999927 
0.00000000099999999934 0.00000000099999999934 0.00000000099999999934 0.81810868783647749947 0.00000000099999999934 0.18189130516352264300 0.00000000099999999934 0.00000000099999999934 0.00000000099999999934 
0.00000000099999999936 0.00000000099999999936 0.00000000099999999936 0.77854976704385714381 0.00000000099999999936 0.21863353785871592061 0.00000000099999999936 0.00281668909742690881 0.00000000099999999936 
0.00000000099999999974 0.00000000099999999974 0.00000000099999999974 0.92946964927611275264 0.00000000099999999974 0.07053030529797719994 0.00000000099999999974 0.00000003942591013391 0.00000000099999999974 
0.00000000099999999942 0.00000000099999999942 0.00000000099999999942 0.89518379616307064417 0.00000000099999999942 0.10481619683692931788 0.00000000099999999942 0.00000000099999999942 0.00000000099999999942 
0.00000000099999999973 0.00000000099999999973 0.00000000099999999973 0.88871214165507439464 0.00000000099999999973 0.08857067397006029852 0.00000000099999999973 0.02271717837486538979 0.00000000099999999973 
0.00000000099999999922 0.00000000099999999922 0.00000000099999999922 0.89342644180570596202 0.00000000099999999922 0.10657355119429397228 0.00000000099999999922 0.00000000099999999922 0.00000000099999999922 
0.00000000099999999911 0.00000000099999999911 0.00000000099999999911 0.83094744970373946025 0.00000000099999999911 0.16236305061403941141 0.00000000099999999911 0.00668949368222109073 0.00000000099999999911 
0.00000000099999999908 0.00000000099999999908 0.00000000099999999908 0.80673084958104424036 0.00000000099999999908 0.19326914341895581884 0.00000000099999999908 0.00000000099999999908 0.00000000099999999908 
0.00000000099999999913 0.00000000099999999913 0.00000000099999999913 0.84197365574976990032 0.00000000099999999913 0.15802633725023007560 0.00000000099999999913 0.00000000099999999913 0.00000000099999999913 
0.00000000099999999915 0.00000000099999999915 0.00000000099999999915 0.85998152325970711463 0.00000000099999999915 0.13843808191666504004 0.00000000099999999915 0.00158038882362787690 0.00000000099999999915 
0.00000000099999999944 0.00000000099999999944 0.00000000099999999944 0.82379788251667762644 0.00000000099999999944 0.17620211048332240500 0.00000000099999999944 0.00000000099999999944 0.00000000099999999944 
0.00000000099999999914 0.00000000099999999914 0.00000000099999999914 0.81277462727956373278 0.00000000099999999914 0.16070705121139780558 0.00000000099999999914 0.02651831550903840928 0.00000000099999999914 
0.00000000099999999927 0.00000000099999999927 0.00000000099999999927 0.80372406110004068758 0.00000000099999999927 0.19627593189995931611 0.00000000099999999927 0.00000000099999999927 0.00000000099999999927 
0.00000000099999999911 0.00000000099999999911 0.00000000099999999911 0.80772775696924248301 0.00000000099999999911 0.15636508650310751434 0.00000000099999999911 0.03590715052765000581 0.00000000099999999911 
0.00000000099999999925 0.00000000099999999925 0.00000000099999999925 0.81715289763296961034 0.00000000099999999925 0.18284709536703050436 0.00000000099999999925 0.00000000099999999925 0.00000000099999999925 
0.00000000099999999938 0.00000000099999999938 0.00000000099999999938 0.94918984347703316828 0.00000000099999999938 0.05081014952296695336 0.00000000099999999938 0.00000000099999999938 0.00000000099999999938 
0.00000000099999999938 0.00000000099999999938 0.00000000099999999938 0.90536571568927270981 0.00000000099999999938 0.08178025148745109163 0.00000000099999999938 0.01285402682327627284 0.00000000099999999938 
0.00000000099999999915 0.00000000099999999915 0.00000000099999999915 0.84315696480300250659 0.00000000099999999915 0.14233217238088186063 0.00000000099999999915 0.01451085681611553359 0.00000000099999999915 
0.00000000099999999925 0.00000000099999999925 0.00000000099999999925 0.88011383654510533248 0.00000000099999999925 0.11643211228267050239 0.00000000099999999925 0.00345404517222422987 0.00000000099999999925 
0.00000000099999999942 0.00000000099999999942 0.00000000099999999942 0.87697284439547484869 0.00000000099999999942 0.12302714860452511336 0.00000000099999999942 0.00000000099999999942 0.00000000099999999942 
0.00000000099999999946 0.00000000099999999946 0.00000000099999999946 0.89391268424408831805 0.00000000099999999946 0.10608730875591161624 0.00000000099999999946 0.00000000099999999946 0.00000000099999999946 
0.00000000099999999909 0.00000000099999999909 0.00000000099999999909 0.87731201774209344180 0.00000000099999999909 0.09328601668660217727 0.00000000099999999909 0.02940195957130430776 0.00000000099999999909 
0.00000000099999999935 0.00000000099999999935 0.00000000099999999935 0.92579352218544763709 0.00000000099999999935 0.07420647081455229721 0.00000000099999999935 0.00000000099999999935 0.00000000099999999935 
0.00000000099999999911 0.00000000099999999911 0.00000000099999999911 0.87845259214731885589 0.00000000099999999911 0.12154740085268116168 0.00000000099999999911 0.00000000099999999911 0.00000000099999999911 
0.00000000099999999951 0.00000000099999999951 0.00000000099999999951 0.87585492356661531765 0.00000000099999999951 0.12414506943338474154 0.00000000099999999951 0.00000000099999999951 0.00000000099999999951 
0.00000000099999999939 0.00000000099999999939 0.00000000099999999939 0.90869907185428788754 0.00000000099999999939 0.09130092114571206063 0.00000000099999999939 0.00000000099999999939 0.00000000099999999939 
0.00000000099999999948 0.00000000099999999948 0.00000000099999999948 0.89807259921058524288 0.00000000099999999948 0.10192739378941476081 0.00000000099999999948 0.00000000099999999948 0.00000000099999999948 
0.00000000099999999922 0.00000000099999999922 0.00000000099999999922 0.86412583367391215816 0.00000000099999999922 0.11158328681083022615 0.00000000099999999922 0.02429087351525771599 0.00000000099999999922 
0.00000000099999999969 0.00000000099999999969 0.00000000099999999969 0.88372486932743343768 0.00000000099999999969 0.11627512367256651049 0.00000000099999999969 0.00000000099999999969 0.00000000099999999969 
0.00000000099999999974 0.00000000099999999974 0.01014958573438460264 0.91863129659884157352 0.00000000099999999974 0.07121911166677398486 0.00000000099999999974 0.00000000099999999974 0.00000000099999999974 
0.00000000099999999969 0.00000000099999999969 0.00796040970103715009 0.85546875346398143503 0.00000000099999999969 0.13247390641902062614 0.00000000099999999969 0.00409692541596093102 0.00000000099999999969 
0.00000000099999999975 0.00000000099999999975 0.00720821140070278515 0.87416243173850316506 0.00000000099999999975 0.11862935086079411107 0.00000000099999999975 0.00000000099999999975 0.00000000099999999975 
0.00000000099999999985 0.00000000099999999985 0.00000000099999999985 0.88535890791687732460 0.00165245854813992460 0.11298820278695678732 0.00000000099999999985 0.00000042574802609212 0.00000000099999999985 
0.00238182995178473980 0.00000000099999999983 0.00181407304168466790 0.83180761687411919336 0.00000000099999999983 0.15817059942781155901 0.00000000099999999983 0.00582587670459965446 0.00000000099999999983 
0.00015346154311365228 0.00000000099999999981 0.00362861466065548350 0.91088220270279240953 0.00000000099999999981 0.08328443350096266518 0.00000000099999999981 0.00205128359247589136 0.00000000099999999981 
0.00000000099999999931 0.00000000099999999931 0.00000000099999999931 0.00000000099999999931 0.00000000099999999931 0.01082888510481765619 0.00000000099999999931 0.98917110789518236658 0.00000000099999999931 
0.00000000099999999923 0.00000000099999999923 0.00000000099999999923 0.00000000099999999923 0.00000000099999999923 0.00000000099999999923 0.00000000099999999923 0.99999999200000000421 0.00000000099999999923 
0.00000000099999999954 0.00000000099999999954 0.00000000099999999954 0.01369144227747030700 0.00000000099999999954 0.00653415446503640383 0.00000000099999999954 0.97977439725749337907 0.00000000099999999954 
0.00000000099999999982 0.00000000099999999982 0.00000000099999999982 0.00000000099999999982 0.00000000099999999982 0.00000000099999999982 0.00000000099999999982 0.99999999199999989319 0.00000000099999999982 
0.00000000099999999923 0.00000000099999999923 0.00000000099999999923 0.00002150876119207850 0.00000000099999999923 0.00649718117651490110 0.00000000099999999923 0.99348130406229295808 0.00000000099999999923 
0.00000000099999999937 0.00000000099999999937 0.00000000099999999937 0.00000000099999999937 0.00000000099999999937 0.00046338257705347453 0.00000000099999999937 0.99953661042294639216 0.00000000099999999937 
0.00000000099999999948 0.00000000099999999948 0.00000000099999999948 0.00000000099999999948 0.00000000099999999948 0.00606967424943339467 0.00000000099999999948 0.99393031875056658819 0.00000000099999999948 
0.00000000099999999942 0.00000000099999999942 0.00000000099999999942 0.00000002916353660291 0.00000000099999999942 0.00676936278767738351 0.00000000099999999942 0.99323060204878599322 0.00000000099999999942 
0.00000000099999999934 0.00000000099999999934 0.00000000099999999934 0.00000000099999999934 0.00000000099999999934 0.00464323529061249924 0.00000000099999999934 0.99535675770938747409 0.00000000099999999934 
0.00000000099999999969 0.00000000099999999969 0.00000000099999999969 0.00000000099999999969 0.00000000099999999969 0.00000000099999999969 0.00000000099999999969 0.99999999199999989319 0.00000000099999999969 
0.00000000099999999933 0.00000000099999999933 0.00000000099999999933 0.00000000099999999933 0.00000000099999999933 0.00000000099999999933 0.00000000099999999933 0.99999999199999989319 0.00000000099999999933 
0.00000000099999999924 0.00000000099999999924 0.00000000099999999924 0.02048820441315700458 0.00000000099999999924 0.00153268367366140223 0.00000000099999999924 0.97797910591318160112 0.00000000099999999924 
0.00000000099999999931 0.00000000099999999931 0.00000000099999999931 0.00000000099999999931 0.00000000099999999931 0.00000000099999999931 0.00000000099999999931 0.99999999200000000421 0.00000000099999999931 
0.00000000099999999937 0.00000000099999999937 0.00000000099999999937 0.01026570652556243156 0.00000000099999999937 0.00000000099999999937 0.00000000099999999937 0.98973428647443750794 0.00000000099999999937 
0.00105830529815487497 0.00000000099999999958 0.00000000099999999958 0.00000000099999999958 0.00000000099999999958 0.00000000099999999958 0.00000000099999999958 0.99894168770184510464 0.00000000099999999958 
0.00000000099999999941 0.00000000099999999941 0.00000000099999999941 0.00000000099999999941 0.00000000099999999941 0.03614366624900614000 0.00000000099999999941 0.96385632675099386368 0.00000000099999999941 
0.00000000099999999951 0.00000000099999999951 0.00000000099999999951 0.00201543799715114521 0.00000000099999999951 0.00242616971444241988 0.00000000099999999951 0.99555838628840642723 0.00000000099999999951 
0.00000000099999999906 0.00000000099999999906 0.00000000099999999906 0.00000000099999999906 0.00000000099999999906 0.00000000099999999906 0.00000000099999999906 0.99999999199999989319 0.00000000099999999906 
0.00000000099999999962 0.00000000099999999962 0.00000000099999999962 0.01757429104517218774 0.00404452398128939995 0.02293457794522846954 0.00000000099999999962 0.95544660202830977713 0.00000000099999999962 
0.00000000099999999978 0.00000000099999999978 0.00000000099999999978 0.01900731140923006546 0.00260463708249763538 0.07225323637086450423 0.00000000099999999978 0.90613481013740782011 0.00000000099999999978 
0.00000000099999999973 0.00000000099999999973 0.00000000099999999973 0.08156691290443519871 0.00000000099999999973 0.00000000099999999973 0.00000000099999999973 0.91843308009556479110 0.00000000099999999973 
0.00000000099999999986 0.00000000099999999986 0.00966095604218511483 0.00000000123028440110 0.00000000099999999986 0.07116725913947762050 0.00000000099999999986 0.91917177858805287904 0.00000000099999999986 
0.00000000099999999966 0.00000000099999999966 0.00398246957724165615 0.06961132340423052678 0.00000000099999999966 0.06342613753269518706 0.00000000099999999966 0.86298006448583253203 0.00000000099999999966 
0.00000000099999999991 0.00000000099999999991 0.00000000099999999991 0.02641879171216571232 0.00000000099999999991 0.07711970386639166453 0.00129320505545702088 0.89279417870724753215 0.00237411665873805359 
0.00000000516246321674 0.00000000099999999992 0.00014074464601610096 0.01826725504200030561 0.00000000099999999992 0.02545098156968737119 0.00000000099999999992 0.95499707262621924553 0.00114393795361366333 
0.00000000099999999980 0.00000000099999999980 0.00000000099999999980 0.03847513736926123917 0.00449136377140652975 0.07071334998438427721 0.00000000099999999980 0.88632014387494795216 0.00000000099999999980 
0.00000000099999999976 0.00000000099999999976 0.00000000099999999976 0.03166476261976752110 0.00386517955080624984 0.05720284746909859441 0.00000000099999999976 0.90726720536032756659 0.00000000099999999976 
0.00000000099999999958 0.00000000099999999958 0.00000000099999999958 0.00181911686419255277 0.00345048215535378663 0.05079459880166053987 0.00000000099999999958 0.94393579717879316782 0.00000000099999999958 
0.00000000099999999978 0.00000000099999999978 0.00000000099999999978 0.00000000099999999978 0.00191578322431075628 0.03790828099507426857 0.00000000099999999978 0.96017592978061505615 0.00000000099999999978 
0.00000000099999999969 0.00000000099999999969 0.00000000099999999969 0.00827385622284608664 0.00000000099999999969 0.08306290828436076190 0.00000000099999999969 0.90866322949279310084 0.00000000099999999969 
0.00000000099999999967 0.00000000099999999967 0.00000000099999999967 0.00000000099999999967 0.00372703968700749703 0.06729542384790718201 0.00000000099999999967 0.92897753046508535490 0.00000000099999999967 
0.00000000099999999968 0.00000000099999999968 0.00695343884726258056 0.10639478210052111251 0.00000000099999999968 0.04135790960103499087 0.00000000099999999968 0.84529386445118126492 0.00000000099999999968 
0.00000000099999999977 0.00000000099999999977 0.00000000099999999977 0.03079409008876237211 0.01048821947040549409 0.06803922986863790434 0.00000000099999999977 0.89067845557219416097 0.00000000099999999977 
0.00000000099999999985 0.00000000099999999985 0.00000000099999999985 0.07235218261974615817 0.00007271640722851445 0.03395137057046709178 0.00000000099999999985 0.89362372540255818887 0.00000000099999999985 
0.00000000099999999961 0.00000000099999999961 0.00000000099999999961 0.00000000099999999961 0.00000000099999999961 0.08932888447139376853 0.00000000099999999961 0.91067110852860622128 0.00000000099999999961 
0.00000000099999999943 0.00000000099999999943 0.00000000099999999943 0.08203072447006901080 0.00000000099999999943 0.07862611311949777027 0.00000000099999999943 0.83934315641043311107 0.00000000099999999943 
0.00000000099999999978 0.00000000099999999978 0.00119323985206441861 0.07214632744619955962 0.00000000099999999978 0.05170177612239377357 0.00000000099999999978 0.87495865157934227252 0.00000000099999999978 
0.00000000099999999998 0.00494798367376831326 0.00000000099999999998 0.09444764933520759242 0.00701529328728975766 0.06499394391509204227 0.00000000099999999998 0.82859512578864236154 0.00000000099999999998 
0.00000000099999999999 0.00000000099999999999 0.00000000099999999999 0.07907817055907707948 0.00000000099999999999 0.23949092576972255686 0.00361760107102389317 0.67781329760017650088 0.00000000099999999999 
0.00000000099999999999 0.00000000099999999999 0.00000000099999999999 0.32703772284125831593 0.00000000099999999999 0.07858704538208780010 0.01936958054620566486 0.57500564623044825296 0.00000000099999999999 
0.00618529803576298512 0.00000000099999999955 0.00000000099999999955 0.03136311844582250624 0.00000000099999999955 0.06666071312193848353 0.00000000099999999955 0.89579086539647589937 0.00000000099999999955 
0.00000000099999999998 0.00000000099999999998 0.02015027255864145286 0.12767102426646700919 0.00000000099999999998 0.10100230416950771450 0.00000000099999999998 0.75117639400538371852 0.00000000099999999998 
0.00000000099999999998 0.00295396475591411158 0.00000000099999999998 0.23072791974701925555 0.00000000099999999998 0.27174875059807757083 0.00000000099999999998 0.49456935989898914707 0.00000000099999999998 
0.00000000099999999981 0.00000000099999999981 0.00000000099999999981 0.03371557729101090639 0.00000000099999999981 0.01919758772498633345 0.00000000099999999981 0.94708682898400275985 0.00000000099999999981 
0.01091162942594592691 0.00000000099999999999 0.00000000099999999999 0.42996466017945778049 0.00000000099999999999 0.00000000099999999999 0.00000000099999999999 0.55912370439459624372 0.00000000099999999999 
0.01557656561342712215 0.00000000099999999978 0.00000000099999999978 0.09411638011700143580 0.00000000099999999978 0.03797464133811445652 0.00000000099999999978 0.85233240793145692571 0.00000000099999999978 
0.00166496563735342136 0.00000000099999999987 0.00000000099999999987 0.02137000943891321711 0.00000000099999999987 0.01696673185702758310 0.00000000099999999987 0.95999828806670572945 0.00000000099999999987 
0.00808234054738236202 0.00000000099999999954 0.00000000099999999954 0.11723315539355186332 0.00000000099999999954 0.01166924269353724480 0.00000000099999999954 0.86301525636552844922 0.00000000099999999954 
0.00160572196171258051 0.00000000099999999986 0.00000000099999999986 0.09080612208908551974 0.00058150786967395350 0.02368906232646507751 0.00000000099999999986 0.88331758175306285263 0.00000000099999999986 
0.00000000099999999918 0.00000000099999999918 0.00000000099999999918 0.03612932784164134964 0.00000000099999999918 0.04128995316636749346 0.00000000099999999918 0.92258071299199106985 0.00000000099999999918 
0.00000000099999999948 0.00000000099999999948 0.00000000099999999948 0.02581010411059002363 0.00000000099999999948 0.01699303462707758838 0.00000000099999999948 0.95719685526233233563 0.00000000099999999948 
0.00000000099999999971 0.00000000099999999971 0.00000000099999999971 0.76626427240586347800 0.00000000099999999971 0.03075503568955360173 0.00000000099999999971 0.20298068590458293037 0.00000000099999999971 
0.00000000099999999958 0.00000000099999999958 0.00000000099999999958 0.66877886943346309678 0.00000000099999999958 0.03497805770251662810 0.00000000099999999958 0.29624306686402024358 0.00000000099999999958 
0.00000000099999999993 0.07883993036577172098 0.00000000099999999993 0.37701543488275418570 0.00000000099999999993 0.02801195343070979338 0.00000000099999999993 0.25732513863612943572 0.25880753868463490797 
0.00378952923845540584 0.00000000099999999994 0.00000000099999999994 0.73589055222080101970 0.00000000099999999994 0.05729347284131039442 0.00000000107305907656 0.20083076639763380866 0.00219567522874027999 
0.00189912579691124250 0.00000000099999999995 0.00000000099999999995 0.77887286047268700084 0.00000000099999999995 0.03406943329107156582 0.00000000099999999995 0.18326512567325223269 0.00189345076607819337 
0.00000000099999999994 0.06046246422988731800 0.00000000099999999994 0.46678643671661274039 0.00000000099999999994 0.00942277883968900901 0.00000000099999999994 0.17397842682472053344 0.28934988938909039780 
0.00000000099999999994 0.05139903530808114657 0.00000000099999999994 0.47650714829983387144 0.00000000099999999994 0.05168004908810488324 0.00000000099999999994 0.19608175036838768057 0.22433201293559262846 
0.00000000099999999995 0.03535346335242251642 0.00000000099999999995 0.49944682749427721236 0.00000000099999999995 0.01247065144255670062 0.00000000099999999995 0.21770106275577411070 0.23502799095496945680 
0.00000000099999999996 0.00000000099999999996 0.00000000099999999996 0.51634997425215423128 0.00231825892527493058 0.02077901958558767831 0.00717510965076882841 0.22237328488702021168 0.23100434969919411698 
0.00000000099999999995 0.00000000099999999995 0.03511036186217621202 0.57061585648300827689 0.00000000099999999995 0.03053003788702988996 0.00000000099999999995 0.15455884599608948893 0.20918489377169630083 
0.00000000099999999935 0.00000000099999999935 0.00000000099999999935 0.74493387223452645074 0.00000000099999999935 0.02806042183369425458 0.00000000099999999935 0.22700569993177929784 0.00000000099999999935 
0.00000000099999999993 0.00000000099999999993 0.02626701309867286033 0.60425367833371235182 0.00000000099999999993 0.00001280809816765518 0.00000000099999999993 0.10335178299184977213 0.26611471347759751982 
0.00491923874295491746 0.00000489195585268196 0.00000000099999999998 0.72848337976705046515 0.00062119083137816952 0.03932216474950014917 0.00000000099999999998 0.22172830888078920442 0.00492082307247461870 
0.00000000099999999997 0.03031409235882177519 0.00177232172617593328 0.46605445483869206713 0.00000000099999999997 0.03985863936989908485 0.00000000099999999997 0.17019643569488998591 0.29180405301152118058 
0.00000000099999999946 0.00000000099999999946 0.00000000099999999946 0.76667860641791851783 0.00000000099999999946 0.04590448319776178204 0.00000000099999999946 0.18741690438431965471 0.00000000099999999946 
0.00000000099999999947 0.00000000099999999947 0.00000000099999999947 0.76160305163900343661 0.00000000099999999947 0.05409103338559447666 0.00000000099999999947 0.18430590897540208295 0.00000000099999999947 
0.00447097496932958357 0.00000000099999999996 0.00825505341368660932 0.64730722239055282774 0.00000000099999999996 0.01626662024607056223 0.00000000099999999996 0.03061284433054617393 0.29308728164981429076 
0.00000000099999999936 0.00000000099999999936 0.00000000099999999936 0.69837983008545401198 0.00000000099999999936 0.03209059345682344078 0.00000000099999999936 0.26952957045772241162 0.00000000099999999936 
