0.00000000099999999795 0.00000000099999999795 0.00000000099999999795 0.00000000099999999795 0.00000000099999999795 0.99999999099999981045 0.00000000099999999795 0.00000000099999999795 0.00000000099999999795 0.00000000099999999795 
0.00000000099999999807 0.00000000099999999807 0.00000000099999999807 0.00000000099999999807 0.00000000099999999807 0.99999999099999992147 0.00000000099999999807 0.00000000099999999807 0.00000000099999999807 0.00000000099999999807 
0.00000000099999999801 0.00000000099999999801 0.00000000099999999801 0.00000000099999999801 0.00000000099999999801 0.99999999099999992147 0.00000000099999999801 0.00000000099999999801 0.00000000099999999801 0.00000000099999999801 
0.00000000099999999805 0.00000000099999999805 0.00000000099999999805 0.00000000099999999805 0.00000000099999999805 0.99999999100000003249 0.00000000099999999805 0.00000000099999999805 0.00000000099999999805 0.00000000099999999805 
0.00000000099999999811 0.00000000099999999811 0.00000000099999999811 0.00000000099999999811 0.00000000099999999811 0.99999999100000003249 0.00000000099999999811 0.00000000099999999811 0.00000000099999999811 0.00000000099999999811 
0.00000000099999999811 0.00000000099999999811 0.00000000099999999811 0.00000000099999999811 0.00000000099999999811 0.99999999100000003249 0.00000000099999999811 0.00000000099999999811 0.00000000099999999811 0.00000000099999999811 
0.00000000099999999802 0.00000000099999999802 0.00000000099999999802 0.00000000099999999802 0.00000000099999999802 0.99999999099999992147 0.00000000099999999802 0.00000000099999999802 0.00000000099999999802 0.00000000099999999802 
0.00000000099999999818 0.00000000099999999818 0.00000000099999999818 0.00000000099999999818 0.00000000099999999818 0.99999999100000003249 0.00000000099999999818 0.00000000099999999818 0.00000000099999999818 0.00000000099999999818 
0.00000000099999999806 0.00000000099999999806 0.00000000099999999806 0.00000000099999999806 0.00000000099999999806 0.99999999099999992147 0.00000000099999999806 0.00000000099999999806 0.00000000099999999806 0.00000000099999999806 
0.00000000099999999816 0.00000000099999999816 0.00000000099999999816 0.00000000099999999816 0.00000000099999999816 0.99999999100000003249 0.00000000099999999816 0.00000000099999999816 0.00000000099999999816 0.00000000099999999816 
0.00000000099999999809 0.00000000099999999809 0.00000000099999999809 0.00000000099999999809 0.00000000099999999809 0.99999999100000003249 0.00000000099999999809 0.00000000099999999809 0.00000000099999999809 0.00000000099999999809 
0.00000000099999999844 0.00000000099999999844 0.00000000099999999844 0.00000000099999999844 0.00000000099999999844 0.99999999099999992147 0.00000000099999999844 0.00000000099999999844 0.00000000099999999844 0.00000000099999999844 
0.00000000099999999809 0.00000000099999999809 0.00000000099999999809 0.00000000099999999809 0.00000000099999999809 0.99999999099999992147 0.00000000099999999809 0.00000000099999999809 0.00000000099999999809 0.00000000099999999809 
0.00000000099999999804 0.00000000099999999804 0.00000000099999999804 0.00000000099999999804 0.00000000099999999804 0.99999999100000003249 0.00000000099999999804 0.00000000099999999804 0.00000000099999999804 0.00000000099999999804 
0.00000000099999999808 0.00000000099999999808 0.00000000099999999808 0.00000000099999999808 0.00000000099999999808 0.99999999100000003249 0.00000000099999999808 0.00000000099999999808 0.00000000099999999808 0.00000000099999999808 
0.00000000099999999808 0.00000000099999999808 0.00000000099999999808 0.00000000099999999808 0.00000000099999999808 0.99999999099999992147 0.00000000099999999808 0.00000000099999999808 0.00000000099999999808 0.00000000099999999808 
0.00000000099999999807 0.00000000099999999807 0.00000000099999999807 0.00000000099999999807 0.00000000099999999807 0.99999999099999992147 0.00000000099999999807 0.00000000099999999807 0.00000000099999999807 0.00000000099999999807 
0.00000000099999999820 0.00000000099999999820 0.00000000099999999820 0.00000000099999999820 0.00000000099999999820 0.99999999100000003249 0.00000000099999999820 0.00000000099999999820 0.00000000099999999820 0.00000000099999999820 
0.00000000099999999825 0.00000000099999999825 0.00000000099999999825 0.00000000099999999825 0.00000000099999999825 0.99999999099999992147 0.00000000099999999825 0.00000000099999999825 0.00000000099999999825 0.00000000099999999825 
0.00000000099999999821 0.00000000099999999821 0.00000000099999999821 0.00000000099999999821 0.00000000099999999821 0.99999999099999992147 0.00000000099999999821 0.00000000099999999821 0.00000000099999999821 0.00000000099999999821 
0.00000000099999999813 0.00000000099999999813 0.00000000099999999813 0.00000000099999999813 0.00000000099999999813 0.99999999100000003249 0.00000000099999999813 0.00000000099999999813 0.00000000099999999813 0.00000000099999999813 
0.00000000099999999816 0.00000000099999999816 0.00000000099999999816 0.00000000099999999816 0.00000000099999999816 0.99999999099999992147 0.00000000099999999816 0.00000000099999999816 0.00000000099999999816 0.00000000099999999816 
0.00000000099999999813 0.00000000099999999813 0.00000000099999999813 0.00000000099999999813 0.00000000099999999813 0.99999999100000003249 0.00000000099999999813 0.00000000099999999813 0.00000000099999999813 0.00000000099999999813 
0.00000000099999999815 0.00000000099999999815 0.00000000099999999815 0.00000000099999999815 0.00000000099999999815 0.99999999099999992147 0.00000000099999999815 0.00000000099999999815 0.00000000099999999815 0.00000000099999999815 
0.00000000099999999868 0.00000000099999999868 0.00000000099999999868 0.00000000099999999868 0.00000000099999999868 0.99999999100000003249 0.00000000099999999868 0.00000000099999999868 0.00000000099999999868 0.00000000099999999868 
0.00000000099999999813 0.00000000099999999813 0.00000000099999999813 0.00000000099999999813 0.00000000099999999813 0.99999999100000003249 0.00000000099999999813 0.00000000099999999813 0.00000000099999999813 0.00000000099999999813 
0.00000000099999999819 0.00000000099999999819 0.00000000099999999819 0.00000000099999999819 0.00000000099999999819 0.99999999100000003249 0.00000000099999999819 0.00000000099999999819 0.00000000099999999819 0.00000000099999999819 
0.00000000099999999822 0.00000000099999999822 0.00000000099999999822 0.00000000099999999822 0.00000000099999999822 0.99999999100000003249 0.00000000099999999822 0.00000000099999999822 0.00000000099999999822 0.00000000099999999822 
0.00000000099999999823 0.00000000099999999823 0.00000000099999999823 0.00000000099999999823 0.00000000099999999823 0.99999999099999992147 0.00000000099999999823 0.00000000099999999823 0.00000000099999999823 0.00000000099999999823 
0.00000000099999999819 0.00000000099999999819 0.00000000099999999819 0.00000000099999999819 0.00000000099999999819 0.99999999099999992147 0.00000000099999999819 0.00000000099999999819 0.00000000099999999819 0.00000000099999999819 
0.00000000099999999845 0.00000000099999999845 0.00000000099999999845 0.00000000099999999845 0.00000000099999999845 0.99999999099999992147 0.00000000099999999845 0.00000000099999999845 0.00000000099999999845 0.00000000099999999845 
0.00000000099999999875 0.00000000099999999875 0.00000000099999999875 0.00000000099999999875 0.00000000099999999875 0.99999999099999992147 0.00000000099999999875 0.00000000099999999875 0.00000000099999999875 0.00000000099999999875 
0.00000000099999999837 0.00000000099999999837 0.00000000099999999837 0.00000000099999999837 0.00000000099999999837 0.99999999100000003249 0.00000000099999999837 0.00000000099999999837 0.00000000099999999837 0.00000000099999999837 
0.00000000099999999859 0.00000000099999999859 0.00000000099999999859 0.00000000099999999859 0.00000000099999999859 0.99999999099999992147 0.00000000099999999859 0.00000000099999999859 0.00000000099999999859 0.00000000099999999859 
0.00000000099999999836 0.00000000099999999836 0.00000000099999999836 0.00000000099999999836 0.00000000099999999836 0.99999999099999992147 0.00000000099999999836 0.00000000099999999836 0.00000000099999999836 0.00000000099999999836 
0.00000000099999999853 0.00000000099999999853 0.00000000099999999853 0.00000000099999999853 0.00000000099999999853 0.99999999099999992147 0.00000000099999999853 0.00000000099999999853 0.00000000099999999853 0.00000000099999999853 
0.00000000099999999840 0.00000000099999999840 0.00000000099999999840 0.00000000099999999840 0.00000000099999999840 0.99999999099999992147 0.00000000099999999840 0.00000000099999999840 0.00000000099999999840 0.00000000099999999840 
0.00000000099999999843 0.00000000099999999843 0.00000000099999999843 0.00000000099999999843 0.00000000099999999843 0.99999999099999992147 0.00000000099999999843 0.00000000099999999843 0.00000000099999999843 0.00000000099999999843 
0.00000000099999999848 0.00000000099999999848 0.00000000099999999848 0.00000000099999999848 0.00000000099999999848 0.99999999100000003249 0.00000000099999999848 0.00000000099999999848 0.00000000099999999848 0.00000000099999999848 
0.00000000099999999877 0.00000000099999999877 0.00000000099999999877 0.00000000099999999877 0.00000000099999999877 0.99999999100000003249 0.00000000099999999877 0.00000000099999999877 0.00000000099999999877 0.00000000099999999877 
0.00000000099999999840 0.00000000099999999840 0.00000000099999999840 0.00000000099999999840 0.00000000099999999840 0.99999999099999992147 0.00000000099999999840 0.00000000099999999840 0.00000000099999999840 0.00000000099999999840 
0.00000000099999999858 0.00000000099999999858 0.00000000099999999858 0.00000000099999999858 0.00000000099999999858 0.99999999100000003249 0.00000000099999999858 0.00000000099999999858 0.00000000099999999858 0.00000000099999999858 
0.00000000099999999846 0.00000000099999999846 0.00000000099999999846 0.00000000099999999846 0.00000000099999999846 0.99999999100000003249 0.00000000099999999846 0.00000000099999999846 0.00000000099999999846 0.00000000099999999846 
0.00000000099999999841 0.00000000099999999841 0.00000000099999999841 0.00000000099999999841 0.00000000099999999841 0.99999999099999992147 0.00000000099999999841 0.00000000099999999841 0.00000000099999999841 0.00000000099999999841 
0.00000000099999999859 0.00000000099999999859 0.00000000099999999859 0.00000000099999999859 0.00000000099999999859 0.99999999100000003249 0.00000000099999999859 0.00000000099999999859 0.00000000099999999859 0.00000000099999999859 
0.00000000099999999846 0.00000000099999999846 0.00000000099999999846 0.00000000099999999846 0.00000000099999999846 0.99999999099999992147 0.00000000099999999846 0.00000000099999999846 0.00000000099999999846 0.00000000099999999846 
0.00000000099999999853 0.00000000099999999853 0.00000000099999999853 0.00000000099999999853 0.00000000099999999853 0.99999999099999992147 0.00000000099999999853 0.00000000099999999853 0.00000000099999999853 0.00000000099999999853 
0.00000000099999999884 0.00000000099999999884 0.00000000099999999884 0.00000000099999999884 0.00000000099999999884 0.99999999100000003249 0.00000000099999999884 0.00000000099999999884 0.00000000099999999884 0.00000000099999999884 
0.00000000099999999914 0.00000000099999999914 0.00000000099999999914 0.00000000099999999914 0.00000000099999999914 0.99999999100000014352 0.00000000099999999914 0.00000000099999999914 0.00000000099999999914 0.00000000099999999914 
0.00000000099999999903 0.00000000099999999903 0.00000000099999999903 0.00000000099999999903 0.00000000099999999903 0.99999999100000014352 0.00000000099999999903 0.00000000099999999903 0.00000000099999999903 0.00000000099999999903 
0.00000000099999999943 0.00000000099999999943 0.00000000099999999943 0.00000000099999999943 0.00000000099999999943 0.99999999100000003249 0.00000000099999999943 0.00000000099999999943 0.00000000099999999943 0.00000000099999999943 
0.85124157233786290622 0.00000000099999999923 0.14875841966213720902 0.00000000099999999923 0.00000000099999999923 0.00000000099999999923 0.00000000099999999923 0.00000000099999999923 0.00000000099999999923 0.00000000099999999923 
0.80839443565771851308 0.00000000099999999896 0.19160555634228165767 0.00000000099999999896 0.00000000099999999896 0.00000000099999999896 0.00000000099999999896 0.00000000099999999896 0.00000000099999999896 0.00000000099999999896 
0.80265531468436257523 0.00000000099999999949 0.19734467731563765103 0.00000000099999999949 0.00000000099999999949 0.00000000099999999949 0.00000000099999999949 0.00000000099999999949 0.00000000099999999949 0.00000000099999999949 
0.85090874262921811777 0.00000000099999999875 0.14677545733113245285 0.00000000099999999875 0.00000000099999999875 0.00000000099999999875 0.00000000099999999875 0.00000000099999999875 0.00231579303964953237 0.00000000099999999875 
0.87595047814105997386 0.00000000099999999883 0.12404946998042525041 0.00000000099999999883 0.00000000099999999883 0.00000000099999999883 0.00000000099999999883 0.00000000099999999883 0.00000004487851484286 0.00000000099999999883 
0.85172046359384012693 0.00000000099999999863 0.14827952840616001606 0.00000000099999999863 0.00000000099999999863 0.00000000099999999863 0.00000000099999999863 0.00000000099999999863 0.00000000099999999863 0.00000000099999999863 
0.81655751441710355820 0.00000000099999999916 0.15023325606054543924 0.00000000099999999916 0.00000000099999999916 0.00000000099999999916 0.00000000099999999916 0.00000000099999999916 0.03320922252235108951 0.00000000099999999916 
0.86847819307465023986 0.00000000099999999877 0.13152179892534990313 0.00000000099999999877 0.00000000099999999877 0.00000000099999999877 0.00000000099999999877 0.00000000099999999877 0.00000000099999999877 0.00000000099999999877 
0.81601847118944970116 0.00000000099999999903 0.16584735701524644380 0.00000000099999999903 0.00000000099999999903 0.00000000099999999903 0.00000000099999999903 0.00000000099999999903 0.01813416479530400791 0.00000000099999999903 
0.85312474020622341975 0.01408946061178977492 0.13278579218198696688 0.00000000099999999928 0.00000000099999999928 0.00000000099999999928 0.00000000099999999928 0.00000000099999999928 0.00000000099999999928 0.00000000099999999928 
0.84906454397484976138 0.00000000099999999887 0.15093544802515027059 0.00000000099999999887 0.00000000099999999887 0.00000000099999999887 0.00000000099999999887 0.00000000099999999887 0.00000000099999999887 0.00000000099999999887 
0.83624337429620698714 0.00000000099999999881 0.16340684369749086668 0.00000000099999999881 0.00000000099999999881 0.00000000099999999881 0.00000000099999999881 0.00000000099999999881 0.00034977500630225335 0.00000000099999999881 
0.80556777191234574254 0.01435761139905892755 0.18007460968859539951 0.00000000099999999913 0.00000000099999999913 0.00000000099999999913 0.00000000099999999913 0.00000000099999999913 0.00000000099999999913 0.00000000099999999913 
0.82168355605522769292 0.00000000099999999908 0.15760779925405671298 0.00000000099999999908 0.00000000099999999908 0.00000000099999999908 0.00000000099999999908 0.00000000099999999908 0.02070863769071584412 0.00000000099999999908 
0.87738744580590077859 0.00000000099999999950 0.12261254368615344401 0.00000000099999999950 0.00000000099999999950 0.00000000099999999950 0.00000000099999999950 0.00000000099999999950 0.00000000350794593635 0.00000000099999999950 
0.86467152883976572397 0.00000000099999999864 0.13532846316023444677 0.00000000099999999864 0.00000000099999999864 0.00000000099999999864 0.00000000099999999864 0.00000000099999999864 0.00000000099999999864 0.00000000099999999864 
0.75125081646208469177 0.00000000099999999925 0.23862010329498181682 0.00000000099999999925 0.00000000099999999925 0.00000000099999999925 0.00000000099999999925 0.00000000099999999925 0.01012907324293358183 0.00000000099999999925 
0.80259542725469434910 0.00000000099999999943 0.19740456474530576614 0.00000000099999999943 0.00000000099999999943 0.00000000099999999943 0.00000000099999999943 0.00000000099999999943 0.00000000099999999943 0.00000000099999999943 
0.84061240791286429008 0.00000000099999999897 0.15938758408713571413 0.00000000099999999897 0.00000000099999999897 0.00000000099999999897 0.00000000099999999897 0.00000000099999999897 0.00000000099999999897 0.00000000099999999897 
0.84650376700619178738 0.00000000099999999894 0.15349622499380824459 0.00000000099999999894 0.00000000099999999894 0.00000000099999999894 0.00000000099999999894 0.00000000099999999894 0.00000000099999999894 0.00000000099999999894 
0.78903464231374786930 0.00000000099999999901 0.18652644833587025963 0.00000000099999999901 0.00000000099999999901 0.00000000099999999901 0.00000000099999999901 0.00000000099999999901 0.02443890235038214190 0.00000000099999999901 
0.82388983913837576800 0.00000000099999999868 0.17611015286162426396 0.00000000099999999868 0.00000000099999999868 0.00000000099999999868 0.00000000099999999868 0.00000000099999999868 0.00000000099999999868 0.00000000099999999868 
0.84502163307737776510 0.00000000099999999900 0.15497835892262235014 0.00000000099999999900 0.00000000099999999900 0.00000000099999999900 0.00000000099999999900 0.00000000099999999900 0.00000000099999999900 0.00000000099999999900 
0.78658583714197050085 0.00000000099999999906 0.21341415485802966989 0.00000000099999999906 0.00000000099999999906 0.00000000099999999906 0.00000000099999999906 0.00000000099999999906 0.00000000099999999906 0.00000000099999999906 
0.77647900483581766551 0.00000000099999999941 0.22352091610240709674 0.00000000099999999941 0.00000000099999999941 0.00000000099999999941 0.00000000099999999941 0.00000000099999999941 0.00000007206177541533 0.00000000099999999941 
0.84429769341645055647 0.00000000099999999887 0.15570229858354947550 0.00000000099999999887 0.00000000099999999887 0.00000000099999999887 0.00000000099999999887 0.00000000099999999887 0.00000000099999999887 0.00000000099999999887 
0.79421117980722455432 0.00000000099999999904 0.20578881219277567194 0.00000000099999999904 0.00000000099999999904 0.00000000099999999904 0.00000000099999999904 0.00000000099999999904 0.00000000099999999904 0.00000000099999999904 
0.77579195870250960976 0.00063513239731569895 0.21928636965717682172 0.00000000099999999985 0.00000000099999999985 0.00014170962969244547 0.00000000099999999985 0.00000000099999999985 0.00000000099999999985 0.00414482461330548026 
0.85080283497181086183 0.00000000099999999955 0.14919715702818928116 0.00000000099999999955 0.00000000099999999955 0.00000000099999999955 0.00000000099999999955 0.00000000099999999955 0.00000000099999999955 0.00000000099999999955 
0.80656258765619270878 0.00000000099999999913 0.19343740434380746196 0.00000000099999999913 0.00000000099999999913 0.00000000099999999913 0.00000000099999999913 0.00000000099999999913 0.00000000099999999913 0.00000000099999999913 
0.85378596824348473859 0.00000000099999999885 0.14621402375651523786 0.00000000099999999885 0.00000000099999999885 0.00000000099999999885 0.00000000099999999885 0.00000000099999999885 0.00000000099999999885 0.00000000099999999885 
0.85960384691966129633 0.00608252878288622484 0.13431361729745258660 0.00000000099999999950 0.00000000099999999950 0.00000000099999999950 0.00000000099999999950 0.00000000099999999950 0.00000000099999999950 0.00000000099999999950 
0.71165469281792392842 0.00000000099999999949 0.27861870262412341548 0.00000000099999999949 0.00000000099999999949 0.00000000099999999949 0.00000000099999999949 0.00000000099999999949 0.00972659755795293908 0.00000000099999999949 
0.79196460373620658491 0.00000000099999999938 0.19306312175648934759 0.00000000099999999938 0.00000000099999999938 0.00000000099999999938 0.00000000099999999938 0.00000000099999999938 0.01497226750730436089 0.00000000099999999938 
0.74919206907532742701 0.00000000099999999928 0.21379240999625898079 0.00000000099999999928 0.00000000099999999928 0.00000000099999999928 0.00000000099999999928 0.00000000099999999928 0.03701551392841365834 0.00000000099999999928 
0.80432865235909123403 0.00000000099999999941 0.16535442935856986546 0.00000000099999999941 0.00000000099999999941 0.00000000099999999941 0.00000000099999999941 0.00000000099999999941 0.03031691128233902563 0.00000000099999999941 
0.77927808865583025888 0.00000000099999999921 0.22072190334416991186 0.00000000099999999921 0.00000000099999999921 0.00000000099999999921 0.00000000099999999921 0.00000000099999999921 0.00000000099999999921 0.00000000099999999921 
0.77811329413546792555 0.00000000099999999923 0.22188060574539536507 0.00000000099999999923 0.00000000099999999923 0.00000000099999999923 0.00000000099999999923 0.00000000099999999923 0.00000609311913675559 0.00000000099999999923 
0.72726600064666435674 0.00000000099999999928 0.25710852984929560838 0.00000000099999999928 0.00000000099999999928 0.00000000099999999928 0.00000000099999999928 0.00000000099999999928 0.01562546250404015999 0.00000000099999999928 
0.85968731938163100992 0.00000000099999999981 0.12048372066666833413 0.00000000099999999981 0.00000000099999999981 0.00000000099999999981 0.00000000099999999981 0.00000000099999999981 0.01982895295170069433 0.00000000099999999981 
0.86017467287755666749 0.00000000099999999934 0.13982531912244350325 0.00000000099999999934 0.00000000099999999934 0.00000000099999999934 0.00000000099999999934 0.00000000099999999934 0.00000000099999999934 0.00000000099999999934 
0.85179714740967704678 0.00000000099999999968 0.12766299780031892253 0.00000000099999999968 0.00000000099999999968 0.00000000099999999968 0.00000000099999999968 0.00000000099999999968 0.02053984779000416275 0.00000000099999999968 
0.84804031992804740359 0.00000000099999999923 0.15195967207195282267 0.00000000099999999923 0.00000000099999999923 0.00000000099999999923 0.00000000099999999923 0.00000000099999999923 0.00000000099999999923 0.00000000099999999923 
0.77761268364620161897 0.00000000099999999900 0.20755050613332021170 0.00000000099999999900 0.00000000099999999900 0.00000000099999999900 0.00000000099999999900 0.00000000099999999900 0.01483680322047817128 0.00000000099999999900 
0.77272417112288782626 0.00000000099999999897 0.22722842770046774996 0.00000000099999999897 0.00000000099999999897 0.00000000099999999897 0.00000000099999999897 0.00000000099999999897 0.00004739417664445948 0.00000000099999999897 
0.79194403866926899038 0.00000000099999999904 0.20805595333073109710 0.00000000099999999904 0.00000000099999999904 0.00000000099999999904 0.00000000099999999904 0.00000000099999999904 0.00000000099999999904 0.00000000099999999904 
0.81730775607464867250 0.00000000099999999909 0.17451007490493278262 0.00000000099999999909 0.00000000099999999909 0.00000000099999999909 0.00000000099999999909 0.00000000099999999909 0.00818216202041879836 0.00000000099999999909 
0.77992746479481789290 0.00000000099999999952 0.22007250675038511623 0.00000000099999999952 0.00000000099999999952 0.00000000099999999952 0.00000000099999999952 0.00000000099999999952 0.00000002145479712622 0.00000000099999999952 
0.78798436941114557985 0.00000000099999999897 0.18639760730664647892 0.00000000099999999897 0.00000000099999999897 0.00000000099999999897 0.00000000099999999897 0.00000000099999999897 0.02561801628220813920 0.00000000099999999897 
0.76458403918749651140 0.00000000099999999922 0.23541595281250354832 0.00000000099999999922 0.00000000099999999922 0.00000000099999999922 0.00000000099999999922 0.00000000099999999922 0.00000000099999999922 0.00000000099999999922 
0.76934969569122246824 0.00000000099999999903 0.18797833616386630529 0.00000000099999999903 0.00000000099999999903 0.00000000099999999903 0.00000000099999999903 0.00000000099999999903 0.04267196114491148690 0.00000000099999999903 
0.77890433787776880425 0.00000000099999999916 0.22109565412223142200 0.00000000099999999916 0.00000000099999999916 0.00000000099999999916 0.00000000099999999916 0.00000000099999999916 0.00000000099999999916 0.00000000099999999916 
0.88067413770375158055 0.00000000099999999931 0.11932585429624867346 0.00000000099999999931 0.00000000099999999931 0.00000000099999999931 0.00000000099999999931 0.00000000099999999931 0.00000000099999999931 0.00000000099999999931 
0.87628422378655046465 0.00000000099999999931 0.12371576821344962283 0.00000000099999999931 0.00000000099999999931 0.00000000099999999931 0.00000000099999999931 0.00000000099999999931 0.00000000099999999931 0.00000000099999999931 
0.79282596418518724857 0.00000000099999999907 0.17248856536431392272 0.00000000099999999907 0.00000000099999999907 0.00000000099999999907 0.00000000099999999907 0.00000000099999999907 0.03468546345049898505 0.00000000099999999907 
0.81152963494716023884 0.00000000099999999920 0.15276974177757987605 0.00000000099999999920 0.00000000099999999920 0.00000000099999999920 0.00000000099999999920 0.00000000099999999920 0.03570061627526007614 0.00000000099999999920 
0.83295691851213393697 0.00000000099999999939 0.16624998150706776778 0.00000000099999999939 0.00000000099999999939 0.00000000099999999939 0.00000000099999999939 0.00000000099999999939 0.00079309298079834067 0.00000000099999999939 
0.84806749900232891726 0.00000000099999999945 0.14981114708105691680 0.00000000099999999945 0.00000000099999999945 0.00000000099999999945 0.00000000099999999945 0.00000000099999999945 0.00212134691661433747 0.00000000099999999945 
0.83517053246976713510 0.00000000099999999896 0.13132623436878898548 0.00000000099999999896 0.00000000099999999896 0.00000000099999999896 0.00000000099999999896 0.00000000099999999896 0.03350322616144411902 0.00000000099999999896 
0.89050236333374865882 0.00000000099999999933 0.10949762866625153968 0.00000000099999999933 0.00000000099999999933 0.00000000099999999933 0.00000000099999999933 0.00000000099999999933 0.00000000099999999933 0.00000000099999999933 
0.83105439876842168712 0.00000000099999999903 0.16284960293418793142 0.00000000099999999903 0.00000000099999999903 0.00000000099999999903 0.00000000099999999903 0.00000000099999999903 0.00609599129739054734 0.00000000099999999903 
0.83412537820418886092 0.00000000099999999947 0.16587461379581130982 0.00000000099999999947 0.00000000099999999947 0.00000000099999999947 0.00000000099999999947 0.00000000099999999947 0.00000000099999999947 0.00000000099999999947 
0.86903232436363753166 0.00000000099999999938 0.13096766763636275011 0.00000000099999999938 0.00000000099999999938 0.00000000099999999938 0.00000000099999999938 0.00000000099999999938 0.00000000099999999938 0.00000000099999999938 
0.85625250128170138364 0.00000000099999999947 0.14374749071829887037 0.00000000099999999947 0.00000000099999999947 0.00000000099999999947 0.00000000099999999947 0.00000000099999999947 0.00000000099999999947 0.00000000099999999947 
0.81615413412578241559 0.00000000099999999915 0.15441345407748485741 0.00000000099999999915 0.00000000099999999915 0.00000000099999999915 0.00000000099999999915 0.00000000099999999915 0.02943240479673285906 0.00000000099999999915 
0.83011961494883657053 0.00000000099999999966 0.16988037705116346143 0.00000000099999999966 0.00000000099999999966 0.00000000099999999966 0.00000000099999999966 0.00000000099999999966 0.00000000099999999966 0.00000000099999999966 
0.87824788135126841127 0.01374761950882777070 0.10787106140759854245 0.00000000099999999957 0.00000000099999999957 0.00000000099999999957 0.00000000099999999957 0.00000000099999999957 0.00013343173230554784 0.00000000099999999957 
0.80732617778071136261 0.01132923363934394689 0.17778995097685929005 0.00000000099999999949 0.00000000099999999949 0.00000000099999999949 0.00000000099999999949 0.00000000099999999949 0.00355463160308564343 0.00000000099999999949 
0.81171772858339730217 0.00956899037888200681 0.17870697600673943195 0.00000000099999999963 0.00000000099999999963 0.00000000099999999963 0.00000000099999999963 0.00000000099999999963 0.00000629903098148619 0.00000000099999999963 
0.83976126391751770850 0.00466113033485632700 0.15545494735748360826 0.00000000099999999955 0.00000000099999999955 0.00000000099999999955 0.00000000099999999955 0.00000000099999999955 0.00012265239014259169 0.00000000099999999955 
0.78549375984415925611 0.00000000099999999983 0.19916449055208146346 0.00218001970692481908 0.00000000099999999983 0.00263108367945492352 0.00000000099999999983 0.00000000099999999983 0.01053064121737971870 0.00000000099999999983 
0.86717442822405066405 0.00654386169019019904 0.12336561440641707899 0.00000000099999999958 0.00000000099999999958 0.00000000099999999958 0.00000000099999999958 0.00000000099999999958 0.00291608967934228183 0.00000000099999999958 
0.00000000099999999917 0.00000000099999999917 0.01019518030405628869 0.00000000099999999917 0.00000000099999999917 0.00000000099999999917 0.00000000099999999917 0.00000000099999999917 0.98980481169594380919 0.00000000099999999917 
0.00000000099999999914 0.00000000099999999914 0.00000000099999999914 0.00000000099999999914 0.00000000099999999914 0.00000000099999999914 0.00000000099999999914 0.00000000099999999914 0.99999999099999992147 0.00000000099999999914 
0.00000121174252419132 0.00000000099999999949 0.00680661537646803840 0.00000000099999999949 0.00000000099999999949 0.00000000099999999949 0.00000000099999999949 0.00000000099999999949 0.99319216588100767140 0.00000000099999999949 
0.00000000099999999979 0.00000000099999999979 0.00000000099999999979 0.00000000099999999979 0.00000000099999999979 0.00000000099999999979 0.00000000099999999979 0.00000000099999999979 0.99999999100000003249 0.00000000099999999979 
0.00000000099999999907 0.00000000099999999907 0.00598924901152118362 0.00000000099999999907 0.00000000099999999907 0.00000000099999999907 0.00000000099999999907 0.00000000099999999907 0.99401074298847880151 0.00000000099999999907 
0.00000000099999999924 0.00000000099999999924 0.00001881566430871294 0.00000000099999999924 0.00000000099999999924 0.00000000099999999924 0.00000000099999999924 0.00000000099999999924 0.99998117633569139073 0.00000000099999999924 
0.00000000099999999942 0.00000000099999999942 0.00543073692937340920 0.00000000099999999942 0.00000000099999999942 0.00000000099999999942 0.00000000099999999942 0.00000000099999999942 0.99456925507062654557 0.00000000099999999942 
0.00000000099999999932 0.00000000099999999932 0.00717925896888578323 0.00000000099999999932 0.00000000099999999932 0.00000000099999999932 0.00000000099999999932 0.00000000099999999932 0.99282073303111406659 0.00000000099999999932 
0.00000000099999999922 0.00000000099999999922 0.00459133110448655020 0.00000000099999999922 0.00000000099999999922 0.00000000099999999922 0.00000000099999999922 0.00000000099999999922 0.99540866089551338636 0.00000000099999999922 
0.00000000099999999964 0.00000000099999999964 0.00000000099999999964 0.00000000099999999964 0.00000000099999999964 0.00000000099999999964 0.00000000099999999964 0.00000000099999999964 0.99999999100000003249 0.00000000099999999964 
0.00000000099999999922 0.00000000099999999922 0.00000000099999999922 0.00000000099999999922 0.00000000099999999922 0.00000000099999999922 0.00000000099999999922 0.00000000099999999922 0.99999999100000003249 0.00000000099999999922 
0.01565698455679544882 0.00000000099999999910 0.00343069751846856617 0.00000000099999999910 0.00000000099999999910 0.00000000099999999910 0.00000000099999999910 0.00000000099999999910 0.98091231092473607500 0.00000000099999999910 
0.00000000099999999919 0.00000000099999999919 0.00000000099999999919 0.00000000099999999919 0.00000000099999999919 0.00000000099999999919 0.00000000099999999919 0.00000000099999999919 0.99999999100000003249 0.00000000099999999919 
0.00514810818979615035 0.00000000099999999931 0.00000000099999999931 0.00000000099999999931 0.00000000099999999931 0.00000000099999999931 0.00000000099999999931 0.00000000099999999931 0.99485188381020384085 0.00000000099999999931 
0.00000000099999999949 0.00000000099999999949 0.00000000099999999949 0.00000000099999999949 0.00000000099999999949 0.00111408479031173684 0.00000000099999999949 0.00000000099999999949 0.99888590720968817305 0.00000000099999999949 
0.00000000099999999932 0.00000000099999999932 0.03730390816301713819 0.00000000099999999932 0.00000000099999999932 0.00000000099999999932 0.00000000099999999932 0.00000000099999999932 0.96269608383698290766 0.00000000099999999932 
0.01011051891810201171 0.00000000099999999942 0.00096295490627565079 0.00000000099999999942 0.00000000099999999942 0.00000000099999999942 0.00000000099999999942 0.00000000099999999942 0.98892651917562235386 0.00000000099999999942 
0.00000000099999999890 0.00000000099999999890 0.00000000099999999890 0.00000000099999999890 0.00000000099999999890 0.00000000099999999890 0.00000000099999999890 0.00000000099999999890 0.99999999099999981045 0.00000000099999999890 
0.01348234726061544285 0.00000000099999999950 0.02602673030541171814 0.00453458863639987549 0.00000000099999999950 0.00000000099999999950 0.00000000099999999950 0.00000000099999999950 0.95595632779757300224 0.00000000099999999950 
0.00906386690346453958 0.00000000099999999992 0.07142516163236567461 0.00044016275116450247 0.00000000099999999992 0.00000000099999999992 0.00068966771853605697 0.00095354177035991499 0.91742759522410943784 0.00000000099999999992 
0.03469059897050637276 0.00000000099999999971 0.00000000099999999971 0.00000000099999999971 0.00000000099999999971 0.00000000099999999971 0.00000000099999999971 0.00000000099999999971 0.96530939302949358982 0.00000000099999999971 
0.00000000110105268799 0.00000000099999999993 0.06614487277116061492 0.00000000099999999993 0.00000000099999999993 0.00000000099999999993 0.00000000099999999993 0.00676371353356655484 0.92709140659421995778 0.00000000099999999993 
0.04299598871978705522 0.00000000099999999959 0.06470672806909869013 0.00508888423585058050 0.00000000099999999959 0.00000000099999999959 0.00000000099999999959 0.00000000099999999959 0.88720839297526377099 0.00000000099999999959 
0.02693516731344660839 0.00000000099999999967 0.07402286184072942588 0.00000000099999999967 0.00558434564215785911 0.00000000099999999967 0.00000000099999999967 0.00000000099999999967 0.89345761920366606468 0.00000000099999999967 
0.01375184743395710396 0.00000000099999999985 0.02172234635401635791 0.00000000099999999985 0.00000000099999999985 0.00013961682884036436 0.00000000099999999985 0.00132797509967304966 0.96305820928351315580 0.00000000099999999985 
0.00000006963144155590 0.00000000099999999961 0.07425473872078942883 0.00610208936648572956 0.00000000099999999961 0.00000000099999999961 0.00000000099999999961 0.00000000099999999961 0.91964309628128315666 0.00000000099999999961 
0.01453281301094403594 0.00000000099999999991 0.05550227013873203219 0.00000000099999999991 0.00296202671840883284 0.00000000240259162172 0.00000000099999999991 0.00013157150386348401 0.92687131222546004228 0.00000000099999999991 
0.00000001400981907906 0.00000000099999999980 0.04780097818898143558 0.00000014420214788943 0.00198130744806018777 0.00000000099999999980 0.00000000099999999980 0.00000000099999999980 0.95021755115099149069 0.00000000099999999980 
0.00000000099999999984 0.00000000099999999984 0.03502750209068397624 0.00000000103147983490 0.00172203539049735235 0.00000000099999999984 0.00000000099999999984 0.00000000099999999984 0.96325045548733889689 0.00000000099999999984 
0.00000243221062344999 0.00000000099999999963 0.07818339328254773901 0.00000000099999999963 0.00000000099999999963 0.00000000099999999963 0.00000000099999999963 0.00000000099999999963 0.92181416750682865224 0.00000000099999999963 
0.00000000099999999958 0.00000000099999999958 0.06420138109357630130 0.00356681824615557447 0.00000000099999999958 0.00000000099999999958 0.00000000099999999958 0.00000000099999999958 0.93223179366026809323 0.00000000099999999958 
0.07989029741639747106 0.00000000099999999986 0.04553475393051666098 0.00000000099999999986 0.00000000099999999986 0.00000000099999999986 0.00000000099999999986 0.00435349904099978455 0.87022144361208619845 0.00000000099999999986 
0.00000000099999999949 0.00000000099999999949 0.06934599843676740594 0.01549819138844652638 0.00000000099999999949 0.00000000099999999949 0.00000000099999999949 0.00000000099999999949 0.91515580317478595340 0.00000000099999999949 
0.01418832182228138387 0.00000000099999999973 0.03608990553389567618 0.00000000099999999973 0.00000000099999999973 0.00000000099999999973 0.00000000099999999973 0.00000000099999999973 0.94972176564382282393 0.00000000099999999973 
0.00000000099999999956 0.00000000099999999956 0.09732514974033365518 0.00000000099999999956 0.00000000099999999956 0.00000000099999999956 0.00000000099999999956 0.00000000099999999956 0.90267484225966643230 0.00000000099999999956 
0.04134140677152361998 0.00000000099999999932 0.07860177495552646276 0.00000000099999999932 0.00000000099999999932 0.00000000099999999932 0.00000000099999999932 0.00000000099999999932 0.88005681127294976829 0.00000000099999999932 
0.05829176730949762325 0.00134025509006546620 0.05470196742652093380 0.00000000099999999975 0.00000001228186722302 0.00000000099999999975 0.00000000099999999975 0.00000000099999999975 0.88566599289204861467 0.00000000099999999975 
0.14716031683056557400 0.00000000099999999995 0.05746698844963272351 0.01396713002334922134 0.00000000099999999995 0.00000000099999999995 0.00000000099999999995 0.00000000099999999995 0.78140555869645234033 0.00000000099999999995 
0.30822981950304123577 0.00000000099999999998 0.18204517797036620652 0.00000000099999999998 0.00406314412395839160 0.00000000099999999998 0.00000000099999999998 0.00000000099999999998 0.50566185240263383793 0.00000000099999999998 
0.20819144136963865788 0.00000000099999999997 0.10150821937895389280 0.04013034514195983754 0.00000000099999999997 0.00000000099999999997 0.00000000099999999997 0.00000000099999999997 0.65016998810944748310 0.00000000099999999997 
0.02489665256650190617 0.00000000099999999944 0.06522885328990950249 0.00000000099999999944 0.00000000099999999944 0.00624295322255075721 0.00000000099999999944 0.00000000099999999944 0.90363153492103787112 0.00000000099999999944 
0.08602699127125436329 0.02187775125194419898 0.10423337463123799607 0.00000000099999999997 0.00000000100480568480 0.00000000099999999997 0.00000000099999999997 0.00000000099999999997 0.78786187684075781323 0.00000000099999999997 
0.33130322788305227588 0.00000000099999999997 0.26508478005919183795 0.00000000099999999997 0.00000000099999999997 0.00000000099999999997 0.00284991505541757825 0.00000000099999999997 0.40076207100233834923 0.00000000099999999997 
0.03661379461862842438 0.00000000099999999975 0.01574085220818799771 0.00000000099999999975 0.00000000099999999975 0.00000000099999999975 0.00000000099999999975 0.00000000099999999975 0.94764534617318352261 0.00000000099999999975 
0.43757138106726356508 0.00000000099999999999 0.00000010162700056450 0.00000001832322827470 0.00000000407209956577 0.01090186258330877976 0.00000000099999999999 0.00000000099999999999 0.55152662832709919982 0.00000000099999999999 
0.07462070603915584022 0.00000000099999999978 0.03970537023142137190 0.00093532572838230562 0.00000000099999999978 0.01537122520510198972 0.00000000099999999978 0.00000000099999999978 0.86936736779593837277 0.00000000099999999978 
0.02252839449298053853 0.00000000099999999986 0.01801555411671680249 0.00000000099999999986 0.00000000099999999986 0.00194647266726746663 0.00000000099999999986 0.00000000099999999986 0.95750957272303516277 0.00000000099999999986 
0.09021993954305626562 0.00000000099999999945 0.01416008259471637255 0.00000000099999999945 0.00000000099999999945 0.00831966288770813640 0.00000000099999999945 0.00000000099999999945 0.88730030897451928062 0.00000000099999999945 
0.08555294812247465908 0.00000000099999999986 0.02070139366410465517 0.00000000099999999986 0.00002390151466460359 0.00207444836634473537 0.00000000099999999986 0.00000000099999999986 0.89164730333241126736 0.00000000099999999986 
0.04180384827399732939 0.00000000099999999904 0.04286143175203964428 0.00000000099999999904 0.00000000099999999904 0.00000000099999999904 0.00000000099999999904 0.00000000099999999904 0.91533471297396296062 0.00000000099999999904 
