0.99999999400000005867 0.00000000099999999877 0.00000000099999999877 0.00000000099999999877 0.00000000099999999877 0.00000000099999999877 0.00000000099999999877 
0.99999999400000005867 0.00000000099999999881 0.00000000099999999881 0.00000000099999999881 0.00000000099999999881 0.00000000099999999881 0.00000000099999999881 
0.99999999400000005867 0.00000000099999999879 0.00000000099999999879 0.00000000099999999879 0.00000000099999999879 0.00000000099999999879 0.00000000099999999879 
0.99999999399999994765 0.00000000099999999882 0.00000000099999999882 0.00000000099999999882 0.00000000099999999882 0.00000000099999999882 0.00000000099999999882 
0.99999999399999994765 0.00000000099999999885 0.00000000099999999885 0.00000000099999999885 0.00000000099999999885 0.00000000099999999885 0.00000000099999999885 
0.99999999400000005867 0.00000000099999999887 0.00000000099999999887 0.00000000099999999887 0.00000000099999999887 0.00000000099999999887 0.00000000099999999887 
0.99999999400000005867 0.00000000099999999878 0.00000000099999999878 0.00000000099999999878 0.00000000099999999878 0.00000000099999999878 0.00000000099999999878 
0.99999999399999994765 0.00000000099999999889 0.00000000099999999889 0.00000000099999999889 0.00000000099999999889 0.00000000099999999889 0.00000000099999999889 
0.99999999399999994765 0.00000000099999999880 0.00000000099999999880 0.00000000099999999880 0.00000000099999999880 0.00000000099999999880 0.00000000099999999880 
0.99999999400000005867 0.00000000099999999888 0.00000000099999999888 0.00000000099999999888 0.00000000099999999888 0.00000000099999999888 0.00000000099999999888 
0.99999999400000005867 0.00000000099999999884 0.00000000099999999884 0.00000000099999999884 0.00000000099999999884 0.00000000099999999884 0.00000000099999999884 
0.99999999400000016969 0.00000000099999999906 0.00000000099999999906 0.00000000099999999906 0.00000000099999999906 0.00000000099999999906 0.00000000099999999906 
0.99999999400000005867 0.00000000099999999883 0.00000000099999999883 0.00000000099999999883 0.00000000099999999883 0.00000000099999999883 0.00000000099999999883 
0.99999999399999994765 0.00000000099999999881 0.00000000099999999881 0.00000000099999999881 0.00000000099999999881 0.00000000099999999881 0.00000000099999999881 
0.99999999399999994765 0.00000000099999999883 0.00000000099999999883 0.00000000099999999883 0.00000000099999999883 0.00000000099999999883 0.00000000099999999883 
0.99999999399999994765 0.00000000099999999883 0.00000000099999999883 0.00000000099999999883 0.00000000099999999883 0.00000000099999999883 0.00000000099999999883 
0.99999999399999994765 0.00000000099999999883 0.00000000099999999883 0.00000000099999999883 0.00000000099999999883 0.00000000099999999883 0.00000000099999999883 
0.99999999399999994765 0.00000000099999999890 0.00000000099999999890 0.00000000099999999890 0.00000000099999999890 0.00000000099999999890 0.00000000099999999890 
0.99999999399999994765 0.00000000099999999893 0.00000000099999999893 0.00000000099999999893 0.00000000099999999893 0.00000000099999999893 0.00000000099999999893 
0.99999999399999994765 0.00000000099999999891 0.00000000099999999891 0.00000000099999999891 0.00000000099999999891 0.00000000099999999891 0.00000000099999999891 
0.99999999400000005867 0.00000000099999999885 0.00000000099999999885 0.00000000099999999885 0.00000000099999999885 0.00000000099999999885 0.00000000099999999885 
0.99999999399999994765 0.00000000099999999888 0.00000000099999999888 0.00000000099999999888 0.00000000099999999888 0.00000000099999999888 0.00000000099999999888 
0.99999999400000005867 0.00000000099999999886 0.00000000099999999886 0.00000000099999999886 0.00000000099999999886 0.00000000099999999886 0.00000000099999999886 
0.99999999400000005867 0.00000000099999999889 0.00000000099999999889 0.00000000099999999889 0.00000000099999999889 0.00000000099999999889 0.00000000099999999889 
0.99999999400000016969 0.00000000099999999922 0.00000000099999999922 0.00000000099999999922 0.00000000099999999922 0.00000000099999999922 0.00000000099999999922 
0.99999999399999994765 0.00000000099999999886 0.00000000099999999886 0.00000000099999999886 0.00000000099999999886 0.00000000099999999886 0.00000000099999999886 
0.99999999399999994765 0.00000000099999999889 0.00000000099999999889 0.00000000099999999889 0.00000000099999999889 0.00000000099999999889 0.00000000099999999889 
0.99999999399999994765 0.00000000099999999892 0.00000000099999999892 0.00000000099999999892 0.00000000099999999892 0.00000000099999999892 0.00000000099999999892 
0.99999999399999994765 0.00000000099999999893 0.00000000099999999893 0.00000000099999999893 0.00000000099999999893 0.00000000099999999893 0.00000000099999999893 
0.99999999399999994765 0.00000000099999999890 0.00000000099999999890 0.00000000099999999890 0.00000000099999999890 0.00000000099999999890 0.00000000099999999890 
0.99999999400000016969 0.00000000099999999906 0.00000000099999999906 0.00000000099999999906 0.00000000099999999906 0.00000000099999999906 0.00000000099999999906 
0.99999999400000005867 0.00000000099999999924 0.00000000099999999924 0.00000000099999999924 0.00000000099999999924 0.00000000099999999924 0.00000000099999999924 
0.99999999400000005867 0.00000000099999999902 0.00000000099999999902 0.00000000099999999902 0.00000000099999999902 0.00000000099999999902 0.00000000099999999902 
0.99999999400000005867 0.00000000099999999914 0.00000000099999999914 0.00000000099999999914 0.00000000099999999914 0.00000000099999999914 0.00000000099999999914 
0.99999999400000016969 0.00000000099999999902 0.00000000099999999902 0.00000000099999999902 0.00000000099999999902 0.00000000099999999902 0.00000000099999999902 
0.99999999400000005867 0.00000000099999999909 0.00000000099999999909 0.00000000099999999909 0.00000000099999999909 0.00000000099999999909 0.00000000099999999909 
0.99999999400000016969 0.00000000099999999904 0.00000000099999999904 0.00000000099999999904 0.00000000099999999904 0.00000000099999999904 0.00000000099999999904 
0.99999999400000016969 0.00000000099999999903 0.00000000099999999903 0.00000000099999999903 0.00000000099999999903 0.00000000099999999903 0.00000000099999999903 
0.99999999400000016969 0.00000000099999999907 0.00000000099999999907 0.00000000099999999907 0.00000000099999999907 0.00000000099999999907 0.00000000099999999907 
0.99999999400000016969 0.00000000099999999925 0.00000000099999999925 0.00000000099999999925 0.00000000099999999925 0.00000000099999999925 0.00000000099999999925 
0.99999999400000005867 0.00000000099999999901 0.00000000099999999901 0.00000000099999999901 0.00000000099999999901 0.00000000099999999901 0.00000000099999999901 
0.99999999400000016969 0.00000000099999999913 0.00000000099999999913 0.00000000099999999913 0.00000000099999999913 0.00000000099999999913 0.00000000099999999913 
0.99999999400000005867 0.00000000099999999905 0.00000000099999999905 0.00000000099999999905 0.00000000099999999905 0.00000000099999999905 0.00000000099999999905 
0.99999999400000016969 0.00000000099999999903 0.00000000099999999903 0.00000000099999999903 0.00000000099999999903 0.00000000099999999903 0.00000000099999999903 
0.99999999400000005867 0.00000000099999999914 0.00000000099999999914 0.00000000099999999914 0.00000000099999999914 0.00000000099999999914 0.00000000099999999914 
0.99999999400000005867 0.00000000099999999904 0.00000000099999999904 0.00000000099999999904 0.00000000099999999904 0.00000000099999999904 0.00000000099999999904 
0.99999999400000016969 0.00000000099999999910 0.00000000099999999910 0.00000000099999999910 0.00000000099999999910 0.00000000099999999910 0.00000000099999999910 
0.99999999400000016969 0.00000000099999999930 0.00000000099999999930 0.00000000099999999930 0.00000000099999999930 0.00000000099999999930 0.00000000099999999930 
0.99999999400000016969 0.00000000099999999931 0.00000000099999999931 0.00000000099999999931 0.00000000099999999931 0.00000000099999999931 0.00000000099999999931 
0.99999999400000005867 0.00000000099999999940 0.00000000099999999940 0.00000000099999999940 0.00000000099999999940 0.00000000099999999940 0.00000000099999999940 
0.99999999400000005867 0.00000000099999999965 0.00000000099999999965 0.00000000099999999965 0.00000000099999999965 0.00000000099999999965 0.00000000099999999965 
0.00000000099999999974 0.40242751061937021007 0.00000000099999999974 0.00000000099999999974 0.00000000099999999974 0.00000000099999999974 0.59757248438062970930 
0.00000000099999999938 0.44353563167417436874 0.00000000099999999938 0.00000000099999999938 0.00000000099999999938 0.00000000099999999938 0.55646436332582560613 
0.00000000099999999977 0.48826982295584198113 0.00000000099999999977 0.00000000099999999977 0.00000000099999999977 0.00000000099999999977 0.51173017204415782722 
0.00000000099999999911 0.39232440017650493935 0.00000000099999999911 0.00000000099999999911 0.00000000099999999911 0.00000000099999999911 0.60767559482349498001 
0.00000000099999999924 0.39568003202751522718 0.00000000099999999924 0.00000000099999999924 0.00000000099999999924 0.00000000099999999924 0.60431996297248469219 
0.00000000099999999909 0.40177617877922522371 0.00000000099999999909 0.00000000099999999909 0.00000000099999999909 0.00000000099999999909 0.59822381622077469565 
0.00000000099999999951 0.39515035711673862640 0.00000000099999999951 0.00000000099999999951 0.00000000099999999951 0.00000000099999999951 0.60484963788326129297 
0.00000000099999999924 0.37358696195303897625 0.00000000099999999924 0.00000000099999999924 0.00000000099999999924 0.00000000099999999924 0.62641303304696083210 
0.00000000099999999940 0.40473722613156037919 0.00000000099999999940 0.00000000099999999940 0.00000000099999999940 0.00000000099999999940 0.59526276886843942915 
0.00000000099999999990 0.39797108267500491685 0.00000000099999999990 0.00198326387037879538 0.00335306399663241796 0.00000000099999999990 0.59669258645798373131 
0.00000000099999999929 0.42542089418643513898 0.00000000099999999929 0.00000000099999999929 0.00000000099999999929 0.00000000099999999929 0.57457910081356478038 
0.00000000099999999922 0.42138756834972473930 0.00000000099999999922 0.00000000099999999922 0.00000000099999999922 0.00000000099999999922 0.57861242665027523557 
0.00000000099999999990 0.42686395334828058923 0.00000000099999999990 0.00000000099999999990 0.00471035578726167366 0.00000000099999999990 0.56842568686445760218 
0.00000000099999999937 0.43011758849468750832 0.00000000099999999937 0.00000000099999999937 0.00000000099999999937 0.00000000099999999937 0.56988240650531241105 
0.00000000099999999980 0.38336687763395699280 0.00000000099999999980 0.00000000099999999980 0.00000000099999999980 0.00000000099999999980 0.61663311736604276003 
0.00000000099999999913 0.39240707513669714768 0.00000000099999999913 0.00000000099999999913 0.00000000099999999913 0.00000000099999999913 0.60759291986330266067 
0.00000000099999999951 0.48823227130823404485 0.00000000099999999951 0.00000000099999999951 0.00000000099999999951 0.00000000099999999951 0.51176772369176570798 
0.00000000099999999976 0.48212455534687054248 0.00000000099999999976 0.00000000099999999976 0.00000000099999999976 0.00000000099999999976 0.51787543965312921035 
0.00000000099999999928 0.43132382160446719466 0.00000000099999999928 0.00000000099999999928 0.00000000099999999928 0.00000000099999999928 0.56867617339553278022 
0.00000000099999999932 0.41970825691238367039 0.00000000099999999932 0.00000000099999999932 0.00000000099999999932 0.00000000099999999932 0.58029173808761624898 
0.00000000099999999937 0.41077422053821799341 0.00000000099999999937 0.00000000099999999937 0.00000000099999999937 0.00000000099999999937 0.58922577446178181493 
0.00000000099999999910 0.40771584935626409285 0.00000000099999999910 0.00000000099999999910 0.00000000099999999910 0.00000000099999999910 0.59228414564373577100 
0.00000000099999999940 0.44325501148336643453 0.00000000099999999940 0.00000000099999999940 0.00000000099999999940 0.00000000099999999940 0.55674498351663337381 
0.00000000099999999936 0.46470458869141184621 0.00000000099999999936 0.00000000099999999936 0.00000000099999999936 0.00000000099999999936 0.53529540630858807315 
0.00000000099999999964 0.49237085542519398729 0.00000000099999999964 0.00000000099999999964 0.00000000099999999964 0.00000000099999999964 0.50762913957480582106 
0.00000000099999999926 0.40520889715232344397 0.00000000099999999926 0.00000000099999999926 0.00000000099999999926 0.00000000099999999926 0.59479109784767658642 
0.00000000099999999939 0.46565466969091495741 0.00000000099999999939 0.00000000099999999939 0.00000000099999999939 0.00000000099999999939 0.53434532530908485093 
0.00048586069603915466 0.45319397965418128926 0.00000000099999999990 0.00000000099999999990 0.00468695340022714201 0.00000000099999999990 0.54163320324955233076 
0.00000000099999999987 0.39757492042589903658 0.00000000099999999987 0.00000000099999999987 0.00000000099999999987 0.00147624443427197259 0.60094883113982899836 
0.00000000099999999947 0.45026922624865117761 0.00000000099999999947 0.00000000099999999947 0.00000000099999999947 0.00000000099999999947 0.54973076875134874175 
0.00000000099999999929 0.38403366840914171521 0.00000000099999999929 0.00000000099999999929 0.00000000099999999929 0.00000000099999999929 0.61596632659085814865 
0.00099256348419148174 0.42537428224799600507 0.00304868619950982240 0.00000000099999999987 0.00000000099999999987 0.00000000099999999987 0.57058446506830273748 
0.00000000099999999965 0.53909964556042977435 0.00000000099999999965 0.00000000099999999965 0.00000000099999999965 0.00000000099999999965 0.46090034943957031155 
0.00000000099999999963 0.45868967166575258521 0.00000000099999999963 0.00000000099999999963 0.00000000099999999963 0.00000000099999999963 0.54131032333424711211 
0.00000000099999999948 0.47226431582985317625 0.00000000099999999948 0.00000000099999999948 0.00000000099999999948 0.00000000099999999948 0.52773567917014674311 
0.00000000099999999959 0.42148077701825920061 0.00000000099999999959 0.00000000099999999959 0.00000000099999999959 0.00000000099999999959 0.57851921798174055223 
0.00000000099999999947 0.48330940090346435900 0.00000000099999999947 0.00000000099999999947 0.00000000099999999947 0.00000000099999999947 0.51669059409653550485 
0.00000000099999999954 0.48130344580490674877 0.00000000099999999954 0.00000000099999999954 0.00000000099999999954 0.00000000099999999954 0.51869654919509300406 
0.00000000099999999950 0.51807841536063581334 0.00000000099999999950 0.00000000099999999950 0.00000000099999999950 0.00000000099999999950 0.48192157963936432807 
0.00000000099999999986 0.41884294654210391107 0.00222455373205866303 0.00000000099999999986 0.00000000099999999986 0.00000000099999999986 0.57893249572583738161 
0.00000000099999999969 0.42394085798217673311 0.00000000099999999969 0.00000000099999999969 0.00000000099999999969 0.00000000099999999969 0.57605913701782318626 
0.00000000099999999985 0.43552154758515371213 0.00000000099999999985 0.00000000099999999985 0.00000000099999999985 0.00000000099999999985 0.56447844741484609621 
0.00000000099999999958 0.41281733769893713681 0.00000000099999999958 0.00000000099999999958 0.00000000099999999958 0.00000000099999999958 0.58718265730106267153 
0.00000000099999999931 0.47493886588951778061 0.00000000099999999931 0.00000000099999999931 0.00000000099999999931 0.00000000099999999931 0.52506112911048197223 
0.00000000099999999927 0.45535640455359477352 0.00000000099999999927 0.00000000099999999927 0.00000000099999999927 0.00000000099999999927 0.54464359044640509033 
0.00000000099999999935 0.47111273165497752347 0.00000000099999999935 0.00000000099999999935 0.00000000099999999935 0.00000000099999999935 0.52888726334502245141 
0.00000000099999999934 0.45311758921996853067 0.00000000099999999934 0.00000000099999999934 0.00000000099999999934 0.00000000099999999934 0.54688240578003144421 
0.00000000099999999983 0.49631655528231688468 0.00000000099999999983 0.00000000099999999983 0.00000000099999999983 0.00000000099999999983 0.50368343971768292366 
0.00000000099999999929 0.44724491265407245733 0.00000000099999999929 0.00000000099999999929 0.00000000099999999929 0.00000000099999999929 0.55275508234592740653 
0.00000000099999999955 0.49918736199657992580 0.00000000099999999955 0.00000000099999999955 0.00000000099999999955 0.00000000099999999955 0.50081263300341982703 
0.00000000099999999934 0.43341934609594806593 0.00000000099999999934 0.00000000099999999934 0.00000000099999999934 0.00000000099999999934 0.56658064890405179792 
0.00000000099999999942 0.48848384722981647021 0.00000000099999999942 0.00000000099999999942 0.00000000099999999942 0.00000000099999999942 0.51151614777018339364 
0.00000000099999999957 0.46197827040447841940 0.00000000099999999957 0.00000000099999999957 0.00000000099999999957 0.00000000099999999957 0.53802172459552155548 
0.00000000099999999958 0.41910250504630613966 0.00000000099999999958 0.00000000099999999958 0.00000000099999999958 0.00000000099999999958 0.58089748995369372420 
0.00000000099999999944 0.44352430854436203367 0.00000000099999999944 0.00000000099999999944 0.00000000099999999944 0.00000000099999999944 0.55647568645563783019 
0.00000000099999999945 0.42541441536740032259 0.00000000099999999945 0.00000000099999999945 0.00000000099999999945 0.00000000099999999945 0.57458557963259948576 
0.00000000099999999963 0.43613922132647892083 0.00000000099999999963 0.00000000099999999963 0.00000000099999999963 0.00000000099999999963 0.56386077367352094303 
0.00044326649097684061 0.45551949009223391407 0.00000000099999999966 0.00000000099999999966 0.00000000099999999966 0.00000000099999999966 0.54403723941678916454 
0.00000000099999999934 0.44091760392473494656 0.00000000099999999934 0.00000000099999999934 0.00000000099999999934 0.00000000099999999934 0.55908239107526491729 
0.00000000099999999965 0.42702435650677716961 0.00000000099999999965 0.00000000099999999965 0.00000000099999999965 0.00000000099999999965 0.57297563849322263874 
0.00000000099999999930 0.46904302380467199907 0.00000000099999999930 0.00000000099999999930 0.00000000099999999930 0.00000000099999999930 0.53095697119532780928 
0.00000000099999999982 0.49127536830748086416 0.00000000099999999982 0.00000000099999999982 0.00000000099999999982 0.00000000099999999982 0.50872462669251894418 
0.00160910670716832055 0.46333915477171722097 0.00000000099999999968 0.00000000099999999968 0.00000000099999999968 0.00000000099999999968 0.53505173452111431942 
0.00000000099999999983 0.47827801333280856033 0.00000000099999999983 0.00000000099999999983 0.00000000099999999983 0.00079872996420154801 0.52092325270298989182 
0.00000000099999999961 0.43221993941690800556 0.00000000099999999961 0.00000000099999999961 0.00000000099999999961 0.00000000099999999961 0.56778005558309196932 
0.00000000099999999978 0.50027546273286793710 0.00000000099999999978 0.00000000099999999978 0.00000000099999999978 0.00000000099999999978 0.49972453226713231533 
0.00424604973643179055 0.38582301543324570847 0.00000000100090786953 0.00000000100000000000 0.00472140729083525817 0.00000026769529359842 0.60520925784328560848 
0.00000000099999999980 0.43829046034170349166 0.00000000099999999980 0.00719131803403281946 0.00000000099999999980 0.00000000099999999980 0.55451821762426345419 
0.00000000099999999983 0.44331340013491027374 0.00000000099999999983 0.00586626094754519063 0.00000000099999999983 0.00000000099999999983 0.55082033491754434085 
0.00000000099999999988 0.46047797636029247359 0.00259473663044612396 0.00000000099999999988 0.00000000099999999988 0.00000000099999999988 0.53692728300926140239 
0.00313310628840519608 0.46954639595160529986 0.00000000099999999996 0.00000000536109184506 0.00086716899564851879 0.00092349832446574228 0.52552982407878345850 
0.00277891126724498895 0.43062641780325422447 0.00129041495311415003 0.00000000099999999995 0.00100788582307365917 0.00000000099999999995 0.56429636815331296607 
0.00000000099999999947 0.00951328045845097059 0.00000000099999999947 0.00000000099999999947 0.00000000099999999947 0.00000000099999999947 0.99048671454154901816 
0.00000000099999999943 0.00000000099999999943 0.00000000099999999943 0.00000000099999999943 0.00000000099999999943 0.00000000099999999943 0.99999999400000005867 
0.00000000099999999965 0.00694842220789341439 0.00000000099999999965 0.00000000099999999965 0.00000000099999999965 0.00000000099999999965 0.99305157279210665155 
0.00000000099999999990 0.00000000099999999990 0.00000000099999999990 0.00000000099999999990 0.00000000099999999990 0.00000000099999999990 0.99999999399999994765 
0.00000000099999999937 0.00000000099999999937 0.00000000099999999937 0.00000000099999999937 0.00000000099999999937 0.00000000099999999937 0.99999999399999994765 
0.00000000099999999946 0.00000000099999999946 0.00000000099999999946 0.00000000099999999946 0.00000000099999999946 0.00000000099999999946 0.99999999399999994765 
0.00000000099999999958 0.00089404987295320468 0.00000000099999999958 0.00000000099999999958 0.00000000099999999958 0.00000000099999999958 0.99910594512704675729 
0.00000000099999999954 0.00594191585713284981 0.00000000099999999954 0.00000000099999999954 0.00000000099999999954 0.00000000099999999954 0.99405807914286714588 
0.00000000099999999942 0.00160974656882299587 0.00000000099999999942 0.00000000099999999942 0.00000000099999999942 0.00000000099999999942 0.99839024843117707420 
0.00064533133428814336 0.00000000099999999981 0.00000000099999999981 0.00000000099999999981 0.00000000099999999981 0.00000000099999999981 0.99935466366571190644 
0.00000000099999999944 0.00000000099999999944 0.00000000099999999944 0.00000000099999999944 0.00000000099999999944 0.00000000099999999944 0.99999999400000005867 
0.00000000099999999935 0.00377400747382096707 0.00000000099999999935 0.00000000099999999935 0.00000000099999999935 0.00000000099999999935 0.99622598752617907980 
0.00000000099999999944 0.00000000099999999944 0.00000000099999999944 0.00000000099999999944 0.00000000099999999944 0.00000000099999999944 0.99999999400000005867 
0.00000000099999999950 0.00000009337458532510 0.00000000099999999950 0.00000000099999999950 0.00000000099999999950 0.00000000099999999950 0.99999990162541452232 
0.00118087658118737272 0.00000000099999999966 0.00000000099999999966 0.00000000099999999966 0.00000000099999999966 0.00000000099999999966 0.99881911841881265701 
0.00000000099999999954 0.03000710201789509590 0.00000000099999999954 0.00000000099999999954 0.00000000099999999954 0.00000000099999999954 0.96999289298210489285 
0.00000000099999999958 0.00268711989262481951 0.00000000099999999958 0.00000000099999999958 0.00000000099999999958 0.00000000099999999958 0.99731287510737520741 
0.00000000099999999922 0.00000000099999999922 0.00000000099999999922 0.00000000099999999922 0.00000000099999999922 0.00000000099999999922 0.99999999400000005867 
0.00030971638934268529 0.01157590811155491395 0.00007844427327779735 0.00000000099999999999 0.00175257033728312109 0.00000000099999999999 0.98628335888854146152 
0.00000000099999999991 0.05106192823050337976 0.00000000099999999991 0.00000000099999999991 0.00000000099999999991 0.00224089595226380179 0.94669717181723278543 
0.00000000099999999981 0.00000000099999999981 0.00000000099999999981 0.00000000099999999981 0.00000000099999999981 0.00000000099999999981 0.99999999400000005867 
0.00000000099999999992 0.04934004862476378678 0.00792567612677605275 0.00000000099999999992 0.00000000099999999992 0.00000000099999999992 0.94273427124846009839 
0.00000000099999999990 0.07189060199609471902 0.00000000099999999990 0.00000000099999999990 0.00188316620819033100 0.00000000099999999990 0.92622622779571506246 
0.00000000099999999994 0.06322578163089216663 0.00000000099999999994 0.00000000099999999994 0.00321735951928287531 0.00000000099999999994 0.93355685484982497968 
0.00000004963732736478 0.01090567245539262979 0.00000000099999999994 0.00000000099999999994 0.00122725573638355744 0.00000000099999999994 0.98786701917089636549 
0.00000000099999999986 0.05932096103392364705 0.00402724187628780532 0.00000000099999999986 0.00000000099999999986 0.00000000099999999986 0.93665179308978863126 
0.00000000099999999996 0.03755330831257434193 0.00214071388265277968 0.00000000099999999996 0.00041592249946400476 0.00000000099999999996 0.95989005230530888291 
0.00000000099999999979 0.02841184243793171832 0.00000000099999999979 0.00225630090960416557 0.00000000099999999979 0.00000000099999999979 0.96933185265246424311 
0.00018102246770207455 0.02395254475936723151 0.00026794087810274117 0.00066841535030740147 0.00000000099999999996 0.00040506251820113774 0.97452501302631944213 
0.00000000099999999978 0.05930221931161912263 0.00000000099999999978 0.00000000099999999978 0.00000000099999999978 0.00000000099999999978 0.94069777568838097714 
0.00000000099999999983 0.03987693851085052227 0.00000000099999999983 0.00000000099999999983 0.00000000099999999983 0.00344275587748132158 0.95668030161166817127 
0.00000000099999999977 0.03677339735925103104 0.00000000099999999977 0.00594578728647757182 0.00000000099999999977 0.00000000099999999977 0.95728081135427134374 
0.00000000099999999998 0.05687343060957706503 0.00040139347795189681 0.00000000405800573750 0.00550711034836505377 0.00000000099999999998 0.93721805950610037605 
0.00000536608689959026 0.02060080999612594332 0.00000000099999999991 0.00000000099999999991 0.00000000099999999991 0.00000000099999999991 0.97939381991697449514 
0.00000000099999999971 0.05958665323637622746 0.00000000099999999971 0.00000000099999999971 0.00000000099999999971 0.00000000099999999971 0.94041334176362378905 
0.00000000099999999953 0.07760209026549759470 0.00000000099999999953 0.00000000099999999953 0.00000000099999999953 0.00000000099999999953 0.92239790473450233854 
0.00000000099999999985 0.04273455277430293631 0.00000000099999999985 0.00098408522722877095 0.00000000099999999985 0.00000000099999999985 0.95628135799846836207 
0.00033050120678554336 0.07459569142503359729 0.00000000099999999998 0.00000000099999999998 0.00000000099999999998 0.01012151603836782335 0.91495228832981301270 
0.00087963219304866449 0.11965516320029639941 0.00000000100000000000 0.00000000100000000000 0.00257833122073359254 0.00000000100000000000 0.87688687038592139089 
0.00390965384518122613 0.15977349653725131384 0.01311990649353895512 0.00314822940045491641 0.00000036934770020331 0.00001969523824696329 0.82002864913762651966 
0.00599745412204742701 0.05966039566838534508 0.00000000099999999960 0.00000000099999999960 0.00000000099999999960 0.00000000099999999960 0.93434214620956723696 
0.00000000099999999998 0.10808056240133863402 0.02005094218057720812 0.00000000099999999998 0.00000000099999999998 0.00000000099999999998 0.87186849141808420161 
0.00000000099999999998 0.22979655651572913899 0.00000000099999999998 0.00000000099999999998 0.00000000099999999998 0.00247210489912750957 0.76773133458514342120 
0.00065848038800534348 0.00618872546273737788 0.00000000099999999988 0.00000000099999999988 0.00000000099999999988 0.00000000099999999988 0.99315279014925728074 
0.01099834222811767181 0.02565604554937541554 0.00000000099999999999 0.00000000099999999999 0.00000000099999999999 0.00000000099999999999 0.96334560822250692169 
0.01569066615830602002 0.03371256504818461591 0.00000000099999999982 0.00000000099999999982 0.00000000099999999982 0.00000000099999999982 0.95059676479350940781 
0.00173713954347798783 0.01913300650123468324 0.00000000099999999989 0.00000000099999999989 0.00000000099999999989 0.00000000099999999989 0.97912984995528740129 
0.00823278148571563242 0.01758411393927783103 0.00000000099999999964 0.00000000099999999964 0.00000000099999999964 0.00000000099999999964 0.97418310057500645538 
0.00143027599725323112 0.02245472712837589743 0.00075051760851466110 0.00000000099999999990 0.00000000099999999990 0.00000000099999999990 0.97536447626585620618 
0.00000000099999999931 0.03892437135928823039 0.00000000099999999931 0.00000000099999999931 0.00000000099999999931 0.00000000099999999931 0.96107562364071175143 
0.00000000099999999956 0.00642424021086797706 0.00000000099999999956 0.00000000099999999956 0.00000000099999999956 0.00000000099999999956 0.99357575478913207068 
0.00000000099999999977 0.24756989319569058794 0.00244914950444617479 0.00000000099999999977 0.00000000099999999977 0.00000000099999999977 0.74998095329986325108 
0.00137961970986031301 0.22238813478643634780 0.00000000099999999980 0.00000000099999999980 0.00000000099999999980 0.00000000099999999980 0.77623224150370340180 
0.00000000099999999997 0.11012763757643730111 0.00000000099999999997 0.00000000099999999997 0.26539987567459277784 0.06013616469761474265 0.56433631905135528406 
0.00444135347799695657 0.27713667147206061392 0.00000000099999999994 0.00000000099999999994 0.00253194591108340432 0.00062831936693930502 0.71526170777191966366 
0.00240677597895935010 0.24976312977585612973 0.00012007673430914617 0.00000000099999999997 0.00282756294112620132 0.00000000099999999997 0.74488245256974905395 
0.00000000099999999996 0.10603915324272003562 0.00000000099999999996 0.00000000099999999996 0.28075183318382690434 0.07451776698229824192 0.53869124359115494460 
0.00000000099999999996 0.17513730728374143908 0.00000000099999999996 0.00000000099999999996 0.22578806030711259800 0.04647904396336360877 0.55259558544578235573 
0.00000000099999999998 0.12257901562831122200 0.00000000099999999998 0.00000000099999999998 0.24214444810019547516 0.02141017026601240922 0.61386636300548080847 
0.00161852799290617181 0.14740218740636659711 0.00000000099999999997 0.00000000099999999997 0.23915988730743240054 0.00000000099999999997 0.61181939429329479374 
0.00080776503938905680 0.16586821480313460042 0.01998508023826387620 0.00000000099999999999 0.21791740381261182069 0.00000000099999999999 0.59542153410660048074 
0.00000000099999999975 0.24211444257831341020 0.00000000099999999975 0.00000000099999999975 0.00000000099999999975 0.00000000099999999975 0.75788555242168664794 
0.00000000099999999993 0.10341103203941952315 0.07035936549916524396 0.00000000099999999993 0.23979685157094954295 0.00000000099999999993 0.58643274789046562212 
0.00680088290546593862 0.23460986129871122530 0.00000000099999999996 0.00000000099999999996 0.00516185473656861210 0.00077787088074280882 0.75264952817851149547 
0.00000000099999999998 0.14735917836798673175 0.01807354152818496651 0.00000000099999999998 0.28568390082932265672 0.02155679366980584044 0.52732658360469986114 
0.00263650374679440637 0.25841450659492831710 0.00000000099999999968 0.00000000099999999968 0.00000000099999999968 0.00000000099999999968 0.73894898565827715764 
0.00000000099999999965 0.27053248792092632335 0.00000000099999999965 0.00000000099999999965 0.00000000099999999965 0.00000000099999999965 0.72946750707907348499 
0.00619803046043273295 0.15080527665145698757 0.01689095918042034586 0.00000000099999999997 0.28861778981604280236 0.00000000099999999997 0.53748794189164716961 
0.00050412694495497736 0.22656143324771113590 0.00000000099999999982 0.00000000099999999982 0.00000000099999999982 0.00000000099999999982 0.77293443580733389719 
0.00000000099999999994 0.25846917363260341061 0.00051895187828583504 0.00000000099999999994 0.00190990496802299946 0.00015346783431127497 0.73894849968677633889 
0.00000000099999999996 0.11029189917432528911 0.00691412675639313263 0.00000000099999999996 0.00000000099999999996 0.00000000099999999996 0.88279397006928150837 
0.00000000099999999999 0.05006774673391418962 0.00000000099999999999 0.00000000099999999999 0.04925165049449205940 0.00025119298478590307 0.90042940678680782884 
0.00000000099999999994 0.06864857391135575915 0.00469796184342275661 0.00000000099999999994 0.00000000099999999994 0.00000000099999999994 0.92665346024522154966 
0.00000000099999999987 0.00345384817202333029 0.00307347037900620838 0.00000000099999999987 0.00000000099999999987 0.00000000099999999987 0.99347267744897038710 
0.00000000099999999988 0.03840213162724823159 0.00000000099999999988 0.02106460479383987644 0.01484631410501323356 0.00000000099999999988 0.92568694647389859753 
0.00000000099999999948 0.00000000099999999948 0.00000000099999999948 0.00000000099999999948 0.00000000099999999948 0.00000000099999999948 0.99999999400000005867 
0.00000000099999999967 0.00000000099999999967 0.00021712513282037227 0.00000000099999999967 0.00000000099999999967 0.00000000099999999967 0.99978286986717956886 
0.00000000099999999969 0.00000000099999999969 0.22592694427306544980 0.00000000099999999969 0.00000000099999999969 0.00000000099999999969 0.77407305072693444181 
0.00000000099999999972 0.00000000099999999972 0.00211820060131280704 0.00000000099999999972 0.00000000099999999972 0.00000000099999999972 0.99788179439868718301 
0.00000000099999999971 0.00000000099999999971 0.00165796077952810460 0.00000000099999999971 0.00000000099999999971 0.00000000099999999971 0.99834203422047196330 
0.00000000099999999896 0.00000000099999999896 0.00000000099999999896 0.00000000099999999896 0.00000000099999999896 0.00000000099999999896 0.99999999399999994765 
0.00000000099999999927 0.00042902539233342430 0.00000000099999999927 0.00000000099999999927 0.00000000099999999927 0.00000000099999999927 0.99957096960766655958 
0.00000000099999999927 0.00113031209362654040 0.00000000099999999927 0.00000000099999999927 0.00000000099999999927 0.00000000099999999927 0.99886968290637334622 
0.00000000099999999937 0.00000000099999999937 0.00000000099999999937 0.00000000099999999937 0.00000000099999999937 0.00000000099999999937 0.99999999400000005867 
0.00000000099999999916 0.00000000099999999916 0.00000000099999999916 0.00000000099999999916 0.00000000099999999916 0.00000000099999999916 0.99999999399999994765 
0.00000000099999999949 0.00820640225408634551 0.00000000099999999949 0.00000000099999999949 0.00000000099999999949 0.00000000099999999949 0.99179359274591349926 
0.00000000099999999975 0.00302436595923259591 0.00000000099999999975 0.00000000099999999975 0.00000000099999999975 0.00000000099999999975 0.99697562904076741930 
0.00000000099999999937 0.00000000099999999937 0.00000000099999999937 0.00000000099999999937 0.00000000099999999937 0.00000000099999999937 0.99999999400000005867 
0.00000000099999999996 0.00000000099999999996 0.00000000099999999996 0.00000000099999999996 0.00644956348357910401 0.00000000099999999996 0.99355043151642075117 
0.00036347601310946837 0.03293559396692416485 0.00000000099999999979 0.00000000099999999979 0.00000000099999999979 0.00000000099999999979 0.96670092601996648884 
0.00000000099999999956 0.00631918609076256074 0.00000000099999999956 0.00000000099999999956 0.00000000099999999956 0.00000000099999999956 0.99368080890923748960 
0.00000000099999999980 0.00641598725118491461 0.00000000099999999980 0.00000000099999999980 0.00000000099999999980 0.00107026356780057035 0.99251374518101442845 
0.00000000099999999927 0.00000000099999999927 0.00000000099999999927 0.00000000099999999927 0.00000000099999999927 0.00000000099999999927 0.99999999399999994765 
0.00000000099999999955 0.00000000099999999955 0.00000000099999999955 0.00000000099999999955 0.00000000099999999955 0.00000000099999999955 0.99999999399999994765 
0.00000000099999999983 0.00706159008394160147 0.00000000099999999983 0.00000000099999999983 0.00000000099999999983 0.00131009818478251936 0.99162830773127597084 
0.00000000099999999996 0.04113830372122360274 0.00402892721057262083 0.00000000099999999996 0.00172974450265574457 0.00000000099999999996 0.95310302156554815856 
0.00000000099999999962 0.00946376685651600415 0.00000000099999999962 0.00000000099999999962 0.00000000099999999962 0.00000000099999999962 0.99053622814348396552 
0.00000000099999999953 0.00645734345047765945 0.00000000099999999953 0.00000000099999999953 0.00000000099999999953 0.00000000099999999953 0.99354265154952237094 
0.00000000099999999914 0.00000000099999999914 0.00000000099999999914 0.00000000099999999914 0.00000000099999999914 0.00000000099999999914 0.99999999399999994765 
0.00000000099999999952 0.00448914103343978077 0.00000000099999999952 0.00000000099999999952 0.00000000099999999952 0.00000000099999999952 0.99551085396656036064 
0.00000000099999999951 0.02332594684398239110 0.00000000099999999951 0.00000000099999999951 0.00000000099999999951 0.00000000099999999951 0.97667404815601777113 
0.00000000099999999963 0.00717000914004567880 0.00000000099999999963 0.00000000099999999963 0.00000000099999999963 0.00000000099999999963 0.99282998585995430041 
0.00141066805890445674 0.07642628781313927366 0.00104313084016331931 0.00000000099999999989 0.00000000099999999989 0.00000000099999999989 0.92111991028779294233 
0.00000000099999999983 0.01199770819546375211 0.00229913589923845443 0.00000000099999999983 0.00000000099999999983 0.00000000099999999983 0.98570315190529766980 
0.00008678797110201862 0.00000000099999999980 0.00000000099999999980 0.00000000099999999980 0.00000000099999999980 0.00000000099999999980 0.99991320702889796568 
0.00000000099999999988 0.05201805343071357057 0.00000000099999999988 0.00000000099999999988 0.00062215878967149479 0.00000000099999999988 0.94735978377961505004 
0.00191395639521109591 0.00000000099999999970 0.00000000099999999970 0.00000000099999999970 0.00000000099999999970 0.00000000099999999970 0.99808603860478883885 
0.00332270908348699734 0.00000000099999999993 0.00516276524672461528 0.00000000099999999993 0.00000000099999999993 0.00000000099999999993 0.99151452166978837344 
0.00000000099999999994 0.00000000099999999994 0.00144477880106803880 0.00000000099999999994 0.00111326862024336355 0.00000000099999999994 0.99744194857868850868 
0.00043366444840537360 0.00721709901942776261 0.01391811635374879189 0.00000000099999999988 0.00000000099999999988 0.00000000099999999988 0.97843111717841813046 
0.00000000099999999994 0.00003686814841509003 0.00000000099999999994 0.00000000099999999994 0.00653209263225995856 0.00000000099999999994 0.99343103521932496491 
0.00000000099999999996 0.00000000099999999996 0.00055026917776703399 0.00000003576065027186 0.00175943633032317687 0.00000000099999999996 0.99769025573125957873 
0.00000000099999999973 0.01047253545317056167 0.00000000099999999973 0.00000000099999999973 0.00000000099999999973 0.00000000099999999973 0.98952745954682941321 
0.00000000099999999973 0.00456379042553506625 0.00000000099999999973 0.00000000099999999973 0.00000000099999999973 0.00000000099999999973 0.99543620457446491123 
0.00000000099999999967 0.03103045965966373318 0.00000000099999999967 0.00000000099999999967 0.00000000099999999967 0.00000000099999999967 0.96896953534033625210 
0.00171751449361028942 0.00009499454221623351 0.00304916790214807519 0.00000000099999999983 0.00000000099999999983 0.00000000099999999983 0.99513832006202551650 
0.00000000099999999952 0.00000000099999999952 0.00000000099999999952 0.00000000099999999952 0.00000000099999999952 0.00000000099999999952 0.99999999399999994765 
0.00069664291039670781 0.00432150660313474714 0.00362280119350216192 0.00000000099999999988 0.00000000099999999988 0.00015424824367272141 0.99120479904929370552 
0.00280114943468832674 0.13889361185647797203 0.00000000099999999995 0.00000000099999999995 0.00000000099999999995 0.00000000099999999995 0.85830523470883368642 
0.00000000099999999967 0.07025461901663630770 0.00000000099999999967 0.00000000099999999967 0.00000000099999999967 0.00000000099999999967 0.92974537598336370881 
0.00000000099999999993 0.00240649525062937384 0.00264284592126764334 0.00000000099999999993 0.00000000099999999993 0.00000000099999999993 0.99495065482810307600 
0.00000000099999999991 0.00000000221872036568 0.00000000099999999991 0.00000000099999999991 0.00000000099999999991 0.00000000099999999991 0.99999999278127960078 
0.00279798310309040598 0.00000000099999999993 0.00000000099999999993 0.00000000099999999993 0.00000000099999999993 0.00000000099999999993 0.99720201189690971244 
