0.99999999499999991937 0.00000000099999999886 0.00000000099999999886 0.00000000099999999886 0.00000000099999999886 0.00000000099999999886 
0.99999999499999991937 0.00000000099999999892 0.00000000099999999892 0.00000000099999999892 0.00000000099999999892 0.00000000099999999892 
0.99999999500000003039 0.00000000099999999889 0.00000000099999999889 0.00000000099999999889 0.00000000099999999889 0.00000000099999999889 
0.99999999499999991937 0.00000000099999999891 0.00000000099999999891 0.00000000099999999891 0.00000000099999999891 0.00000000099999999891 
0.99999999500000003039 0.00000000099999999895 0.00000000099999999895 0.00000000099999999895 0.00000000099999999895 0.00000000099999999895 
0.99999999499999991937 0.00000000099999999896 0.00000000099999999896 0.00000000099999999896 0.00000000099999999896 0.00000000099999999896 
0.99999999500000003039 0.00000000099999999889 0.00000000099999999889 0.00000000099999999889 0.00000000099999999889 0.00000000099999999889 
0.99999999499999991937 0.00000000099999999898 0.00000000099999999898 0.00000000099999999898 0.00000000099999999898 0.00000000099999999898 
0.99999999499999991937 0.00000000099999999891 0.00000000099999999891 0.00000000099999999891 0.00000000099999999891 0.00000000099999999891 
0.99999999500000003039 0.00000000099999999898 0.00000000099999999898 0.00000000099999999898 0.00000000099999999898 0.00000000099999999898 
0.99999999499999991937 0.00000000099999999894 0.00000000099999999894 0.00000000099999999894 0.00000000099999999894 0.00000000099999999894 
0.99999999500000014141 0.00000000099999999914 0.00000000099999999914 0.00000000099999999914 0.00000000099999999914 0.00000000099999999914 
0.99999999500000003039 0.00000000099999999893 0.00000000099999999893 0.00000000099999999893 0.00000000099999999893 0.00000000099999999893 
0.99999999500000003039 0.00000000099999999891 0.00000000099999999891 0.00000000099999999891 0.00000000099999999891 0.00000000099999999891 
0.99999999499999991937 0.00000000099999999893 0.00000000099999999893 0.00000000099999999893 0.00000000099999999893 0.00000000099999999893 
0.99999999499999991937 0.00000000099999999893 0.00000000099999999893 0.00000000099999999893 0.00000000099999999893 0.00000000099999999893 
0.99999999500000003039 0.00000000099999999892 0.00000000099999999892 0.00000000099999999892 0.00000000099999999892 0.00000000099999999892 
0.99999999500000003039 0.00000000099999999900 0.00000000099999999900 0.00000000099999999900 0.00000000099999999900 0.00000000099999999900 
0.99999999500000003039 0.00000000099999999901 0.00000000099999999901 0.00000000099999999901 0.00000000099999999901 0.00000000099999999901 
0.99999999499999991937 0.00000000099999999900 0.00000000099999999900 0.00000000099999999900 0.00000000099999999900 0.00000000099999999900 
0.99999999499999991937 0.00000000099999999895 0.00000000099999999895 0.00000000099999999895 0.00000000099999999895 0.00000000099999999895 
0.99999999499999991937 0.00000000099999999898 0.00000000099999999898 0.00000000099999999898 0.00000000099999999898 0.00000000099999999898 
0.99999999500000003039 0.00000000099999999895 0.00000000099999999895 0.00000000099999999895 0.00000000099999999895 0.00000000099999999895 
0.99999999500000003039 0.00000000099999999898 0.00000000099999999898 0.00000000099999999898 0.00000000099999999898 0.00000000099999999898 
0.99999999500000014141 0.00000000099999999927 0.00000000099999999927 0.00000000099999999927 0.00000000099999999927 0.00000000099999999927 
0.99999999500000003039 0.00000000099999999895 0.00000000099999999895 0.00000000099999999895 0.00000000099999999895 0.00000000099999999895 
0.99999999500000003039 0.00000000099999999899 0.00000000099999999899 0.00000000099999999899 0.00000000099999999899 0.00000000099999999899 
0.99999999500000003039 0.00000000099999999900 0.00000000099999999900 0.00000000099999999900 0.00000000099999999900 0.00000000099999999900 
0.99999999500000003039 0.00000000099999999902 0.00000000099999999902 0.00000000099999999902 0.00000000099999999902 0.00000000099999999902 
0.99999999499999991937 0.00000000099999999899 0.00000000099999999899 0.00000000099999999899 0.00000000099999999899 0.00000000099999999899 
0.99999999500000014141 0.00000000099999999914 0.00000000099999999914 0.00000000099999999914 0.00000000099999999914 0.00000000099999999914 
0.99999999500000014141 0.00000000099999999929 0.00000000099999999929 0.00000000099999999929 0.00000000099999999929 0.00000000099999999929 
0.99999999500000014141 0.00000000099999999910 0.00000000099999999910 0.00000000099999999910 0.00000000099999999910 0.00000000099999999910 
0.99999999500000014141 0.00000000099999999922 0.00000000099999999922 0.00000000099999999922 0.00000000099999999922 0.00000000099999999922 
0.99999999500000014141 0.00000000099999999908 0.00000000099999999908 0.00000000099999999908 0.00000000099999999908 0.00000000099999999908 
0.99999999500000014141 0.00000000099999999918 0.00000000099999999918 0.00000000099999999918 0.00000000099999999918 0.00000000099999999918 
0.99999999500000014141 0.00000000099999999912 0.00000000099999999912 0.00000000099999999912 0.00000000099999999912 0.00000000099999999912 
0.99999999500000003039 0.00000000099999999912 0.00000000099999999912 0.00000000099999999912 0.00000000099999999912 0.00000000099999999912 
0.99999999500000003039 0.00000000099999999915 0.00000000099999999915 0.00000000099999999915 0.00000000099999999915 0.00000000099999999915 
0.99999999500000014141 0.00000000099999999934 0.00000000099999999934 0.00000000099999999934 0.00000000099999999934 0.00000000099999999934 
0.99999999500000014141 0.00000000099999999910 0.00000000099999999910 0.00000000099999999910 0.00000000099999999910 0.00000000099999999910 
0.99999999500000003039 0.00000000099999999922 0.00000000099999999922 0.00000000099999999922 0.00000000099999999922 0.00000000099999999922 
0.99999999500000003039 0.00000000099999999913 0.00000000099999999913 0.00000000099999999913 0.00000000099999999913 0.00000000099999999913 
0.99999999500000014141 0.00000000099999999911 0.00000000099999999911 0.00000000099999999911 0.00000000099999999911 0.00000000099999999911 
0.99999999500000003039 0.00000000099999999921 0.00000000099999999921 0.00000000099999999921 0.00000000099999999921 0.00000000099999999921 
0.99999999500000014141 0.00000000099999999913 0.00000000099999999913 0.00000000099999999913 0.00000000099999999913 0.00000000099999999913 
0.99999999500000003039 0.00000000099999999917 0.00000000099999999917 0.00000000099999999917 0.00000000099999999917 0.00000000099999999917 
0.99999999500000003039 0.00000000099999999935 0.00000000099999999935 0.00000000099999999935 0.00000000099999999935 0.00000000099999999935 
0.99999999500000014141 0.00000000099999999938 0.00000000099999999938 0.00000000099999999938 0.00000000099999999938 0.00000000099999999938 
0.99999999500000003039 0.00000000099999999947 0.00000000099999999947 0.00000000099999999947 0.00000000099999999947 0.00000000099999999947 
0.99999999500000014141 0.00000000099999999969 0.00000000099999999969 0.00000000099999999969 0.00000000099999999969 0.00000000099999999969 
0.00000000099999999973 0.40072180219991498928 0.59927819380008506833 0.00000000099999999973 0.00000000099999999973 0.00000000099999999973 
0.00000000099999999947 0.44270973689503440029 0.55729025910496543528 0.00000000099999999947 0.00000000099999999947 0.00000000099999999947 
0.00000000099999999979 0.48742656701542752540 0.51257342898457247671 0.00000000099999999979 0.00000000099999999979 0.00000000099999999979 
0.00000000099999999926 0.39215511610576098134 0.60784487989423896526 0.00000000099999999926 0.00000000099999999926 0.00000000099999999926 
0.00000000099999999935 0.39546772131368845837 0.60453227468631143271 0.00000000099999999935 0.00000000099999999935 0.00000000099999999935 
0.00000000099999999924 0.40150231012365394934 0.59849768587634610828 0.00000000099999999924 0.00000000099999999924 0.00000000099999999924 
0.00000000099999999959 0.39531164574887855956 0.60468835025112144255 0.00000000099999999959 0.00000000099999999959 0.00000000099999999959 
0.00000000099999999931 0.37347460394190729049 0.62652539205809276712 0.00000000099999999931 0.00000000099999999931 0.00000000099999999931 
0.00000000099999999949 0.40420200146683593623 0.59579799453316406588 0.00000000099999999949 0.00000000099999999949 0.00000000099999999949 
0.00000000099999999996 0.39805836019337892395 0.59730282353522756722 0.00000000099999999996 0.00000000099999999996 0.00463881327139371163 
0.00000000099999999944 0.42508420614595743281 0.57491578985404256930 0.00000000099999999944 0.00000000099999999944 0.00000000099999999944 
0.00000000099999999938 0.42117874678034944447 0.57882124921965050213 0.00000000099999999938 0.00000000099999999938 0.00000000099999999938 
0.00000000099999999990 0.42646873557734088500 0.56885283487244575618 0.00000000099999999990 0.00000000099999999990 0.00467842655021331703 
0.00000000099999999948 0.42940283476162921517 0.57059716123837067592 0.00000000099999999948 0.00000000099999999948 0.00000000099999999948 
0.00000000099999999977 0.37929992076880886254 0.62070007523119108406 0.00000000099999999977 0.00000000099999999977 0.00000000099999999977 
0.00000000099999999927 0.39184844402441387778 0.60815155197558612432 0.00000000099999999927 0.00000000099999999927 0.00000000099999999927 
0.00000000099999999961 0.48732887255161444484 0.51267112344838550175 0.00000000099999999961 0.00000000099999999961 0.00000000099999999961 
0.00000000099999999982 0.48068947557997770970 0.51931052042002234792 0.00000000099999999982 0.00000000099999999982 0.00000000099999999982 
0.00000000099999999942 0.43097150275534013009 0.56902849324465987202 0.00000000099999999942 0.00000000099999999942 0.00000000099999999942 
0.00000000099999999942 0.41909862036770123561 0.58090137563229882200 0.00000000099999999942 0.00000000099999999942 0.00000000099999999942 
0.00000000099999999947 0.41044559518318046720 0.58955440081681953490 0.00000000099999999947 0.00000000099999999947 0.00000000099999999947 
0.00000000099999999925 0.40705292882228116813 0.59294706717771883397 0.00000000099999999925 0.00000000099999999925 0.00000000099999999925 
0.00000000099999999951 0.44253936185534398229 0.55746063414465596431 0.00000000099999999951 0.00000000099999999951 0.00000000099999999951 
0.00000000099999999945 0.46405292932365571623 0.53594706667634417485 0.00000000099999999945 0.00000000099999999945 0.00000000099999999945 
0.00000000099999999970 0.49124807856659391536 0.50875191743340597572 0.00000000099999999970 0.00000000099999999970 0.00000000099999999970 
0.00000000099999999938 0.40473669724402761005 0.59526329875597239205 0.00000000099999999938 0.00000000099999999938 0.00000000099999999938 
0.00000000099999999950 0.46527933996054182675 0.53472065603945806433 0.00000000099999999950 0.00000000099999999950 0.00000000099999999950 
0.00000000099999999992 0.45273088619605489358 0.54121016491829232464 0.00000000099999999992 0.00605894588565277382 0.00000000099999999992 
0.00000000099999999995 0.39860414430986557122 0.60041299676799653184 0.00098285592213783542 0.00000000099999999995 0.00000000099999999995 
0.00000000099999999956 0.44948125590976173438 0.55051874009023815670 0.00000000099999999956 0.00000000099999999956 0.00000000099999999956 
0.00000000099999999941 0.38344757244500160542 0.61655242355499850770 0.00000000099999999941 0.00000000099999999941 0.00000000099999999941 
0.00110205399100863927 0.42530221923013361573 0.57091660664896304311 0.00000000099999999993 0.00267911812989483477 0.00000000099999999993 
0.00000000099999999971 0.53862833092888873221 0.46137166507111132541 0.00000000099999999971 0.00000000099999999971 0.00000000099999999971 
0.00000000099999999968 0.45920727287144680329 0.54079272312855319882 0.00000000099999999968 0.00000000099999999968 0.00000000099999999968 
0.00000000099999999957 0.47172337913587963909 0.52827661686412041853 0.00000000099999999957 0.00000000099999999957 0.00000000099999999957 
0.00000000099999999967 0.42084794627955501856 0.57915204972044487253 0.00000000099999999967 0.00000000099999999967 0.00000000099999999967 
0.00000000099999999954 0.48347355312071521594 0.51652644287928473066 0.00000000099999999954 0.00000000099999999954 0.00000000099999999954 
0.00000000099999999960 0.48204212426199410935 0.51795787173800578174 0.00000000099999999960 0.00000000099999999960 0.00000000099999999960 
0.00000000099999999958 0.51795328167883658566 0.48204671432116341645 0.00000000099999999958 0.00000000099999999958 0.00000000099999999958 
0.00000000099999999990 0.41572277889429859465 0.58205052684626923387 0.00000000099999999990 0.00222669125943224678 0.00000000099999999990 
0.00000000099999999975 0.42317892165775850000 0.57682107434224139109 0.00000000099999999975 0.00000000099999999975 0.00000000099999999975 
0.00000000099999999987 0.43496019735695579111 0.56503979864304432201 0.00000000099999999987 0.00000000099999999987 0.00000000099999999987 
0.00000000099999999963 0.41209476483137352787 0.58790523116862647424 0.00000000099999999963 0.00000000099999999963 0.00000000099999999963 
0.00000000099999999941 0.47475606594477354205 0.52524393005522640454 0.00000000099999999941 0.00000000099999999941 0.00000000099999999941 
0.00000000099999999939 0.45515151068115761168 0.54484848531884244593 0.00000000099999999939 0.00000000099999999939 0.00000000099999999939 
0.00000000099999999946 0.47075412580403042107 0.52924587019596947002 0.00000000099999999946 0.00000000099999999946 0.00000000099999999946 
0.00000000099999999946 0.45274400827993183105 0.54725598772006811554 0.00000000099999999946 0.00000000099999999946 0.00000000099999999946 
0.00000000099999999985 0.48427070891952694875 0.51440086369948945233 0.00000000099999999985 0.00132842438098359225 0.00000000099999999985 
0.00000000099999999941 0.44729453291699511341 0.55270546308300483318 0.00000000099999999941 0.00000000099999999941 0.00000000099999999941 
0.00000000099999999963 0.49784628420872917287 0.50215371179127077372 0.00000000099999999963 0.00000000099999999963 0.00000000099999999963 
0.00000000099999999942 0.43347169466059431997 0.56652830133940557111 0.00000000099999999942 0.00000000099999999942 0.00000000099999999942 
0.00000000099999999951 0.48831212964764553197 0.51168786635235441462 0.00000000099999999951 0.00000000099999999951 0.00000000099999999951 
0.00000000099999999961 0.46182292786451922817 0.53817706813548082945 0.00000000099999999961 0.00000000099999999961 0.00000000099999999961 
0.00000000099999999968 0.41866183714561372442 0.58133815885438622217 0.00000000099999999968 0.00000000099999999968 0.00000000099999999968 
0.00000000099999999950 0.44323423000490097534 0.55676576599509908228 0.00000000099999999950 0.00000000099999999950 0.00000000099999999950 
0.00000000099999999954 0.42526972852803274217 0.57473026747196709341 0.00000000099999999954 0.00000000099999999954 0.00000000099999999954 
0.00000000099999999969 0.43543422823422417434 0.56456576776577571675 0.00000000099999999969 0.00000000099999999969 0.00000000099999999969 
0.00039679766094039649 0.45469830966642932335 0.54490488967263039921 0.00000000099999999971 0.00000000099999999971 0.00000000099999999971 
0.00000000099999999946 0.44030363103305597550 0.55969636496694397110 0.00000000099999999946 0.00000000099999999946 0.00000000099999999946 
0.00000000099999999970 0.42673521455346746789 0.57326478144653258973 0.00000000099999999970 0.00000000099999999970 0.00000000099999999970 
0.00000000099999999941 0.46851429399644450857 0.53148570200355538251 0.00000000099999999941 0.00000000099999999941 0.00000000099999999941 
0.00000000099999999981 0.49016504736170118939 0.50983494863829881272 0.00000000099999999981 0.00000000099999999981 0.00000000099999999981 
0.00156730020675242289 0.46304436627189921039 0.53538833052134826573 0.00000000099999999974 0.00000000099999999974 0.00000000099999999974 
0.00015457593717894293 0.47935113396047318579 0.52049428710234779683 0.00000000099999999989 0.00000000099999999989 0.00000000099999999989 
0.00000000099999999968 0.43061024032755251811 0.56938975567244742848 0.00000000099999999968 0.00000000099999999968 0.00000000099999999968 
0.00000000099999999982 0.49915962260137974882 0.50084037339862019778 0.00000000099999999982 0.00000000099999999982 0.00000000099999999982 
0.00355934964875826354 0.38624135475193405176 0.60418410962257695918 0.00000000099999999998 0.00601518397673079120 0.00000000099999999998 
0.00110953236455017725 0.43864911699580944049 0.55606407425178616677 0.00000000100000000000 0.00175974670890420527 0.00241752867895017078 
0.00074544514638407182 0.44631356931958449108 0.54932257647578597304 0.00000000099999999997 0.00361840705824542034 0.00000000099999999997 
0.00000000099999999995 0.46021510977976193280 0.53785915186632249352 0.00000000099999999995 0.00192573535391553970 0.00000000099999999995 
0.00308100176775962355 0.46802908978134866169 0.52704313154246684725 0.00000000099999999999 0.00184677490842486379 0.00000000099999999999 
0.00215189237523789401 0.42618967378645344901 0.56874527803534724590 0.00000000099999999993 0.00291315380296145766 0.00000000099999999993 
0.00000000099999999954 0.00956037936134765745 0.99043961663865232037 0.00000000099999999954 0.00000000099999999954 0.00000000099999999954 
0.00000000099999999951 0.00000000099999999951 0.99999999499999991937 0.00000000099999999951 0.00000000099999999951 0.00000000099999999951 
0.00000000099999999973 0.00702656480499311720 0.99297343119500691699 0.00000000099999999973 0.00000000099999999973 0.00000000099999999973 
0.00000000099999999992 0.00000000099999999992 0.99999999500000003039 0.00000000099999999992 0.00000000099999999992 0.00000000099999999992 
0.00000000099999999947 0.00000000099999999947 0.99999999500000003039 0.00000000099999999947 0.00000000099999999947 0.00000000099999999947 
0.00000000099999999956 0.00000000099999999956 0.99999999500000003039 0.00000000099999999956 0.00000000099999999956 0.00000000099999999956 
0.00000000099999999967 0.00156407781948352930 0.99843591818051646847 0.00000000099999999967 0.00000000099999999967 0.00000000099999999967 
0.00000000099999999960 0.00594566044537566622 0.99405433555462441308 0.00000000099999999960 0.00000000099999999960 0.00000000099999999960 
0.00000000099999999954 0.00189799441048983078 0.99810200158951023486 0.00000000099999999954 0.00000000099999999954 0.00000000099999999954 
0.00047242431066798818 0.00000000099999999982 0.99952757168933203946 0.00000000099999999982 0.00000000099999999982 0.00000000099999999982 
0.00000000099999999952 0.00000000099999999952 0.99999999500000003039 0.00000000099999999952 0.00000000099999999952 0.00000000099999999952 
0.00000000099999999943 0.00374508161560579370 0.99625491438439417458 0.00000000099999999943 0.00000000099999999943 0.00000000099999999943 
0.00000000099999999950 0.00000000099999999950 0.99999999500000003039 0.00000000099999999950 0.00000000099999999950 0.00000000099999999950 
0.00000000099999999955 0.00000000099999999955 0.99999999500000003039 0.00000000099999999955 0.00000000099999999955 0.00000000099999999955 
0.00114258233056282652 0.00000000099999999972 0.99885741366943725517 0.00000000099999999972 0.00000000099999999972 0.00000000099999999972 
0.00000000099999999959 0.03025409137977112806 0.96974590462022902670 0.00000000099999999959 0.00000000099999999959 0.00000000099999999959 
0.00000000099999999968 0.00277705363928711264 0.99722294236071284956 0.00000000099999999968 0.00000000099999999968 0.00000000099999999968 
0.00000000099999999932 0.00000000099999999932 0.99999999500000003039 0.00000000099999999932 0.00000000099999999932 0.00000000099999999932 
0.00029983074487809942 0.01153265775629348094 0.98633477480900433321 0.00000000099999999999 0.00000000099999999999 0.00183273468982413611 
0.00000000099999999997 0.05120653546281598439 0.94686964205602097699 0.00138582704576747538 0.00000000099999999997 0.00053799343539551073 
0.00000000099999999982 0.00000000099999999982 0.99999999499999991937 0.00000000099999999982 0.00000000099999999982 0.00000000099999999982 
0.00251470261318026498 0.05159452184377207040 0.94161998923065548528 0.00000000099999999998 0.00000000099999999998 0.00427078431239226800 
0.00000000099999999993 0.07108326718546280343 0.92702895791440631523 0.00000000099999999993 0.00034711812425672171 0.00154065477587437671 
0.00000000099999999994 0.06319678576022019767 0.93367651734147616427 0.00000000099999999994 0.00000000099999999994 0.00312669389830353295 
0.00023979525922435195 0.01099358518767531469 0.98742937262679908450 0.00000000099999999993 0.00133724492630128136 0.00000000099999999993 
0.00000000099999999997 0.06084555374137359807 0.93658957792229236006 0.00000000099999999997 0.00000000099999999997 0.00256486533633415101 
0.00000813952667543966 0.03807374353160922209 0.95988637507741880750 0.00000000099999999996 0.00059377129900624662 0.00143796956529030641 
0.00000000099999999993 0.03027582037610361543 0.96839462937030884593 0.00000000099999999993 0.00132954725358765190 0.00000000099999999993 
0.00067141950917822869 0.02337866702393500556 0.97488780979465616827 0.00106210167223055852 0.00000000099999999994 0.00000000099999999994 
0.00000000099999999980 0.05882696828186650961 0.94117302771813360351 0.00000000099999999980 0.00000000099999999980 0.00000000099999999980 
0.00000000099999999995 0.04023626658486602337 0.95800846812284778942 0.00000000099999999995 0.00175526229228619964 0.00000000099999999995 
0.00122160839008281620 0.03972995330478836656 0.95572167463566015666 0.00000000099999999998 0.00332676166946873492 0.00000000099999999998 
0.00000000099999999999 0.05652683233936096896 0.93753163099608027853 0.00000000099999999999 0.00129582561656192566 0.00464570904799679104 
0.00000000099999999996 0.02057028444649536617 0.97942971155350466717 0.00000000099999999996 0.00000000099999999996 0.00000000099999999996 
0.00000000099999999974 0.05946000231299745920 0.94053999368700269557 0.00000000099999999974 0.00000000099999999974 0.00000000099999999974 
0.00000000099999999963 0.07781355362673662845 0.92218644237326352631 0.00000000099999999963 0.00000000099999999963 0.00000000099999999963 
0.00000000099999999992 0.04441950719372957795 0.95480684071398236323 0.00000000099999999992 0.00077364909228805421 0.00000000099999999992 
0.00361542991804113907 0.07688993368225428837 0.91166268310721532142 0.00783195129248929339 0.00000000099999999998 0.00000000099999999998 
0.00084243618441359931 0.11974331553381298288 0.87681207077745060285 0.00000000100000000000 0.00000000100000000000 0.00260217550432279270 
0.01363078008918905924 0.15985443934651163977 0.81643219343031236956 0.00000000100000000000 0.01008258513398697237 0.00000000100000000000 
0.00596081609277441127 0.05931697700080098418 0.93472220390642457577 0.00000000099999999966 0.00000000099999999966 0.00000000099999999966 
0.00000000100000000000 0.11293573535910372829 0.87474850726689978853 0.00000000100000000000 0.00679474679499393261 0.00552100857900249872 
0.00000000099999999999 0.22925955998672456482 0.76843355991178907693 0.00230687710148624230 0.00000000099999999999 0.00000000099999999999 
0.00065676815716632765 0.00574603835944628022 0.99359719048338734915 0.00000000099999999990 0.00000000099999999990 0.00000000099999999990 
0.01098902686417863560 0.00411984073734647602 0.98489112939847500705 0.00000000099999999999 0.00000000099999999999 0.00000000099999999999 
0.01578562685118388084 0.03402962376386606258 0.95018474638495009632 0.00000000099999999983 0.00000000099999999983 0.00000000099999999983 
0.00172804732480264433 0.01920248877925887637 0.97906946089593838156 0.00000000099999999993 0.00000000099999999993 0.00000000099999999993 
0.00822945523568237476 0.01745301287572716825 0.97431752888859035622 0.00000000099999999972 0.00000000099999999972 0.00000000099999999972 
0.00216449264602060383 0.02184518474413192635 0.97599031960984750089 0.00000000099999999991 0.00000000099999999991 0.00000000099999999991 
0.00000000099999999942 0.03868807552617208739 0.96131192047382796328 0.00000000099999999942 0.00000000099999999942 0.00000000099999999942 
0.00000000099999999964 0.00568569726544686412 0.99431429873455312585 0.00000000099999999964 0.00000000099999999964 0.00000000099999999964 
0.00000000099999999984 0.24368972453503948139 0.75388947155942409584 0.00000000099999999984 0.00242080090553636537 0.00000000099999999984 
0.00135550606292373158 0.22172365517804420998 0.77692083575903203574 0.00000000099999999985 0.00000000099999999985 0.00000000099999999985 
0.00000000099999999998 0.10315455052466449004 0.55584880398164981941 0.00000000099999999998 0.20585612783264206627 0.13514051566104373636 
0.00448789506908221780 0.27148016127688545662 0.71983989453404617631 0.00000000099999999994 0.00419204711998623445 0.00000000099999999994 
0.00235088452632945238 0.24385911681891928038 0.74954422185425584324 0.00000000099999999994 0.00424577480049542419 0.00000000099999999994 
0.00000000099999999994 0.09970295940282825065 0.50552669435921904206 0.00000000099999999994 0.39477034323795279214 0.00000000099999999994 
0.00000000099999999995 0.15604708421867966028 0.53385424714649409861 0.00000000099999999995 0.30713853374697680509 0.00296013288784927921 
0.00000000099999999993 0.09844177883978078025 0.58499323238168976502 0.00000000099999999993 0.31656498577852937304 0.00000000099999999993 
0.00000000099999999994 0.11553338255668078871 0.59165288880308020136 0.00000000099999999994 0.28590729514392332344 0.00690643149631584019 
0.00000000099999999996 0.15573472142488112291 0.58119624956995941112 0.00000000099999999996 0.14312433112287673009 0.11994469588228293122 
0.00000000099999999984 0.24133963703526209454 0.75866035896473793532 0.00000000099999999984 0.00000000099999999984 0.00000000099999999984 
0.00000000099999999995 0.10429924137155302533 0.58182045522630931877 0.00000000099999999995 0.14054061179909435597 0.17333968960304332874 
0.00523346626235746386 0.22372227368407232584 0.76192445645423401146 0.00000000099999999991 0.00911980159933621116 0.00000000099999999991 
0.00000000099999999990 0.12023741311194996451 0.49310903198691513616 0.00000000099999999990 0.38665355190113487316 0.00000000099999999990 
0.00249990436573273821 0.25716071574217014284 0.74033937689209705635 0.00000000099999999976 0.00000000099999999976 0.00000000099999999976 
0.00000000099999999972 0.26844619525192547904 0.73155380074807441204 0.00000000099999999972 0.00000000099999999972 0.00000000099999999972 
0.00643579860841871770 0.13868541130715625331 0.52963197383974991439 0.00000000099999999996 0.12524112507102574954 0.20000569017364941415 
0.00000000099999999979 0.22013028481678098558 0.77881607525215124088 0.00000000099999999979 0.00105363693106770942 0.00000000099999999979 
0.00000000099999999986 0.25208836619369712206 0.74407373555254607833 0.00000000099999999986 0.00383789525375680856 0.00000000099999999986 
0.00000000099999999999 0.11733621725642746914 0.87757437741981192403 0.00285781217475296334 0.00223159114900764888 0.00000000099999999999 
0.00000000100000000000 0.05095598395474437714 0.89897326629741558524 0.00032975496215489691 0.00374555357908515699 0.04599544020659988852 
0.00000000099999999999 0.06349496870689408379 0.93480059732025033714 0.00170443097285557805 0.00000000099999999999 0.00000000099999999999 
0.00000000099999999996 0.00567583733501971204 0.99249023942982272928 0.00148900876076239730 0.00034491247439516292 0.00000000099999999996 
0.00000000099999999995 0.05721189351053551642 0.91649733358948481943 0.00000000099999999995 0.00000000099999999995 0.02629076989997982880 
0.00000000099999999957 0.00000000099999999957 0.99999999499999991937 0.00000000099999999957 0.00000000099999999957 0.00000000099999999957 
0.00000000099999999960 0.00000000099999999960 0.99999999499999991937 0.00000000099999999960 0.00000000099999999960 0.00000000099999999960 
0.00368405401751575445 0.00000000099999999999 0.85502710771510881393 0.00000000099999999999 0.01937401906375112517 0.12191481720362438990 
0.00000000099999999991 0.00000000099999999991 0.99970461995929815746 0.00000000099999999991 0.00029537604070179108 0.00000000099999999991 
0.00000000099999999986 0.00000000099999999986 0.99999999499999991937 0.00000000099999999986 0.00000000099999999986 0.00000000099999999986 
0.00000000099999999909 0.00000000099999999909 0.99999999500000003039 0.00000000099999999909 0.00000000099999999909 0.00000000099999999909 
0.00000000099999999940 0.00073825043938923927 0.99926174556061087006 0.00000000099999999940 0.00000000099999999940 0.00000000099999999940 
0.00000000099999999938 0.00111433112527466269 0.99888566487472540967 0.00000000099999999938 0.00000000099999999938 0.00000000099999999938 
0.00000000099999999941 0.00000000099999999941 0.99999999500000003039 0.00000000099999999941 0.00000000099999999941 0.00000000099999999941 
0.00000000099999999924 0.00000000099999999924 0.99999999499999991937 0.00000000099999999924 0.00000000099999999924 0.00000000099999999924 
0.00000000099999999955 0.00818373791555656108 0.99181625808444351389 0.00000000099999999955 0.00000000099999999955 0.00000000099999999955 
0.00000000099999999977 0.00303173483494628563 0.99696826116505377069 0.00000000099999999977 0.00000000099999999977 0.00000000099999999977 
0.00000000099999999947 0.00000000099999999947 0.99999999500000003039 0.00000000099999999947 0.00000000099999999947 0.00000000099999999947 
0.00000000099999999994 0.00000000099999999994 0.99214288929859162369 0.00000000099999999994 0.00785710670140836800 0.00000000099999999994 
0.00034168846833634360 0.03297331438546680094 0.96668499414619690757 0.00000000099999999982 0.00000000099999999982 0.00000000099999999982 
0.00000000099999999966 0.00625794974703263330 0.99374204625296735927 0.00000000099999999966 0.00000000099999999966 0.00000000099999999966 
0.00000000099999999982 0.00643659566342861048 0.99263136378363225898 0.00093203755293911055 0.00000000099999999982 0.00000000099999999982 
0.00000000099999999937 0.00000000099999999937 0.99999999500000003039 0.00000000099999999937 0.00000000099999999937 0.00000000099999999937 
0.00000000099999999962 0.00000000099999999962 0.99999999499999991937 0.00000000099999999962 0.00000000099999999962 0.00000000099999999962 
0.00000000099999999984 0.00697375294335742055 0.99179279084080729234 0.00123345321583528782 0.00000000099999999984 0.00000000099999999984 
0.00000000099999999994 0.03880267281586032013 0.95519079043867594070 0.00000000099999999994 0.00600653374546367830 0.00000000099999999994 
0.00000000099999999966 0.00950446594863531974 0.99049553005136470318 0.00000000099999999966 0.00000000099999999966 0.00000000099999999966 
0.00000000099999999960 0.00641785017791182601 0.99358214582208825849 0.00000000099999999960 0.00000000099999999960 0.00000000099999999960 
0.00000000099999999929 0.00000000099999999929 0.99999999499999991937 0.00000000099999999929 0.00000000099999999929 0.00000000099999999929 
0.00000000099999999956 0.00447430851311876685 0.99552568748688119449 0.00000000099999999956 0.00000000099999999956 0.00000000099999999956 
0.00000000099999999960 0.02330335287861319202 0.97669664312138693152 0.00000000099999999960 0.00000000099999999960 0.00000000099999999960 
0.00000000099999999969 0.00714620966264625183 0.99285378633735366094 0.00000000099999999969 0.00000000099999999969 0.00000000099999999969 
0.00203922531736131602 0.07538402350586898004 0.92257674817676971202 0.00000000099999999993 0.00000000099999999993 0.00000000099999999993 
0.00159731136040481289 0.01156404462870796318 0.98683864101088714094 0.00000000099999999995 0.00000000099999999995 0.00000000099999999995 
0.00000000099999999978 0.00000000099999999978 0.99999999499999991937 0.00000000099999999978 0.00000000099999999978 0.00000000099999999978 
0.00000000099999999991 0.05226931575007169595 0.94697054831541738196 0.00000000099999999991 0.00076013293451096119 0.00000000099999999991 
0.00172543517887940954 0.00000000099999999972 0.99827456082112064895 0.00000000099999999972 0.00000000099999999972 0.00000000099999999972 
0.00181822414076673899 0.00000000099999999992 0.99331107005003882460 0.00000000099999999992 0.00487070280919443994 0.00000000099999999992 
0.00000000099999999994 0.00000000099999999994 0.99792195085038626345 0.00000000099999999994 0.00000000099999999994 0.00207804514961372521 
0.00793759609616171910 0.01136900732748817242 0.97383069476533778985 0.00117452954012147478 0.00000000099999999999 0.00568817127089093870 
0.00000000099999999996 0.00000093601109467962 0.99312398783928201862 0.00000000099999999996 0.00263170701755406416 0.00424336713206928309 
0.00000000099999999997 0.00000000099999999997 0.99769546538551279191 0.00000000099999999997 0.00136205884677527336 0.00094247276771177910 
0.00000000099999999977 0.01034120071115429175 0.98965879528884570515 0.00000000099999999977 0.00000000099999999977 0.00000000099999999977 
0.00000000099999999976 0.00454709440543566660 0.99545290159456423229 0.00000000099999999976 0.00000000099999999976 0.00000000099999999976 
0.00000000099999999969 0.03084815039162919562 0.96915184560837086547 0.00000000099999999969 0.00000000099999999969 0.00000000099999999969 
0.00289500723637657479 0.00002079797802650135 0.99538875024053252716 0.00000000099999999995 0.00169544254506440802 0.00000000099999999995 
0.00000000099999999957 0.00000000099999999957 0.99999999499999991937 0.00000000099999999957 0.00000000099999999957 0.00000000099999999957 
0.00266727539912137547 0.00000000099999999995 0.99467708221211037500 0.00265563938876817391 0.00000000099999999995 0.00000000099999999995 
0.00286316138743169472 0.13804997951791425637 0.85908685609465407218 0.00000000099999999995 0.00000000099999999995 0.00000000099999999995 
0.00000000099999999972 0.07007322418617824289 0.92992677181382177309 0.00000000099999999972 0.00000000099999999972 0.00000000099999999972 
0.00000000099999999998 0.00091676376378255252 0.99760893118904181431 0.00000000099999999998 0.00147430204717565946 0.00000000099999999998 
0.00000000099999999992 0.00000000099999999992 0.99999999500000003039 0.00000000099999999992 0.00000000099999999992 0.00000000099999999992 
0.00266407909543284237 0.00000000099999999992 0.99733591690456724344 0.00000000099999999992 0.00000000099999999992 0.00000000099999999992 
0.00375731352673411160 0.00000000099999999994 0.99335104781409466757 0.00000000099999999994 0.00289163565917131219 0.00000000099999999994 
0.00000000099999999981 0.01912059424685930847 0.98087940175314081159 0.00000000099999999981 0.00000000099999999981 0.00000000099999999981 
0.00000000099999999978 0.00004677304896427666 0.99995322295103572507 0.00000000099999999978 0.00000000099999999978 0.00000000099999999978 
0.00000000099999999973 0.04156847510630664461 0.95843152089369343383 0.00000000099999999973 0.00000000099999999973 0.00000000099999999973 
0.00208124318875664138 0.00000000099999999983 0.99791875281124331476 0.00000000099999999983 0.00000000099999999983 0.00000000099999999983 
0.00000000099999999969 0.00000000099999999969 0.99999999500000003039 0.00000000099999999969 0.00000000099999999969 0.00000000099999999969 
0.00000000099999999958 0.00000000099999999958 0.99999999499999991937 0.00000000099999999958 0.00000000099999999958 0.00000000099999999958 
0.00000000099999999999 0.00000000099999999999 0.99072531012700704167 0.00309976653411467209 0.00000000099999999999 0.00617492033887834160 
0.00000000099999999962 0.00000000099999999962 0.99999999500000003039 0.00000000099999999962 0.00000000099999999962 0.00000000099999999962 
0.00000000099999999997 0.01216593568379616824 0.98700319752617871050 0.00083086379002510224 0.00000000099999999997 0.00000000099999999997 
0.00000000099999999955 0.00000000099999999955 0.99999999499999991937 0.00000000099999999955 0.00000000099999999955 0.00000000099999999955 
0.00000000099999999985 0.00000000099999999985 0.99999999500000003039 0.00000000099999999985 0.00000000099999999985 0.00000000099999999985 
0.00000000099999999992 0.00526221518395390223 0.99326082088963807415 0.00000000099999999992 0.00147696092640791569 0.00000000099999999992 
0.00452363752445566255 0.01789889478574405168 0.97437453472170176827 0.00000000099999999998 0.00000000099999999998 0.00320293096809857103 
0.00000000099999999993 0.00000000099999999993 0.99829102414912396224 0.00000000099999999993 0.00170897185087591280 0.00000000099999999993 
0.00000000099999999988 0.00000000099999999988 0.99999999499999991937 0.00000000099999999988 0.00000000099999999988 0.00000000099999999988 
0.00000000099999999988 0.00583055471645360472 0.99285472393774509836 0.00000000099999999988 0.00131471834580137179 0.00000000099999999988 
0.00000000099999999993 0.01578227493527656691 0.98378432466496457121 0.00000000099999999993 0.00000000099999999993 0.00043339739975893366 
0.00000000099999999990 0.00894009601759175078 0.99105989998240828776 0.00000000099999999990 0.00000000099999999990 0.00000000099999999990 
0.00171618734973694588 0.00000000099999999991 0.99828380865026311586 0.00000000099999999991 0.00000000099999999991 0.00000000099999999991 
0.00000000099999999997 0.00070541741742878019 0.99067049093433579010 0.00000000099999999997 0.00000000099999999997 0.00862408864823562341 
0.00102083758620603285 0.00000000099999999997 0.99578843537155325993 0.00000000099999999997 0.00025045543342615712 0.00294026960881462341 
0.00452586989019872384 0.00517953847959587606 0.98969988947396092538 0.00059470015624444607 0.00000000099999999996 0.00000000099999999996 
0.00491364657101862543 0.08371045962803332074 0.89822873635878819343 0.00000000100000000000 0.00779876524187927533 0.00534839120028051968 
0.00000000099999999999 0.00992359119407811713 0.98646435969258172705 0.00134016657154362152 0.00000000099999999999 0.00227188054179660063 
0.00000000099999999999 0.02897991007151736603 0.96789888726371098304 0.00000000099999999999 0.00228499599919246158 0.00083620466557907732 
0.00000000099999999981 0.00000000099999999981 0.99999999500000003039 0.00000000099999999981 0.00000000099999999981 0.00000000099999999981 
0.00000000099999999959 0.00000000099999999959 0.99999999499999991937 0.00000000099999999959 0.00000000099999999959 0.00000000099999999959 
0.00090993538545539043 0.00000000099999999974 0.99909006061454463943 0.00000000099999999974 0.00000000099999999974 0.00000000099999999974 
0.00007829836398700368 0.00590887195426584473 0.99401282668174717472 0.00000000099999999993 0.00000000099999999993 0.00000000099999999993 
0.00000000099999999986 0.01012438852239789730 0.98987560747760217073 0.00000000099999999986 0.00000000099999999986 0.00000000099999999986 
0.00000000099999999991 0.00000000099999999991 0.99840182877954442020 0.00000000099999999991 0.00159816722045554569 0.00000000099999999991 
0.00000000099999999997 0.00000000099999999997 0.99347005085158490711 0.00241973804088621699 0.00411020810752886923 0.00000000099999999997 
0.00000000099999999991 0.00000000099999999991 0.99999999500000003039 0.00000000099999999991 0.00000000099999999991 0.00000000099999999991 
0.00137048278517107238 0.00000000100000000000 0.99249628110069365583 0.00000000100000000000 0.00398081566288515081 0.00215241845125016063 
0.00101450041464805395 0.00609057240106985077 0.99046742891415628929 0.00132098067398632424 0.00000000099999999998 0.00110651659613949008 
0.00221035609794692804 0.00000004125113986501 0.99107464464811423355 0.00000000099999999998 0.00671495600279905982 0.00000000099999999998 
0.01084923907750679102 0.00000000099999999997 0.98064720677246475233 0.00850355115002849812 0.00000000099999999997 0.00000000099999999997 
0.00000000099999999998 0.01099786736734655566 0.97440528831670525367 0.00000000099999999998 0.01459684131594829459 0.00000000099999999998 
0.00000000099999999993 0.00125460098385888502 0.99780303529559488673 0.00000000099999999993 0.00094236072054624360 0.00000000099999999993 
0.00000000099999999970 0.00000000099999999970 0.99999999499999991937 0.00000000099999999970 0.00000000099999999970 0.00000000099999999970 
