0.00000000099999999839 0.00000000099999999839 0.00000000099999999839 0.00000000099999999839 0.00000000099999999839 0.00000000099999999839 0.00000000099999999839 0.99999999199999989319 0.00000000099999999839 
0.00000000099999999848 0.00000000099999999848 0.00000000099999999848 0.00000000099999999848 0.00000000099999999848 0.00000000099999999848 0.00000000099999999848 0.99999999199999989319 0.00000000099999999848 
0.00000000099999999844 0.00000000099999999844 0.00000000099999999844 0.00000000099999999844 0.00000000099999999844 0.00000000099999999844 0.00000000099999999844 0.99999999200000000421 0.00000000099999999844 
0.00000000099999999848 0.00000000099999999848 0.00000000099999999848 0.00000000099999999848 0.00000000099999999848 0.00000000099999999848 0.00000000099999999848 0.99999999199999989319 0.00000000099999999848 
0.00000000099999999852 0.00000000099999999852 0.00000000099999999852 0.00000000099999999852 0.00000000099999999852 0.00000000099999999852 0.00000000099999999852 0.99999999199999989319 0.00000000099999999852 
0.00000000099999999852 0.00000000099999999852 0.00000000099999999852 0.00000000099999999852 0.00000000099999999852 0.00000000099999999852 0.00000000099999999852 0.99999999200000000421 0.00000000099999999852 
0.00000000099999999843 0.00000000099999999843 0.00000000099999999843 0.00000000099999999843 0.00000000099999999843 0.00000000099999999843 0.00000000099999999843 0.99999999200000000421 0.00000000099999999843 
0.00000000099999999857 0.00000000099999999857 0.00000000099999999857 0.00000000099999999857 0.00000000099999999857 0.00000000099999999857 0.00000000099999999857 0.99999999199999989319 0.00000000099999999857 
0.00000000099999999847 0.00000000099999999847 0.00000000099999999847 0.00000000099999999847 0.00000000099999999847 0.00000000099999999847 0.00000000099999999847 0.99999999200000000421 0.00000000099999999847 
0.00000000099999999855 0.00000000099999999855 0.00000000099999999855 0.00000000099999999855 0.00000000099999999855 0.00000000099999999855 0.00000000099999999855 0.99999999200000000421 0.00000000099999999855 
0.00000000099999999851 0.00000000099999999851 0.00000000099999999851 0.00000000099999999851 0.00000000099999999851 0.00000000099999999851 0.00000000099999999851 0.99999999200000000421 0.00000000099999999851 
0.00000000099999999878 0.00000000099999999878 0.00000000099999999878 0.00000000099999999878 0.00000000099999999878 0.00000000099999999878 0.00000000099999999878 0.99999999199999989319 0.00000000099999999878 
0.00000000099999999850 0.00000000099999999850 0.00000000099999999850 0.00000000099999999850 0.00000000099999999850 0.00000000099999999850 0.00000000099999999850 0.99999999199999989319 0.00000000099999999850 
0.00000000099999999846 0.00000000099999999846 0.00000000099999999846 0.00000000099999999846 0.00000000099999999846 0.00000000099999999846 0.00000000099999999846 0.99999999199999989319 0.00000000099999999846 
0.00000000099999999849 0.00000000099999999849 0.00000000099999999849 0.00000000099999999849 0.00000000099999999849 0.00000000099999999849 0.00000000099999999849 0.99999999199999989319 0.00000000099999999849 
0.00000000099999999849 0.00000000099999999849 0.00000000099999999849 0.00000000099999999849 0.00000000099999999849 0.00000000099999999849 0.00000000099999999849 0.99999999200000000421 0.00000000099999999849 
0.00000000099999999848 0.00000000099999999848 0.00000000099999999848 0.00000000099999999848 0.00000000099999999848 0.00000000099999999848 0.00000000099999999848 0.99999999199999989319 0.00000000099999999848 
0.00000000099999999859 0.00000000099999999859 0.00000000099999999859 0.00000000099999999859 0.00000000099999999859 0.00000000099999999859 0.00000000099999999859 0.99999999200000000421 0.00000000099999999859 
0.00000000099999999862 0.00000000099999999862 0.00000000099999999862 0.00000000099999999862 0.00000000099999999862 0.00000000099999999862 0.00000000099999999862 0.99999999200000000421 0.00000000099999999862 
0.00000000099999999860 0.00000000099999999860 0.00000000099999999860 0.00000000099999999860 0.00000000099999999860 0.00000000099999999860 0.00000000099999999860 0.99999999199999989319 0.00000000099999999860 
0.00000000099999999853 0.00000000099999999853 0.00000000099999999853 0.00000000099999999853 0.00000000099999999853 0.00000000099999999853 0.00000000099999999853 0.99999999199999989319 0.00000000099999999853 
0.00000000099999999855 0.00000000099999999855 0.00000000099999999855 0.00000000099999999855 0.00000000099999999855 0.00000000099999999855 0.00000000099999999855 0.99999999200000000421 0.00000000099999999855 
0.00000000099999999854 0.00000000099999999854 0.00000000099999999854 0.00000000099999999854 0.00000000099999999854 0.00000000099999999854 0.00000000099999999854 0.99999999199999989319 0.00000000099999999854 
0.00000000099999999855 0.00000000099999999855 0.00000000099999999855 0.00000000099999999855 0.00000000099999999855 0.00000000099999999855 0.00000000099999999855 0.99999999199999989319 0.00000000099999999855 
0.00000000099999999898 0.00000000099999999898 0.00000000099999999898 0.00000000099999999898 0.00000000099999999898 0.00000000099999999898 0.00000000099999999898 0.99999999199999989319 0.00000000099999999898 
0.00000000099999999853 0.00000000099999999853 0.00000000099999999853 0.00000000099999999853 0.00000000099999999853 0.00000000099999999853 0.00000000099999999853 0.99999999199999989319 0.00000000099999999853 
0.00000000099999999857 0.00000000099999999857 0.00000000099999999857 0.00000000099999999857 0.00000000099999999857 0.00000000099999999857 0.00000000099999999857 0.99999999200000000421 0.00000000099999999857 
0.00000000099999999861 0.00000000099999999861 0.00000000099999999861 0.00000000099999999861 0.00000000099999999861 0.00000000099999999861 0.00000000099999999861 0.99999999199999989319 0.00000000099999999861 
0.00000000099999999861 0.00000000099999999861 0.00000000099999999861 0.00000000099999999861 0.00000000099999999861 0.00000000099999999861 0.00000000099999999861 0.99999999200000000421 0.00000000099999999861 
0.00000000099999999857 0.00000000099999999857 0.00000000099999999857 0.00000000099999999857 0.00000000099999999857 0.00000000099999999857 0.00000000099999999857 0.99999999199999989319 0.00000000099999999857 
0.00000000099999999879 0.00000000099999999879 0.00000000099999999879 0.00000000099999999879 0.00000000099999999879 0.00000000099999999879 0.00000000099999999879 0.99999999200000000421 0.00000000099999999879 
0.00000000099999999901 0.00000000099999999901 0.00000000099999999901 0.00000000099999999901 0.00000000099999999901 0.00000000099999999901 0.00000000099999999901 0.99999999199999989319 0.00000000099999999901 
0.00000000099999999872 0.00000000099999999872 0.00000000099999999872 0.00000000099999999872 0.00000000099999999872 0.00000000099999999872 0.00000000099999999872 0.99999999200000000421 0.00000000099999999872 
0.00000000099999999891 0.00000000099999999891 0.00000000099999999891 0.00000000099999999891 0.00000000099999999891 0.00000000099999999891 0.00000000099999999891 0.99999999199999989319 0.00000000099999999891 
0.00000000099999999873 0.00000000099999999873 0.00000000099999999873 0.00000000099999999873 0.00000000099999999873 0.00000000099999999873 0.00000000099999999873 0.99999999199999989319 0.00000000099999999873 
0.00000000099999999884 0.00000000099999999884 0.00000000099999999884 0.00000000099999999884 0.00000000099999999884 0.00000000099999999884 0.00000000099999999884 0.99999999199999989319 0.00000000099999999884 
0.00000000099999999876 0.00000000099999999876 0.00000000099999999876 0.00000000099999999876 0.00000000099999999876 0.00000000099999999876 0.00000000099999999876 0.99999999199999989319 0.00000000099999999876 
0.00000000099999999877 0.00000000099999999877 0.00000000099999999877 0.00000000099999999877 0.00000000099999999877 0.00000000099999999877 0.00000000099999999877 0.99999999199999989319 0.00000000099999999877 
0.00000000099999999883 0.00000000099999999883 0.00000000099999999883 0.00000000099999999883 0.00000000099999999883 0.00000000099999999883 0.00000000099999999883 0.99999999199999989319 0.00000000099999999883 
0.00000000099999999905 0.00000000099999999905 0.00000000099999999905 0.00000000099999999905 0.00000000099999999905 0.00000000099999999905 0.00000000099999999905 0.99999999199999989319 0.00000000099999999905 
0.00000000099999999873 0.00000000099999999873 0.00000000099999999873 0.00000000099999999873 0.00000000099999999873 0.00000000099999999873 0.00000000099999999873 0.99999999200000000421 0.00000000099999999873 
0.00000000099999999890 0.00000000099999999890 0.00000000099999999890 0.00000000099999999890 0.00000000099999999890 0.00000000099999999890 0.00000000099999999890 0.99999999199999989319 0.00000000099999999890 
0.00000000099999999878 0.00000000099999999878 0.00000000099999999878 0.00000000099999999878 0.00000000099999999878 0.00000000099999999878 0.00000000099999999878 0.99999999199999989319 0.00000000099999999878 
0.00000000099999999875 0.00000000099999999875 0.00000000099999999875 0.00000000099999999875 0.00000000099999999875 0.00000000099999999875 0.00000000099999999875 0.99999999200000000421 0.00000000099999999875 
0.00000000099999999889 0.00000000099999999889 0.00000000099999999889 0.00000000099999999889 0.00000000099999999889 0.00000000099999999889 0.00000000099999999889 0.99999999200000000421 0.00000000099999999889 
0.00000000099999999879 0.00000000099999999879 0.00000000099999999879 0.00000000099999999879 0.00000000099999999879 0.00000000099999999879 0.00000000099999999879 0.99999999199999989319 0.00000000099999999879 
0.00000000099999999885 0.00000000099999999885 0.00000000099999999885 0.00000000099999999885 0.00000000099999999885 0.00000000099999999885 0.00000000099999999885 0.99999999200000000421 0.00000000099999999885 
0.00000000099999999909 0.00000000099999999909 0.00000000099999999909 0.00000000099999999909 0.00000000099999999909 0.00000000099999999909 0.00000000099999999909 0.99999999200000000421 0.00000000099999999909 
0.00000000099999999912 0.00000000099999999912 0.00000000099999999912 0.00000000099999999912 0.00000000099999999912 0.00000000099999999912 0.00000000099999999912 0.99999999200000000421 0.00000000099999999912 
0.00000000099999999926 0.00000000099999999926 0.00000000099999999926 0.00000000099999999926 0.00000000099999999926 0.00000000099999999926 0.00000000099999999926 0.99999999200000000421 0.00000000099999999926 
0.00000000099999999956 0.00000000099999999956 0.00000000099999999956 0.00000000099999999956 0.00000000099999999956 0.00000000099999999956 0.00000000099999999956 0.99999999200000000421 0.00000000099999999956 
0.00000000099999999936 0.00000000099999999936 0.00000000099999999936 0.00000000099999999936 0.00000000099999999936 0.85023257659027562383 0.00000000099999999936 0.00000000099999999936 0.14976741640972451863 
0.00000000099999999910 0.00000000099999999910 0.00000000099999999910 0.00000000099999999910 0.00000000099999999910 0.80677841462595956123 0.00000000099999999910 0.00000000099999999910 0.19322157837404047021 
0.00000000099999999950 0.00000000099999999950 0.00000000099999999950 0.00000000099999999950 0.00000000099999999950 0.80160064031346012214 0.00000000099999999950 0.00000000099999999950 0.19839935268653988154 
0.00000000099999999889 0.00000000099999999889 0.00000000099999999889 0.00000000099999999889 0.00287983344085452958 0.84886329001215266032 0.00000000099999999889 0.00000000099999999889 0.14825687054699288048 
0.00000000099999999901 0.00000000099999999901 0.00000000099999999901 0.00000000099999999901 0.00000377478119292742 0.87455603642894996774 0.00000000099999999901 0.00000000099999999901 0.12544018278985730186 
0.00000000099999999882 0.00000000099999999882 0.00000000099999999882 0.00000000099999999882 0.00000000099999999882 0.84979015662208623461 0.00000000099999999882 0.00000000099999999882 0.15020983637791393561 
0.00000000099999999924 0.00000000099999999924 0.00000000099999999924 0.00000000099999999924 0.03362834084544099461 0.81533428147464470648 0.00000000099999999924 0.00000000099999999924 0.15103737167991437840 
0.00000000099999999894 0.00000000099999999894 0.00000000099999999894 0.00000000099999999894 0.00000000099999999894 0.86728337524510279444 0.00000000099999999894 0.00000000099999999894 0.13271661775489734802 
0.00000000099999999918 0.00000000099999999918 0.00000000099999999918 0.00000000099999999918 0.01999737400978950780 0.80994044647363905298 0.00000000099999999918 0.00000000099999999918 0.17006217351657162973 
0.00928108779817295691 0.00000000099999999956 0.00000000099999999956 0.00000000099999999956 0.00000000099999999956 0.85539765081187313367 0.00000000099999999956 0.00000000099999999956 0.13532125538995387615 
0.00000000099999999901 0.00000000099999999901 0.00000000099999999901 0.00000000099999999901 0.00000000099999999901 0.84821751228323849503 0.00000000099999999901 0.00000000099999999901 0.15178248071676153641 
0.00000000099999999895 0.00000000099999999895 0.00000000099999999895 0.00000000099999999895 0.00075668766526766488 0.83422900762587282042 0.00000000099999999895 0.00000000099999999895 0.16501429870885966911 
0.00968930800738921315 0.00000000099999999944 0.00000000099999999944 0.00000000099999999944 0.00002122465633036291 0.80806482324237227655 0.00000000099999999944 0.00000000099999999944 0.18222463909390820835 
0.00000000099999999920 0.00000000099999999920 0.00000000099999999920 0.00000000099999999920 0.02248329333795157786 0.81784436929958537199 0.00000000099999999920 0.00000000099999999920 0.15967233136246308800 
0.00000000099999999956 0.00000000099999999956 0.00000000099999999956 0.00000000099999999956 0.00000020821921888741 0.87653405281923291170 0.00000000099999999956 0.00000000099999999956 0.12346573296154833566 
0.00000000099999999882 0.00000000099999999882 0.00000000099999999882 0.00000000099999999882 0.00000000099999999882 0.86465942075486068585 0.00000000099999999882 0.00000000099999999882 0.13534057224513934559 
0.00000000099999999936 0.00000000099999999936 0.00000000099999999936 0.00000000099999999936 0.01149176700901614022 0.74848636996336703753 0.00000000099999999936 0.00000000099999999936 0.24002185702761688613 
0.00000000099999999952 0.00000000099999999952 0.00000000099999999952 0.00000000099999999952 0.00000000099999999952 0.80180095442067800260 0.00000000099999999952 0.00000000099999999952 0.19819903857932216762 
0.00000000099999999911 0.00000000099999999911 0.00000000099999999911 0.00000000099999999911 0.00000000099999999911 0.83869267954917814389 0.00000000099999999911 0.00000000099999999911 0.16130731345082205408 
0.00000000099999999910 0.00000000099999999910 0.00000000099999999910 0.00000000099999999910 0.00000000099999999910 0.84449529545213697368 0.00000000099999999910 0.00000000099999999910 0.15550469754786305776 
0.00000000099999999916 0.00000000099999999916 0.00000000099999999916 0.00000000099999999916 0.02494523777387378308 0.78715884712274752921 0.00000000099999999916 0.00000000099999999916 0.18789590910337888863 
0.00000000099999999887 0.00000000099999999887 0.00000000099999999887 0.00000000099999999887 0.00000000099999999887 0.82318288869029265786 0.00000000099999999887 0.00000000099999999887 0.17681710430970740133 
0.00000000099999999914 0.00000000099999999914 0.00000000099999999914 0.00000000099999999914 0.00000000099999999914 0.84325203553928684830 0.00000000099999999914 0.00000000099999999914 0.15674795746071323865 
0.00000000099999999918 0.00000000099999999918 0.00000000099999999918 0.00000000099999999918 0.00000000099999999918 0.78522598631886042497 0.00000000099999999918 0.00000000099999999918 0.21477400668113974525 
0.00000000099999999947 0.00000000099999999947 0.00000000099999999947 0.00000000099999999947 0.00000166204192977088 0.77595822212395026973 0.00000000099999999947 0.00000000099999999947 0.22404010983412006586 
0.00000000099999999902 0.00000000099999999902 0.00000000099999999902 0.00000000099999999902 0.00000000099999999902 0.84241712702709903304 0.00000000099999999902 0.00000000099999999902 0.15758286597290108166 
0.00000000099999999918 0.00000000099999999918 0.00000000099999999918 0.00000000099999999918 0.00000000099999999918 0.79271936810342047419 0.00000000099999999918 0.00000000099999999918 0.20728062489657964051 
0.00000000099999999986 0.00431542602521722135 0.00000000099999999986 0.00000000099999999986 0.00000000099999999986 0.77517937318497909249 0.00000000099999999986 0.00017493792612158465 0.22033025786368204413 
0.00000000099999999962 0.00000000099999999962 0.00000000099999999962 0.00000000099999999962 0.00000000099999999962 0.85028956808915479026 0.00000000099999999962 0.00000000099999999962 0.14971042491084529669 
0.00000000099999999926 0.00000000099999999926 0.00000000099999999926 0.00000000099999999926 0.00000000099999999926 0.80590394057188452503 0.00000000099999999926 0.00000000099999999926 0.19409605242811542314 
0.00000000099999999903 0.00000000099999999903 0.00000000099999999903 0.00000000099999999903 0.00000000099999999903 0.85228763344327596041 0.00000000099999999903 0.00000000099999999903 0.14771235955672404327 
0.00450640333090472547 0.00000000099999999973 0.00000000099999999973 0.00000000099999999973 0.00000000099999999973 0.85992342212792682865 0.00000000099999999973 0.00000000099999999973 0.13557016854116862858 
0.00000000099999999957 0.00000000099999999957 0.00000000099999999957 0.00000000099999999957 0.00998991976445976447 0.71044209952729919788 0.00000000099999999957 0.00000000099999999957 0.27956797470824118479 
0.00000000099999999952 0.00000000099999999952 0.00000000099999999952 0.00000000099999999952 0.01607629885147220106 0.78925674035095072512 0.00000000099999999952 0.00000000099999999952 0.19466695479757709086 
0.00000000099999999936 0.00000000099999999936 0.00000000099999999936 0.00000000099999999936 0.03727985533967507342 0.74473787040440875273 0.00000000099999999936 0.00000000099999999936 0.21798226825591629496 
0.00000000099999999948 0.00000000099999999948 0.00000000099999999948 0.00000000099999999948 0.03125825355039088538 0.80210168102371437460 0.00000000099999999948 0.00000000099999999948 0.16664005942589490972 
0.00000000099999999936 0.00000000099999999936 0.00000000099999999936 0.00000000099999999936 0.00000000446409847430 0.77657926426501144856 0.00000000099999999936 0.00000000099999999936 0.22342072527089015810 
0.00000000099999999936 0.00000000099999999936 0.00000000099999999936 0.00000000099999999936 0.00003000146830787446 0.77414838892649429081 0.00000000099999999936 0.00000000099999999936 0.22582160360519795694 
0.00000000099999999938 0.00000000099999999938 0.00000000099999999938 0.00000000099999999938 0.01617733511439549757 0.72563876073979927117 0.00000000099999999938 0.00000000099999999938 0.25818389814580527952 
0.00000000099999999981 0.00000000099999999981 0.00000000099999999981 0.00000000099999999981 0.02190475002600815110 0.85682849710942510235 0.00000000099999999981 0.00000000099999999981 0.12126674686456680174 
0.00000000099999999944 0.00000000099999999944 0.00000000099999999944 0.00000000099999999944 0.00000000099999999944 0.86028948213519429444 0.00000000099999999944 0.00000000099999999944 0.13971051086480576475 
0.00000000099999999974 0.00000000099999999974 0.00000000099999999974 0.00000000099999999974 0.02071833914845392852 0.85068035419448218004 0.00000000099999999974 0.00000000099999999974 0.12860130065706396052 
0.00000000099999999932 0.00000000099999999932 0.00000000099999999932 0.00000000099999999932 0.00000000099999999932 0.84642015335580400581 0.00000000099999999932 0.00000000099999999932 0.15357983964419599787 
0.00000000099999999913 0.00000000099999999913 0.00000000099999999913 0.00000000099999999913 0.01616921870449324755 0.77373975478399570349 0.00000000099999999913 0.00000000099999999913 0.21009102051151107293 
0.00000000099999999913 0.00000000099999999913 0.00000000099999999913 0.00000000099999999913 0.00033859517281566843 0.77079435306091426128 0.00000000099999999913 0.00000000099999999913 0.22886704576627001084 
0.00000000099999999918 0.00000000099999999918 0.00000000099999999918 0.00000000099999999918 0.00000000099999999918 0.79188029490543165867 0.00000000099999999918 0.00000000099999999918 0.20811969809456834501 
0.00000000099999999919 0.00000000099999999919 0.00000000099999999919 0.00000000099999999919 0.00938975247590923857 0.81441962750200458387 0.00000000099999999919 0.00000000099999999919 0.17619061402208610612 
0.00000000099999999953 0.00000000099999999953 0.00000000099999999953 0.00000000099999999953 0.00000100688207963425 0.78004148819928587066 0.00000000099999999953 0.00000000099999999953 0.21995749891863441983 
0.00000000099999999914 0.00000000099999999914 0.00000000099999999914 0.00000000099999999914 0.02618386769533774874 0.78406602447350159935 0.00000000099999999914 0.00000000099999999914 0.18975010183116058915 
0.00000000099999999937 0.00000000099999999937 0.00000000099999999937 0.00000000099999999937 0.00000000099999999937 0.76332692768864662813 0.00000000099999999937 0.00000000099999999937 0.23667306531135345882 
0.00000000099999999917 0.00000000099999999917 0.00000000099999999917 0.00000000099999999917 0.04335611710916831979 0.76693174313935408293 0.00000000099999999917 0.00000000099999999917 0.18971213375147760738 
0.00000000099999999927 0.00000000099999999927 0.00000000099999999927 0.00000000099999999927 0.00000000099999999927 0.77842662240844695543 0.00000000099999999927 0.00000000099999999927 0.22157337059155315928 
0.00000000099999999941 0.00000000099999999941 0.00000000099999999941 0.00000000099999999941 0.00000000230067904145 0.87831568488563238617 0.00000000099999999941 0.00000000099999999941 0.12168430681368858082 
0.00000000099999999943 0.00000000099999999943 0.00000000099999999943 0.00000000099999999943 0.00000000099999999943 0.87590085025637165472 0.00000000099999999943 0.00000000099999999943 0.12409914274362840447 
0.00000000099999999922 0.00000000099999999922 0.00000000099999999922 0.00000000099999999922 0.03567309963667030653 0.79076420693971360976 0.00000000099999999922 0.00000000099999999922 0.17356268742361616320 
0.00000000099999999930 0.00000000099999999930 0.00000000099999999930 0.00000000099999999930 0.03650993361830783684 0.81139495383668036599 0.00000000099999999930 0.00000000099999999930 0.15209510654501182114 
0.00000000099999999947 0.00000000099999999947 0.00000000099999999947 0.00000000099999999947 0.00191451450717235183 0.83284293536118181311 0.00000000099999999947 0.00000000099999999947 0.16524254413164582433 
0.00000000099999999951 0.00000000099999999951 0.00000000099999999951 0.00000000099999999951 0.00299393521408632384 0.84606068134074641218 0.00000000099999999951 0.00000000099999999951 0.15094537744516725586 
0.00000000099999999911 0.00000000099999999911 0.00000000099999999911 0.00000000099999999911 0.03431949679803281139 0.83314243392818143619 0.00000000099999999911 0.00000000099999999911 0.13253806327378586660 
0.00000000099999999941 0.00000000099999999941 0.00000000099999999941 0.00000000099999999941 0.00000000099999999941 0.88968000636616373367 0.00000000099999999941 0.00000000099999999941 0.11031998663383640880 
0.00000000099999999916 0.00000000099999999916 0.00000000099999999916 0.00000000099999999916 0.00702292514634946918 0.82774213094318471740 0.00000000099999999916 0.00000000099999999916 0.16523493791046595103 
0.00000000099999999961 0.00000000099999999961 0.00000000099999999961 0.00000000099999999961 0.00000000099999999961 0.83328313068817849718 0.00000000099999999961 0.00000000099999999961 0.16671686231182158977 
0.00000000099999999948 0.00000000099999999948 0.00000000099999999948 0.00000000099999999948 0.00000000099999999948 0.86697173026430163212 0.00000000099999999948 0.00000000099999999948 0.13302826273569839932 
0.00000000099999999963 0.00000000099999999963 0.00000000099999999963 0.00000000099999999963 0.00000000099999999963 0.85394505242819818136 0.00000000099999999963 0.00000000099999999963 0.14605494057180204437 
0.00000000099999999928 0.00000000099999999928 0.00000000099999999928 0.00000000099999999928 0.03077533184260390978 0.81380046748605461282 0.00000000099999999928 0.00000000099999999928 0.15542419467134155342 
0.00000000099999999974 0.00000000099999999974 0.00000000099999999974 0.00000000099999999974 0.00000000099999999974 0.83232336228999659333 0.00000000099999999974 0.00000000099999999974 0.16767663071000338260 
0.00395983173783709744 0.00241216965180384487 0.00000000099999999995 0.00000000099999999995 0.01177676423056432144 0.87069940982883031744 0.00000000099999999995 0.00295575744344389948 0.10819606410752055647 
0.00000000099999999971 0.00000000099999999971 0.00783055811790148507 0.00000000099999999971 0.01733599782359163469 0.79801191096218904164 0.00000000099999999971 0.00000000099999999971 0.17682152809631784818 
0.00000000099999999982 0.00000000099999999982 0.00592921032829828772 0.00000000099999999982 0.00991701636930963568 0.80640243428310331986 0.00000000099999999982 0.00000000099999999982 0.17775133401928877586 
0.00000000099999999986 0.00000000099999999986 0.00000000099999999986 0.00000000099999999986 0.00461187523258305143 0.83583329060088762397 0.00232844866401052701 0.00000000099999999986 0.15722638050251880326 
0.00143754909626633105 0.00000000099999999990 0.00000000099999999990 0.00000000099999999990 0.01950155314757238967 0.77826497836761321381 0.00000000099999999990 0.00287717609952084855 0.19791873928902725677 
0.00125107834557985432 0.00111346187825653526 0.00000000099999999989 0.00000000099999999989 0.01903095014537722549 0.85528111561914410554 0.00000000099999999989 0.00150892678894091635 0.12181446422270146568 
0.00000000099999999927 0.00000000099999999927 0.00000000099999999927 0.00000000099999999927 0.98982912379935927838 0.00000000099999999927 0.00000000099999999927 0.00000000099999999927 0.01017086920064068020 
0.00000000099999999929 0.00000000099999999929 0.00000000099999999929 0.00000000099999999929 0.99999999200000011523 0.00000000099999999929 0.00000000099999999929 0.00000000099999999929 0.00000000099999999929 
0.00000000099999999951 0.00000000099999999951 0.00000000099999999951 0.00000000099999999951 0.99309565332518967562 0.00000773588444778549 0.00000000099999999951 0.00000000099999999951 0.00689660479036274809 
0.00000000099999999981 0.00000000099999999981 0.00000000099999999981 0.00000000099999999981 0.99999999200000011523 0.00000000099999999981 0.00000000099999999981 0.00000000099999999981 0.00000000099999999981 
0.00000000099999999922 0.00000000099999999922 0.00000000099999999922 0.00000000099999999922 0.99401449745351055931 0.00000000099999999922 0.00000000099999999922 0.00000000099999999922 0.00598549554648958142 
0.00000000099999999936 0.00000000099999999936 0.00000000099999999936 0.00000000099999999936 0.99996740384928262113 0.00000000099999999936 0.00000000099999999936 0.00000000099999999936 0.00003258915071738822 
0.00000000099999999949 0.00000000099999999949 0.00000000099999999949 0.00000000099999999949 0.99439386471692992053 0.00000000099999999949 0.00000000099999999949 0.00000000099999999949 0.00560612828307011177 
0.00000000099999999940 0.00000000099999999940 0.00000000099999999940 0.00000000099999999940 0.99281682003178206575 0.00000000099999999940 0.00000000099999999940 0.00000000099999999940 0.00718317296821804202 
0.00000000099999999930 0.00000000099999999930 0.00000000099999999930 0.00000000099999999930 0.99524927626962644833 0.00000000099999999930 0.00000000099999999930 0.00000000099999999930 0.00475071673037376178 
0.00000000099999999967 0.00000000099999999967 0.00000000099999999967 0.00000000099999999967 0.99999999200000011523 0.00000000099999999967 0.00000000099999999967 0.00000000099999999967 0.00000000099999999967 
0.00000000099999999932 0.00000000099999999932 0.00000000099999999932 0.00000000099999999932 0.99999999200000000421 0.00000000099999999932 0.00000000099999999932 0.00000000099999999932 0.00000000099999999932 
0.00000000099999999925 0.00000000099999999925 0.00000000099999999925 0.00000000099999999925 0.98130578009929092520 0.01519701994387864970 0.00000000099999999925 0.00000000099999999925 0.00349719395683052410 
0.00000000099999999929 0.00000000099999999929 0.00000000099999999929 0.00000000099999999929 0.99999999200000011523 0.00000000099999999929 0.00000000099999999929 0.00000000099999999929 0.00000000099999999929 
0.00000000099999999938 0.00000000099999999938 0.00000000099999999938 0.00000000099999999938 0.99522569650659742369 0.00477429649340268582 0.00000000099999999938 0.00000000099999999938 0.00000000099999999938 
0.00000000099999999961 0.00000000099999999961 0.00000000099999999961 0.00000000099999999961 0.99895971965430285788 0.00000000099999999961 0.00000000099999999961 0.00104027334569710807 0.00000000099999999961 
0.00000000099999999940 0.00000000099999999940 0.00000000099999999940 0.00000000099999999940 0.96289323269834370400 0.00000000099999999940 0.00000000099999999940 0.00000000099999999940 0.03710676030165638989 
0.00000000099999999951 0.00000000099999999951 0.00000000099999999951 0.00000000099999999951 0.99007699728021103525 0.00988221070463202352 0.00000000099999999951 0.00000000099999999951 0.00004078601515701571 
0.00000000099999999905 0.00000000099999999905 0.00000000099999999905 0.00000000099999999905 0.99999999200000000421 0.00000000099999999905 0.00000000099999999905 0.00000000099999999905 0.00000000099999999905 
0.00000000099999999996 0.00155491145163072064 0.00000000099999999996 0.00044227573158496096 0.94515715245944531553 0.02836952345664886174 0.00000007739696041118 0.00030330562207069451 0.02417275188165912692 
0.00000000099999999978 0.00000000099999999978 0.00000000099999999978 0.00000000099999999978 0.92211297608670750314 0.00381192781060157295 0.00238086622964196835 0.00000000099999999978 0.07169422487304889791 
0.00000000099999999968 0.00000000099999999968 0.00000000099999999968 0.00000000099999999968 0.96502960655833436299 0.03497038644166567539 0.00000000099999999968 0.00000000099999999968 0.00000000099999999968 
0.00000000099999999988 0.00000000099999999988 0.00000000099999999988 0.00000000099999999988 0.92513685241883736321 0.00000000443844056646 0.00840386655326128863 0.00000000099999999988 0.06645927158946082769 
0.00451943055752409163 0.00000000099999999963 0.00000000099999999963 0.00000000099999999963 0.88407438292621953746 0.04882543827936220576 0.00000000099999999963 0.00000000099999999963 0.06258074323689422069 
0.00643202957401756235 0.00000000099999999968 0.00000000099999999968 0.00000000099999999968 0.89729960447904144605 0.02326144963013004885 0.00000000099999999968 0.00000000099999999968 0.07300691131681107116 
0.00000000099999999991 0.00109395819142219896 0.00000000099999999991 0.00000000099999999991 0.96255678512472031549 0.01431406708693809191 0.00000000099999999991 0.00014705045077788884 0.02188813514614158448 
0.00000000099999999977 0.00000000099999999977 0.00000000099999999977 0.00000000099999999977 0.92123102110151511290 0.00000011962022513437 0.00471606650338879732 0.00000000099999999977 0.07405278777487092623 
0.00000000099999999978 0.00000000099999999978 0.00000000099999999978 0.00000000099999999978 0.93127524799094596464 0.00935383366262703721 0.00361808306390378137 0.00000000099999999978 0.05575283028252325107 
0.00341997483345819276 0.00000000099999999962 0.00000000099999999962 0.00000000099999999962 0.94909518724979768933 0.00000000251544546279 0.00000000099999999962 0.00000000099999999962 0.04748483040129870825 
0.00000000099999999979 0.00000000099999999979 0.00176662213447428070 0.00000000099999999979 0.96312839409376949096 0.00000000099999999979 0.00000000099999999979 0.00000000099999999979 0.03510497777175646678 
0.00000000099999999968 0.00000000099999999968 0.00000000099999999968 0.00000000099999999968 0.92239256960855087186 0.00000122692522021629 0.00000000099999999968 0.00000000099999999968 0.07760619746622898774 
0.00366451056111401566 0.00000000099999999959 0.00000000099999999959 0.00000000099999999959 0.93344966873294554777 0.00000000099999999959 0.00000000099999999959 0.00000000099999999959 0.06288581470594058198 
0.00000000099999999976 0.00000000099999999976 0.00000000099999999976 0.00000000099999999976 0.87068930593158877507 0.07659628079090723130 0.00568955539893725454 0.00000000099999999976 0.04702485287856664198 
0.01213441724623949905 0.00000000099999999967 0.00000000099999999967 0.00000000099999999967 0.92003170145328672103 0.00003053906643787560 0.00000000099999999967 0.00000000099999999967 0.06780333723403592083 
0.00000000099999999982 0.00000000099999999982 0.00000000099999999982 0.00000000099999999982 0.95113660259675236741 0.01285061981957497101 0.00000000099999999982 0.00000000099999999982 0.03601277158367273412 
0.00000000099999999961 0.00000000099999999961 0.00000000099999999961 0.00000000099999999961 0.90283659738121035954 0.00000000099999999961 0.00000000099999999961 0.00000000099999999961 0.09716339561878968578 
0.00000000099999999941 0.00000000099999999941 0.00000000099999999941 0.00000000099999999941 0.88163674854925289104 0.03991153394516711722 0.00000000099999999941 0.00000000099999999941 0.07845171150558004347 
0.00122943542375791230 0.00000000099999999977 0.00000000099999999977 0.00000000099999999977 0.88683506876781126316 0.05544762098028425262 0.00000000099999999977 0.00000000099999999977 0.05648786982814673480 
0.01120658676848255118 0.00000000099999999997 0.00000000099999999997 0.00000000099999999997 0.77223405179207071924 0.15534701204125575535 0.00000000099999999997 0.00000000099999999997 0.06121234439819097511 
0.00422352037871799590 0.00000000099999999999 0.00000000099999999999 0.00000000099999999999 0.50180035545181644885 0.31014838176517905977 0.00000000099999999999 0.00000000099999999999 0.18382773740428662301 
0.03174468932328985277 0.00000000099999999998 0.00000000099999999998 0.00000000099999999998 0.65976050334622127203 0.22729139923481131436 0.00000000099999999998 0.00000000099999999998 0.08120340309567761206 
0.00000000099999999956 0.00000000099999999956 0.00000000099999999956 0.00000000099999999956 0.90348907141414458444 0.02610651071753226221 0.00000000099999999956 0.00619781505355407152 0.06420659781476914518 
0.01896461372125586575 0.00000000099999999997 0.00000000099999999997 0.00000000099999999997 0.75000023821484096409 0.12959234379671100146 0.00000000099999999997 0.00000000099999999997 0.10144279926719204643 
0.00000000099999999998 0.00000000099999999998 0.00000000099999999998 0.00238215364556979177 0.37778912564417527209 0.35478765851149668409 0.00000000099999999998 0.00000000099999999998 0.26504105719875836744 
0.00000000099999999980 0.00000000099999999980 0.00000000099999999980 0.00000000099999999980 0.94875682392075544325 0.03613606402972852072 0.00000000099999999980 0.00000000099999999980 0.01510710604951611379 
0.00104251782826890026 0.00000000099999999998 0.00000000099999999998 0.00000000099999999998 0.55352672222592291806 0.43558933254370729715 0.00000000099999999998 0.00984093332177300197 0.00000049008032788563 
0.00000000099999999980 0.00000000099999999980 0.00000000099999999980 0.00000000099999999980 0.86825947098891587128 0.07700666099539782428 0.00000000099999999980 0.01584546713996710585 0.03888839587571924633 
0.00000000099999999988 0.00000000099999999988 0.00000000099999999988 0.00000000099999999988 0.95750049834688244488 0.02248078024024285221 0.00000000099999999988 0.00194164037666332044 0.01807707603621157982 
0.00000000099999999955 0.00000000099999999955 0.00000000099999999955 0.00000000099999999955 0.88870728697129908191 0.08858782826706700086 0.00000000099999999955 0.00840742551937158009 0.01429745424226232242 
0.00000000099999999990 0.00000000099999999990 0.00000000099999999990 0.00000000099999999990 0.89268587712287517100 0.08450293676381925856 0.00057482671011870544 0.00146820934869324165 0.02076814605449353243 
0.00000000099999999918 0.00000000099999999918 0.00000000099999999918 0.00000000099999999918 0.91641235319803404646 0.04064429235401598867 0.00000000099999999918 0.00000000099999999918 0.04294334844795005129 
0.00000000099999999947 0.00000000099999999947 0.00000000099999999947 0.00000000099999999947 0.95022537746863211527 0.03394977114351323266 0.00000000099999999947 0.00000000099999999947 0.01582484538785474890 
0.00000000099999999982 0.00000000099999999982 0.00000000099999999982 0.00000000099999999982 0.20296374199529454430 0.74876681946975309767 0.00000000099999999982 0.00000000099999999982 0.04826943253495236813 
0.00000000099999999962 0.00000000099999999962 0.00000000099999999962 0.00000000099999999962 0.24332500525398456648 0.71426049234816857414 0.00000000099999999962 0.00000000099999999962 0.04241449639784685560 
0.00000000099999999995 0.26133597934709401622 0.00355228876278930331 0.06786307676263284017 0.21369176442010429096 0.41998230707668227080 0.00000000099999999995 0.00000000099999999995 0.03357458063069723025 
0.00000000099999999994 0.00255538571184202703 0.00000000099999999994 0.00000000099999999994 0.21753060596699003160 0.70068507318313244525 0.00000000099999999994 0.00355895154787254277 0.07566997959016302788 
0.00000000099999999985 0.00000000099999999985 0.00392103213191420490 0.00000000099999999985 0.18358227255973863512 0.75780798586419717555 0.00000000099999999985 0.00008045834493359843 0.05460824709921633519 
0.00000000099999999998 0.29361732693224279478 0.00000063142446186132 0.05146200234874136886 0.17169236559247874618 0.46115604820318634172 0.00000000099999999998 0.00000000099999999998 0.02207162249888884945 
0.00000000099999999996 0.22926171324803396034 0.00000000099999999996 0.04115551516843350688 0.16573352780220287905 0.50441967457249803353 0.00000000099999999996 0.00000000099999999996 0.05942956520883174026 
0.00000000099999999996 0.23788388671801669050 0.00511314188494313079 0.02251404020347625920 0.19610835284343947071 0.51755062842035370885 0.00000000099999999996 0.00000000099999999996 0.02082994692977083173 
0.00000000099999999994 0.21996013313638101971 0.02670694512039199775 0.00000000099999999994 0.19453357051874922701 0.53211638941911931777 0.00000000099999999994 0.00000000099999999994 0.02668295780535856476 
0.00000000099999999984 0.16862102877500104170 0.10840129114374806585 0.00000000099999999984 0.11132638934872284009 0.56538174008214803212 0.00000000099999999984 0.00000000099999999984 0.04626954665038002235 
0.00000000099999999945 0.00000000099999999945 0.00000000099999999945 0.00000000099999999945 0.21247328619041760955 0.74840062059034884179 0.00000000099999999945 0.00000000099999999945 0.03912608721923352406 
0.00000000099999999992 0.26328869735750232151 0.03037658678537772869 0.00000000099999999992 0.09793315908024610716 0.60466293931479953017 0.00000000099999999992 0.00000000099999999992 0.00373861346207420876 
0.00000000099999999996 0.00430897092299945429 0.00089422835217022707 0.00000000099999999996 0.18508801731325594253 0.75163909331637257516 0.00112474468466343229 0.00413559320268974857 0.05280935020784868067 
0.00000000099999999998 0.29528687066337827583 0.00145518219498406965 0.02282862518334899393 0.13553023796943580725 0.49734613286427109546 0.00000000099999999998 0.00000000099999999998 0.04755294812458179393 
0.00000000099999999953 0.00000000099999999953 0.00000000099999999953 0.00000000099999999953 0.17227634222037646605 0.77399789785947681331 0.00000000099999999953 0.00000000099999999953 0.05372575392014677931 
0.00000000099999999950 0.00000000099999999950 0.00000000099999999950 0.00000000099999999950 0.19348744534048378796 0.73515409354805372200 0.00000000099999999950 0.00000000099999999950 0.07135845511146250708 
0.00000881347032287674 0.29289793058884505683 0.00994873653337660646 0.00000000099999999997 0.03143092545181971204 0.63819360000528368992 0.00000000099999999997 0.00219888536302759391 0.02532110658732440733 
0.00000000099999999940 0.00000000099999999940 0.00000000099999999940 0.00000000099999999940 0.21919800199484620884 0.73844409665942634113 0.00000000099999999940 0.00000000099999999940 0.04235789534572755727 
