0.00000000099999999845 0.00000000099999999845 0.00000000099999999845 0.99999999299999997593 0.00000000099999999845 0.00000000099999999845 0.00000000099999999845 0.00000000099999999845 
0.00000000099999999854 0.00000000099999999854 0.00000000099999999854 0.99999999299999986491 0.00000000099999999854 0.00000000099999999854 0.00000000099999999854 0.00000000099999999854 
0.00000000099999999850 0.00000000099999999850 0.00000000099999999850 0.99999999299999997593 0.00000000099999999850 0.00000000099999999850 0.00000000099999999850 0.00000000099999999850 
0.00000000099999999853 0.00000000099999999853 0.00000000099999999853 0.99999999299999997593 0.00000000099999999853 0.00000000099999999853 0.00000000099999999853 0.00000000099999999853 
0.00000000099999999858 0.00000000099999999858 0.00000000099999999858 0.99999999299999986491 0.00000000099999999858 0.00000000099999999858 0.00000000099999999858 0.00000000099999999858 
0.00000000099999999857 0.00000000099999999857 0.00000000099999999857 0.99999999299999986491 0.00000000099999999857 0.00000000099999999857 0.00000000099999999857 0.00000000099999999857 
0.00000000099999999849 0.00000000099999999849 0.00000000099999999849 0.99999999299999986491 0.00000000099999999849 0.00000000099999999849 0.00000000099999999849 0.00000000099999999849 
0.00000000099999999862 0.00000000099999999862 0.00000000099999999862 0.99999999299999997593 0.00000000099999999862 0.00000000099999999862 0.00000000099999999862 0.00000000099999999862 
0.00000000099999999853 0.00000000099999999853 0.00000000099999999853 0.99999999299999997593 0.00000000099999999853 0.00000000099999999853 0.00000000099999999853 0.00000000099999999853 
0.00000000099999999861 0.00000000099999999861 0.00000000099999999861 0.99999999299999986491 0.00000000099999999861 0.00000000099999999861 0.00000000099999999861 0.00000000099999999861 
0.00000000099999999857 0.00000000099999999857 0.00000000099999999857 0.99999999299999997593 0.00000000099999999857 0.00000000099999999857 0.00000000099999999857 0.00000000099999999857 
0.00000000099999999883 0.00000000099999999883 0.00000000099999999883 0.99999999299999997593 0.00000000099999999883 0.00000000099999999883 0.00000000099999999883 0.00000000099999999883 
0.00000000099999999856 0.00000000099999999856 0.00000000099999999856 0.99999999299999986491 0.00000000099999999856 0.00000000099999999856 0.00000000099999999856 0.00000000099999999856 
0.00000000099999999852 0.00000000099999999852 0.00000000099999999852 0.99999999299999986491 0.00000000099999999852 0.00000000099999999852 0.00000000099999999852 0.00000000099999999852 
0.00000000099999999855 0.00000000099999999855 0.00000000099999999855 0.99999999299999997593 0.00000000099999999855 0.00000000099999999855 0.00000000099999999855 0.00000000099999999855 
0.00000000099999999855 0.00000000099999999855 0.00000000099999999855 0.99999999299999997593 0.00000000099999999855 0.00000000099999999855 0.00000000099999999855 0.00000000099999999855 
0.00000000099999999854 0.00000000099999999854 0.00000000099999999854 0.99999999299999986491 0.00000000099999999854 0.00000000099999999854 0.00000000099999999854 0.00000000099999999854 
0.00000000099999999864 0.00000000099999999864 0.00000000099999999864 0.99999999299999997593 0.00000000099999999864 0.00000000099999999864 0.00000000099999999864 0.00000000099999999864 
0.00000000099999999867 0.00000000099999999867 0.00000000099999999867 0.99999999299999986491 0.00000000099999999867 0.00000000099999999867 0.00000000099999999867 0.00000000099999999867 
0.00000000099999999864 0.00000000099999999864 0.00000000099999999864 0.99999999299999997593 0.00000000099999999864 0.00000000099999999864 0.00000000099999999864 0.00000000099999999864 
0.00000000099999999859 0.00000000099999999859 0.00000000099999999859 0.99999999299999997593 0.00000000099999999859 0.00000000099999999859 0.00000000099999999859 0.00000000099999999859 
0.00000000099999999861 0.00000000099999999861 0.00000000099999999861 0.99999999299999986491 0.00000000099999999861 0.00000000099999999861 0.00000000099999999861 0.00000000099999999861 
0.00000000099999999859 0.00000000099999999859 0.00000000099999999859 0.99999999299999986491 0.00000000099999999859 0.00000000099999999859 0.00000000099999999859 0.00000000099999999859 
0.00000000099999999860 0.00000000099999999860 0.00000000099999999860 0.99999999299999997593 0.00000000099999999860 0.00000000099999999860 0.00000000099999999860 0.00000000099999999860 
0.00000000099999999899 0.00000000099999999899 0.00000000099999999899 0.99999999299999986491 0.00000000099999999899 0.00000000099999999899 0.00000000099999999899 0.00000000099999999899 
0.00000000099999999858 0.00000000099999999858 0.00000000099999999858 0.99999999299999986491 0.00000000099999999858 0.00000000099999999858 0.00000000099999999858 0.00000000099999999858 
0.00000000099999999863 0.00000000099999999863 0.00000000099999999863 0.99999999299999986491 0.00000000099999999863 0.00000000099999999863 0.00000000099999999863 0.00000000099999999863 
0.00000000099999999865 0.00000000099999999865 0.00000000099999999865 0.99999999299999997593 0.00000000099999999865 0.00000000099999999865 0.00000000099999999865 0.00000000099999999865 
0.00000000099999999867 0.00000000099999999867 0.00000000099999999867 0.99999999299999997593 0.00000000099999999867 0.00000000099999999867 0.00000000099999999867 0.00000000099999999867 
0.00000000099999999863 0.00000000099999999863 0.00000000099999999863 0.99999999299999986491 0.00000000099999999863 0.00000000099999999863 0.00000000099999999863 0.00000000099999999863 
0.00000000099999999883 0.00000000099999999883 0.00000000099999999883 0.99999999299999986491 0.00000000099999999883 0.00000000099999999883 0.00000000099999999883 0.00000000099999999883 
0.00000000099999999903 0.00000000099999999903 0.00000000099999999903 0.99999999300000008695 0.00000000099999999903 0.00000000099999999903 0.00000000099999999903 0.00000000099999999903 
0.00000000099999999877 0.00000000099999999877 0.00000000099999999877 0.99999999299999997593 0.00000000099999999877 0.00000000099999999877 0.00000000099999999877 0.00000000099999999877 
0.00000000099999999895 0.00000000099999999895 0.00000000099999999895 0.99999999299999986491 0.00000000099999999895 0.00000000099999999895 0.00000000099999999895 0.00000000099999999895 
0.00000000099999999876 0.00000000099999999876 0.00000000099999999876 0.99999999299999997593 0.00000000099999999876 0.00000000099999999876 0.00000000099999999876 0.00000000099999999876 
0.00000000099999999889 0.00000000099999999889 0.00000000099999999889 0.99999999299999997593 0.00000000099999999889 0.00000000099999999889 0.00000000099999999889 0.00000000099999999889 
0.00000000099999999879 0.00000000099999999879 0.00000000099999999879 0.99999999299999997593 0.00000000099999999879 0.00000000099999999879 0.00000000099999999879 0.00000000099999999879 
0.00000000099999999881 0.00000000099999999881 0.00000000099999999881 0.99999999299999997593 0.00000000099999999881 0.00000000099999999881 0.00000000099999999881 0.00000000099999999881 
0.00000000099999999886 0.00000000099999999886 0.00000000099999999886 0.99999999299999986491 0.00000000099999999886 0.00000000099999999886 0.00000000099999999886 0.00000000099999999886 
0.00000000099999999911 0.00000000099999999911 0.00000000099999999911 0.99999999299999997593 0.00000000099999999911 0.00000000099999999911 0.00000000099999999911 0.00000000099999999911 
0.00000000099999999878 0.00000000099999999878 0.00000000099999999878 0.99999999299999997593 0.00000000099999999878 0.00000000099999999878 0.00000000099999999878 0.00000000099999999878 
0.00000000099999999895 0.00000000099999999895 0.00000000099999999895 0.99999999299999997593 0.00000000099999999895 0.00000000099999999895 0.00000000099999999895 0.00000000099999999895 
0.00000000099999999883 0.00000000099999999883 0.00000000099999999883 0.99999999299999986491 0.00000000099999999883 0.00000000099999999883 0.00000000099999999883 0.00000000099999999883 
0.00000000099999999880 0.00000000099999999880 0.00000000099999999880 0.99999999299999986491 0.00000000099999999880 0.00000000099999999880 0.00000000099999999880 0.00000000099999999880 
0.00000000099999999894 0.00000000099999999894 0.00000000099999999894 0.99999999299999986491 0.00000000099999999894 0.00000000099999999894 0.00000000099999999894 0.00000000099999999894 
0.00000000099999999884 0.00000000099999999884 0.00000000099999999884 0.99999999299999986491 0.00000000099999999884 0.00000000099999999884 0.00000000099999999884 0.00000000099999999884 
0.00000000099999999889 0.00000000099999999889 0.00000000099999999889 0.99999999299999997593 0.00000000099999999889 0.00000000099999999889 0.00000000099999999889 0.00000000099999999889 
0.00000000099999999912 0.00000000099999999912 0.00000000099999999912 0.99999999300000008695 0.00000000099999999912 0.00000000099999999912 0.00000000099999999912 0.00000000099999999912 
0.00000000099999999915 0.00000000099999999915 0.00000000099999999915 0.99999999300000008695 0.00000000099999999915 0.00000000099999999915 0.00000000099999999915 0.00000000099999999915 
0.00000000099999999928 0.00000000099999999928 0.00000000099999999928 0.99999999299999997593 0.00000000099999999928 0.00000000099999999928 0.00000000099999999928 0.00000000099999999928 
0.00000000099999999958 0.00000000099999999958 0.00000000099999999958 0.99999999300000008695 0.00000000099999999958 0.00000000099999999958 0.00000000099999999958 0.00000000099999999958 
0.00000000099999999933 0.89256921637830721750 0.00000000099999999933 0.00000000099999999933 0.00000000099999999933 0.00000000099999999933 0.10743077762169282729 0.00000000099999999933 
0.00000000099999999921 0.83894887878284152283 0.00000000099999999921 0.00000000099999999921 0.00000000099999999921 0.00000000099999999921 0.16105111521715864686 0.00000000099999999921 
0.00000000099999999952 0.83761673346150267161 0.00000000099999999952 0.00000000099999999952 0.00000000099999999952 0.00000000099999999952 0.16238326053849741482 0.00000000099999999952 
0.00000000099999999902 0.86929060290842508074 0.00000000099999999902 0.00000000099999999902 0.01073507609400415480 0.00000000099999999902 0.11997431599757096832 0.00000000099999999902 
0.00000000099999999911 0.90516753698997809430 0.00000000099999999911 0.00000000099999999911 0.00888703905755034752 0.00000000099999999911 0.08594541895247159724 0.00000000099999999911 
0.00000000099999999896 0.87660980663557452885 0.00000000099999999896 0.00000000099999999896 0.00000000099999999896 0.00000000099999999896 0.12339018736442540491 0.00000000099999999896 
0.00000000099999999930 0.86546963354771067056 0.00000000099999999930 0.00000000099999999930 0.01528308932670897902 0.00000000099999999930 0.11924727212558043632 0.00000000099999999930 
0.00000000099999999904 0.89225300304135013452 0.00000000099999999904 0.00000000099999999904 0.00000000099999999904 0.00000000099999999904 0.10774699095865002130 0.00000000099999999904 
0.00000000099999999925 0.85743678022159686147 0.00000000099999999925 0.00000000099999999925 0.01041599466272062971 0.00000000099999999925 0.13214722011568241777 0.00000000099999999925 
0.00410003534043688628 0.89334145557181376951 0.00000000099999999991 0.00000000099999999991 0.00000000099999999991 0.00000000099999999991 0.10255850408774937199 0.00000000099999999991 
0.00000000099999999912 0.88512260382480933973 0.00000000099999999912 0.00000000099999999912 0.00000000099999999912 0.00000000099999999912 0.11487739017519084384 0.00000000099999999912 
0.00000000099999999910 0.86255511269041740263 0.00000000099999999910 0.00000000099999999910 0.00008205143808991102 0.00000000099999999910 0.13736283087149275817 0.00000000099999999910 
0.00414893603075182187 0.82341633164485250607 0.00000000099999999982 0.00000000099999999982 0.01778145844290328001 0.00000000099999999982 0.15465326988149249998 0.00000000099999999982 
0.00000000099999999927 0.86603129651215848828 0.00000000099999999927 0.00000000099999999927 0.02142216054881566217 0.00000000099999999927 0.11254653793902585912 0.00000000099999999927 
0.00000000099999999957 0.91847421368927939511 0.00000000099999999957 0.00000000099999999957 0.00000000099999999957 0.00000000099999999957 0.08152578031072077458 0.00000000099999999957 
0.00000000099999999897 0.89330402462101987648 0.00000000099999999897 0.00000000099999999897 0.00000000099999999897 0.00000000099999999897 0.10669596937898014055 0.00000000099999999897 
0.00000000099999999942 0.79173875957700057260 0.00000000099999999942 0.00000000099999999942 0.00874053953223555107 0.00000000099999999942 0.19952069589076396050 0.00000000099999999942 
0.00000000099999999948 0.83638788822940635104 0.00000000099999999948 0.00000000099999999948 0.00000000099999999948 0.00000000099999999948 0.16361210577059376314 0.00000000099999999948 
0.00000000099999999921 0.87798669084860325729 0.00000000099999999921 0.00000000099999999921 0.00000000099999999921 0.00000000099999999921 0.12201330315139680138 0.00000000099999999921 
0.00000000099999999917 0.87429455780283449329 0.00000000099999999917 0.00000000099999999917 0.00000000099999999917 0.00000000099999999917 0.12570543619716556538 0.00000000099999999917 
0.00000000099999999922 0.80001213712473218109 0.00000000099999999922 0.00000000099999999922 0.03632889513486029648 0.00000000099999999922 0.16365896274040747649 0.00000000099999999922 
0.00000000099999999900 0.84095903478113054330 0.00000000099999999900 0.00000000099999999900 0.00000585686230088670 0.00000000099999999900 0.15903510335656867447 0.00000000099999999900 
0.00000000099999999922 0.87323588878691826842 0.00000000099999999922 0.00000000099999999922 0.00000000099999999922 0.00000000099999999922 0.12676410521308181800 0.00000000099999999922 
0.00000000099999999924 0.81891079185927395656 0.00000000099999999924 0.00000000099999999924 0.00000000099999999924 0.00000000099999999924 0.18108920214072624089 0.00000000099999999924 
0.00000000099999999951 0.80485613213125872800 0.00000000099999999951 0.00000000099999999951 0.00000000099999999951 0.00000000099999999951 0.19514386186874135842 0.00000000099999999951 
0.00000000099999999909 0.87426847695809617456 0.00000000099999999909 0.00000000099999999909 0.00000000099999999909 0.00000000099999999909 0.12573151704190396738 0.00000000099999999909 
0.00000000099999999924 0.83100807936238296758 0.00000000099999999924 0.00000000099999999924 0.00000000099999999924 0.00000000099999999924 0.16899191463761728538 0.00000000099999999924 
0.00000000099999999986 0.80324202249191611891 0.00000000099999999986 0.00000000099999999986 0.00000000099999999986 0.00000000099999999986 0.19148297683453777140 0.00527499567354621987 
0.00000000099999999959 0.87444818406788238363 0.00000000099999999959 0.00000000099999999959 0.00000000099999999959 0.00000000099999999959 0.12555180993211764728 0.00000000099999999959 
0.00000000099999999931 0.82923103973163836411 0.00000000099999999931 0.00000000099999999931 0.00000000099999999931 0.00000000099999999931 0.17076895426836169456 0.00000000099999999931 
0.00000000099999999908 0.88442508871781977398 0.00000000099999999908 0.00000000099999999908 0.00000000099999999908 0.00000000099999999908 0.11557490528218038184 0.00000000099999999908 
0.00000000099999999987 0.90198274777848785888 0.00000000099999999987 0.00000000099999999987 0.00000000099999999987 0.00000000099999999987 0.09539263163810315915 0.00262461558340922746 
0.00000000099999999959 0.76479372537733925075 0.00000000099999999959 0.00000000099999999959 0.00607684520574490721 0.00000000099999999959 0.22912942441691588891 0.00000000099999999959 
0.00000000099999999952 0.84326513876012698656 0.00000000099999999952 0.00000000099999999952 0.00000021075115103676 0.00000000099999999952 0.15673464548872206858 0.00000000099999999952 
0.00000000099999999943 0.78989177362553508743 0.00000000099999999943 0.00000000099999999943 0.02952391593570616313 0.00000000099999999943 0.18058430543875883534 0.00000000099999999943 
0.00000000099999999955 0.84996349005866267401 0.00000000099999999955 0.00000000099999999955 0.02624154238488784693 0.00000000099999999955 0.12379496255644974190 0.00000000099999999955 
0.00000000099999999936 0.81505344163686777037 0.00000000099999999936 0.00000000099999999936 0.00000000099999999936 0.00000000099999999936 0.18494655236313228830 0.00000000099999999936 
0.00000000099999999942 0.81737282569044145131 0.00000000099999999942 0.00000000099999999942 0.00000000099999999942 0.00000000099999999942 0.18262716830955863512 0.00000000099999999942 
0.00000000099999999945 0.77904692848512868686 0.00000000099999999945 0.00000000099999999945 0.00304424654758826208 0.00000000099999999945 0.21790881996728325709 0.00000000099999999945 
0.00000000099999999976 0.92948748861956809186 0.00000000099999999976 0.00000000099999999976 0.00000005443885502445 0.00000000099999999976 0.07051245194157704232 0.00000000099999999976 
0.00000000099999999949 0.89517844763252829576 0.00000000099999999949 0.00000000099999999949 0.00000000099999999949 0.00000000099999999949 0.10482154636747180454 0.00000000099999999949 
0.00000000099999999977 0.89158824872060715716 0.00000000099999999977 0.00000000099999999977 0.02196641850310987812 0.00000000099999999977 0.08644532777628306797 0.00000000099999999977 
0.00000000099999999935 0.89478718877287455324 0.00000000099999999935 0.00000000099999999935 0.00000000099999999935 0.00000000099999999935 0.10521280522712561645 0.00000000099999999935 
0.00000000099999999922 0.83069783515551409714 0.00000000099999999922 0.00000000099999999922 0.00727608634746926448 0.00000000099999999922 0.16202607349701675377 0.00000000099999999922 
0.00000000099999999921 0.80716980304871133178 0.00000000099999999921 0.00000000099999999921 0.00000000099999999921 0.00000000099999999921 0.19283019095128883791 0.00000000099999999921 
0.00000000099999999925 0.84219723086243425403 0.00000000099999999925 0.00000000099999999925 0.00000000099999999925 0.00000000099999999925 0.15780276313756572137 0.00000000099999999925 
0.00000000099999999927 0.85966211077319565348 0.00000000099999999927 0.00000000099999999927 0.00201016541412898670 0.00000000099999999927 0.13832771881267544312 0.00000000099999999927 
0.00000000099999999955 0.82244658763550904101 0.00000000099999999955 0.00000000099999999955 0.00000000099999999955 0.00000000099999999955 0.17755340636449096214 0.00000000099999999955 
0.00000000099999999926 0.81256991973456016431 0.00000000099999999926 0.00000000099999999926 0.02742531598372940221 0.00000000099999999926 0.16000475928171056794 0.00000000099999999926 
0.00000000099999999938 0.80214901142689754021 0.00000000099999999938 0.00000000099999999938 0.00000000099999999938 0.00000000099999999938 0.19785098257310262948 0.00000000099999999938 
0.00000000099999999922 0.80958379848103445564 0.00000000099999999922 0.00000000099999999922 0.03550919553291134734 0.00000000099999999922 0.15490700098605433843 0.00000000099999999922 
0.00000000099999999935 0.81753148436834210955 0.00000000099999999935 0.00000000099999999935 0.00000000099999999935 0.00000000099999999935 0.18246850963165806014 0.00000000099999999935 
0.00000000099999999944 0.94927646131480158953 0.00000000099999999944 0.00000000099999999944 0.00000000099999999944 0.00000000099999999944 0.05072353268519853159 0.00000000099999999944 
0.00000000099999999948 0.90631382689765049854 0.00000000099999999948 0.00000000099999999948 0.01237697396494167983 0.00000000099999999948 0.08130919413740787804 0.00000000099999999948 
0.00000000099999999925 0.84428939176026507329 0.00000000099999999925 0.00000000099999999925 0.01367789981861190426 0.00000000099999999925 0.14203270342112320201 0.00000000099999999925 
0.00000000099999999935 0.87958649593850812831 0.00000000099999999935 0.00000000099999999935 0.00495553823136805210 0.00000000099999999935 0.11545796083012388467 0.00000000099999999935 
0.00000000099999999949 0.87745584288295430664 0.00000000099999999949 0.00000000099999999949 0.00000000099999999949 0.00000000099999999949 0.12254415111704572428 0.00000000099999999949 
0.00000000099999999953 0.89509579109243397887 0.00000000099999999953 0.00000000099999999953 0.00000000099999999953 0.00000000099999999953 0.10490420290756617694 0.00000000099999999953 
0.00000000099999999921 0.87741237043207587210 0.00000000099999999921 0.00000000099999999921 0.02995672949786451489 0.00000000099999999921 0.09263089507005960177 0.00000000099999999921 
0.00000000099999999945 0.92711040010990775073 0.00000000099999999945 0.00000000099999999945 0.00000000099999999945 0.00000000099999999945 0.07288959389009223855 0.00000000099999999945 
0.00000000099999999923 0.87791438239035313185 0.00000000099999999923 0.00000000099999999923 0.00000000099999999923 0.00000000099999999923 0.12208561160964703785 0.00000000099999999923 
0.00000000099999999957 0.87772559338165023757 0.00000000099999999957 0.00000000099999999957 0.00000000099999999957 0.00000000099999999957 0.12227440061834990437 0.00000000099999999957 
0.00000000099999999947 0.90944677493821102221 0.00000000099999999947 0.00000000099999999947 0.00000000099999999947 0.00000000099999999947 0.09055321906178914748 0.00000000099999999947 
0.00000000099999999955 0.89829552134134238450 0.00000000099999999955 0.00000000099999999955 0.00000000099999999955 0.00000000099999999955 0.10170447265865778519 0.00000000099999999955 
0.00000000099999999933 0.86365552420329538830 0.00000000099999999933 0.00000000099999999933 0.02504771523510997827 0.00000000099999999933 0.11129675556159465688 0.00000000099999999933 
0.00000000099999999972 0.88254544329972994809 0.00000000099999999972 0.00000000099999999972 0.00000000099999999972 0.00000000099999999972 0.11745455070027013833 0.00000000099999999972 
0.00000000099999999997 0.92050768593242038307 0.00000000099999999997 0.00297589155707150268 0.00000009218961459646 0.00000000099999999997 0.07138224193834663556 0.00513408538254705137 
0.00000000099999999995 0.85255249015888312503 0.00000000099999999995 0.00020943316224354618 0.01495273300223996099 0.00000000099999999995 0.12806822097726233700 0.00421711969937094231 
0.00000000099999999990 0.87686664562498051190 0.00000000099999999990 0.00000000099999999990 0.00000000099999999990 0.00555414074828996206 0.11757920862672949225 0.00000000099999999990 
0.00000000099999999992 0.88956048942114118727 0.00000000099999999992 0.00000000099999999992 0.00000004105528007026 0.00000000099999999992 0.11043946452357876475 0.00000000099999999992 
0.00000000099999999990 0.83361418717408986012 0.00000000099999999990 0.00301580571350794488 0.00955765543239896036 0.00000000099999999990 0.15381234768000329183 0.00000000099999999990 
0.00000000099999999990 0.91043761185482596776 0.00000000099999999990 0.00132930066034372962 0.00295873865356584059 0.00000000099999999990 0.08335875296068843976 0.00191559287057626172 
0.00000000099999999940 0.00000000099999999940 0.00000000099999999940 0.00000000099999999940 0.98924680985944357658 0.00000000099999999940 0.01075318414055645780 0.00000000099999999940 
0.00000000099999999937 0.00000000099999999937 0.00000000099999999937 0.00000000099999999937 0.99999999300000008695 0.00000000099999999937 0.00000000099999999937 0.00000000099999999937 
0.00000000099999999962 0.01362997372203683145 0.00000000099999999962 0.00000000099999999962 0.98009940991464150617 0.00000000099999999962 0.00627061136332171445 0.00000000099999999962 
0.00000000099999999985 0.00000000099999999985 0.00000000099999999985 0.00000000099999999985 0.99999999299999997593 0.00000000099999999985 0.00000000099999999985 0.00000000099999999985 
0.00000000099999999934 0.00002662595035280995 0.00000000099999999934 0.00000000099999999934 0.99361584591745821804 0.00000000099999999934 0.00635752313218901268 0.00000000099999999934 
0.00000000099999999946 0.00000000099999999946 0.00000000099999999946 0.00000000099999999946 0.99989927033733394524 0.00000000099999999946 0.00010072366266605018 0.00000000099999999946 
0.00000000099999999957 0.00000000099999999957 0.00000000099999999957 0.00000000099999999957 0.99413506209805513336 0.00000000099999999957 0.00586493190194489929 0.00000000099999999957 
0.00000000099999999951 0.00000000105513085953 0.00000000099999999951 0.00000000099999999951 0.99331496155926624070 0.00000000099999999951 0.00668503238560293374 0.00000000099999999951 
0.00000000099999999942 0.00000000099999999942 0.00000000099999999942 0.00000000099999999942 0.99498701072742135043 0.00000000099999999942 0.00501298327257876722 0.00000000099999999942 
0.00000000099999999974 0.00000000099999999974 0.00000000099999999974 0.00000000099999999974 0.99999999300000008695 0.00000000099999999974 0.00000000099999999974 0.00000000099999999974 
0.00000000099999999943 0.00000000099999999943 0.00000000099999999943 0.00000000099999999943 0.99999999300000008695 0.00000000099999999943 0.00000000099999999943 0.00000000099999999943 
0.00000000099999999932 0.02081298215433159682 0.00000000099999999932 0.00000000099999999932 0.97786474287645119841 0.00000000099999999932 0.00132226996921711070 0.00000000099999999932 
0.00000000099999999940 0.00000000099999999940 0.00000000099999999940 0.00000000099999999940 0.99999999300000008695 0.00000000099999999940 0.00000000099999999940 0.00000000099999999940 
0.00000000099999999943 0.01028289695663062511 0.00000000099999999943 0.00000000099999999943 0.98971709704336952029 0.00000000099999999943 0.00000000099999999943 0.00000000099999999943 
0.00000000099999999966 0.00000000099999999966 0.00000000099999999966 0.00102951143495219589 0.99897048256504783481 0.00000000099999999966 0.00000000099999999966 0.00000000099999999966 
0.00000000099999999948 0.00000000099999999948 0.00000000099999999948 0.00000000099999999948 0.96405255100758235898 0.00000000099999999948 0.03594744299241779684 0.00000000099999999948 
0.00000000099999999959 0.00289646154997404755 0.00000000099999999959 0.00000000099999999959 0.99500788151734953502 0.00000000099999999959 0.00209565193267636715 0.00000000099999999959 
0.00000000099999999919 0.00000000099999999919 0.00000000099999999919 0.00000000099999999919 0.99999999299999997593 0.00000000099999999919 0.00000000099999999919 0.00000000099999999919 
0.00000000099999999998 0.02328418403063421682 0.00000000099999999998 0.00044834123291985836 0.95241562418853942251 0.00000000099999999998 0.02181435715801764361 0.00203749038988898122 
0.00000000099999999996 0.02034855563855920632 0.00000000099999999996 0.00000000099999999996 0.90486571907042379070 0.00000000099999999996 0.07310511531885469094 0.00168060597216231045 
0.00000000099999999974 0.08044529828065964672 0.00000000099999999974 0.00000000099999999974 0.91955469571934023154 0.00000000099999999974 0.00000000099999999974 0.00000000099999999974 
0.00000000099999999988 0.00000011054781511939 0.00000000099999999988 0.00000000099999999988 0.91972515021071532537 0.00940593853478964743 0.07086879670667989295 0.00000000099999999988 
0.00000000099999999973 0.06931803349489329413 0.00000000099999999973 0.00000000099999999973 0.86306400484740530832 0.00396243518020187365 0.06365552247749951820 0.00000000099999999973 
0.00000000099999999975 0.02445831273730643060 0.00000000099999999975 0.00000000099999999975 0.89392438076068758690 0.00625494441330229356 0.07536235808870350716 0.00000000099999999975 
0.00118946683861015736 0.01791967564113471773 0.00000000099999999993 0.00004687156411656086 0.95386174447875859972 0.00000000099999999993 0.02697977133338391037 0.00000246814399619001 
0.00262028721900767246 0.04833250488788701227 0.00000000099999999996 0.00000000099999999996 0.87864451485623162874 0.00000000099999999996 0.07040268903687384172 0.00000000099999999996 
0.00000367777170508290 0.03050463377633523890 0.00000000099999999994 0.00000000099999999994 0.90958350980944413511 0.00322049207302014867 0.05668768356949527992 0.00000000099999999994 
0.00000000099999999985 0.00118640059435298414 0.00000000099999999985 0.00000000099999999985 0.94655951993987785809 0.00213127065659966071 0.05012280480916952302 0.00000000099999999985 
0.00000000099999999976 0.00000000099999999976 0.00000000099999999976 0.00000000099999999976 0.96068766146672879280 0.00201351423992141227 0.03729881929334965401 0.00000000099999999976 
0.00000000099999999971 0.00694664181386253285 0.00000000099999999971 0.00000000099999999971 0.91104629746809828728 0.00000000099999999971 0.08200705571803913740 0.00000000099999999971 
0.00000000099999999969 0.00000000099999999969 0.00000000099999999969 0.00000000099999999969 0.92911610794137144964 0.00374599975762354492 0.06713788730100503366 0.00000000099999999969 
0.00000000099999999997 0.11714496196127135996 0.00000000099999999997 0.00112472424479365205 0.83536353941911456467 0.00027926566785959538 0.04292112754886141107 0.00316637915809930923 
0.00000000099999999972 0.00365020992153574112 0.00000000099999999972 0.00000000099999999972 0.91187988930394947573 0.01310841603507867728 0.07136148073943608672 0.00000000099999999972 
0.00000000099999999988 0.07075298319373447831 0.00000000099999999988 0.00000000099999999988 0.89727549578469101288 0.00000000099999999988 0.03197151602157451145 0.00000000099999999988 
0.00000000099999999966 0.00000000099999999966 0.00000000099999999966 0.00000000099999999966 0.90917993572993305307 0.00000000099999999966 0.09082005827006678356 0.00000000099999999966 
0.00000000099999999953 0.08188324902882744560 0.00000000099999999953 0.00000000099999999953 0.84074929700112732700 0.00000000099999999953 0.07736744897004525778 0.00000000099999999953 
0.00000000099999999988 0.07203197807738676017 0.00000000099999999988 0.00000000099999999988 0.87859308521669476910 0.00000000099999999988 0.04937493170591839009 0.00000000099999999988 
0.00000000099999999997 0.09245357417825927904 0.00000000099999999997 0.00000000099999999997 0.82706665734162043702 0.01268277381660564730 0.06779699066351459191 0.00000000099999999997 
0.00000000099999999999 0.07783372469711623276 0.00000000099999999999 0.00000000099999999999 0.67884586728376983267 0.00414426403855561436 0.23917613998055833879 0.00000000099999999999 
0.00000000099999999999 0.31295733091033484108 0.00000000099999999999 0.00000000099999999999 0.58103562136190722853 0.02708503368091921479 0.07892201004683864485 0.00000000099999999999 
0.00000000099999999959 0.03240820742904394758 0.00000000099999999959 0.00614018256553243956 0.89521758096060410903 0.00000000099999999959 0.06623402504481940012 0.00000000099999999959 
0.00000000099999999997 0.09154193213087381820 0.00000000099999999997 0.00000000099999999997 0.77315721774082135642 0.02579147056673295260 0.10950937556157191999 0.00000000099999999997 
0.00000000099999999998 0.22620360412748047318 0.00289189582530905960 0.00000000099999999998 0.49525769887268633607 0.00000000099999999998 0.27564679717452406083 0.00000000099999999998 
0.00000000099999999985 0.03271561336747168258 0.00000000099999999985 0.00000000099999999985 0.94833605844777080218 0.00000000099999999985 0.01894832318475750399 0.00000000099999999985 
0.00000000099999999999 0.42947176621799587615 0.00000000099999999999 0.01090964100492700789 0.55961858777707707002 0.00000000099999999999 0.00000000099999999999 0.00000000099999999999 
0.00000000099999999982 0.09548257516720803917 0.00000000099999999982 0.01564147874063478993 0.85114398215746267518 0.00000000099999999982 0.03773195993469455334 0.00000000099999999982 
0.00000000099999999991 0.02153814545984415393 0.00000000099999999991 0.00166411813043237044 0.95986125018089485383 0.00000000099999999991 0.01693648222882868093 0.00000000099999999991 
0.00000000099999999963 0.11774122634155879952 0.00000000099999999963 0.00798694108565399172 0.86276059498653667745 0.00000000099999999963 0.01151123358625050219 0.00000000099999999963 
0.00000000099999999990 0.09075767543408619353 0.00000000099999999990 0.00195817709120514691 0.88382883343973461798 0.00000000099999999990 0.02345531003497396128 0.00000000099999999990 
0.00000000099999999930 0.03653438281811590554 0.00000000099999999930 0.00000000099999999930 0.92257417029135779796 0.00000000099999999930 0.04089144189052627831 0.00000000099999999930 
0.00000000099999999958 0.02493678361459672824 0.00000000099999999958 0.00000000099999999958 0.95839354330679016325 0.00000000099999999958 0.01666966807861314237 0.00000000099999999958 
0.00000000099999999976 0.76110324897474535000 0.00000000099999999976 0.00000000099999999976 0.20651890196507077802 0.00000000099999999976 0.03237784406018401340 0.00000000099999999976 
0.00000000099999999966 0.66379876781213809078 0.00000000099999999966 0.00000000099999999966 0.30102594224911777276 0.00000000099999999966 0.03517528493874403500 0.00000000099999999966 
0.16323429414552470540 0.39024975682226165086 0.00000000099999999997 0.00000000099999999997 0.23624783794352327559 0.00000000099999999997 0.03997056368243200736 0.17029754440625843870 
0.00000000099999999992 0.73313603980646890879 0.00000000099999999992 0.00359261383750396736 0.20245877140344442635 0.00000000099999999992 0.05773046170590932780 0.00308211024667339644 
0.00000000099999999991 0.77827304650609185899 0.00000000099999999991 0.00190304360886945408 0.18286124271434600619 0.00000000099999999991 0.03431624569951732123 0.00264641847117545823 
0.01672779884927407673 0.49203766024384248956 0.00000000099999999989 0.00000000099999999989 0.09743569385836650665 0.00000000099999999989 0.01968289209793946601 0.37411595195057767427 
0.07663648348200140237 0.49057678524227277261 0.00000000099999999992 0.00000000099999999992 0.15805277687293317612 0.00000000099999999992 0.05666084248577794857 0.21807310891701486844 
0.00922849891008317713 0.52221857288789630402 0.00000000099999999987 0.00000000099999999987 0.15232886153694641385 0.00000000099999999987 0.01449678393126932995 0.30172727973380486510 
0.09351383340684378542 0.53236981802391025731 0.00000000099999999993 0.00000000099999999993 0.17693182104766186358 0.00000000099999999993 0.01617641121569841217 0.18100811330588589820 
0.12566911880392270251 0.55884330137538562600 0.00000000099999999991 0.00000000099999999991 0.14541330819765344029 0.00000000099999999991 0.03578072904166635509 0.13429353958137196789 
0.00000000099999999948 0.74206366377229715514 0.00000000099999999948 0.00000000099999999948 0.22939186849694775949 0.00000000099999999948 0.02854446273075514004 0.00000000099999999948 
0.18424976282352456547 0.60555984305955856684 0.00000000099999999992 0.00000000099999999992 0.08445930805674042863 0.00000000099999999992 0.00238506305149031915 0.12334602000868613580 
0.00000000099999999991 0.72816023501945625895 0.00000000099999999991 0.00484781003694271812 0.22244230801182651724 0.00000000099999999991 0.03739244557028308102 0.00715719836149134123 
0.00000000099999999982 0.47819630755865416560 0.00000000099999999982 0.00000000099999999982 0.11405774921230554808 0.00000000099999999982 0.02316258324255967421 0.38458335598648063502 
0.00000000099999999953 0.75948861520404653547 0.00000000099999999953 0.00000000099999999953 0.19308652980273044442 0.00000000099999999953 0.04742484999322311295 0.00000000099999999953 
0.00000000099999999956 0.75708884726647041052 0.00000000099999999956 0.00000000099999999956 0.18817049201957108950 0.00000000099999999956 0.05474065571395864832 0.00000000099999999956 
0.21838493157815455636 0.63868996348697004706 0.00000000099999999994 0.00467118601789549316 0.02978292352562932066 0.00000000099999999994 0.00866950980851283019 0.09980148358283792709 
0.00000000099999999949 0.69130668592759447755 0.00000000099999999949 0.00000000099999999949 0.27559758514227483683 0.00000000099999999949 0.03309572393013074376 0.00000000099999999949 
0.00000000099999999984 0.71803726564315606407 0.00000000099999999984 0.00000000099999999984 0.21569453828266613171 0.00000000099999999984 0.06356805442913952831 0.00270013764503833744 
0.00000000099999999996 0.11803686515911274157 0.00000000099999999996 0.00000000099999999996 0.80146380546743345441 0.00762395550673575142 0.07287536986671802608 0.00000000099999999996 
0.00000000099999999999 0.01038986589011304043 0.00000000099999999999 0.00000000099999999999 0.78387524011202225349 0.10158712884468282245 0.10414776115318175043 0.00000000099999999999 
0.00000000099999999993 0.02264024782887385373 0.00000000099999999993 0.00000000099999999993 0.89063881421641311054 0.00458660317396543567 0.08213433078074763860 0.00000000099999999993 
0.00000000099999999988 0.00000000099999999988 0.00000000099999999988 0.00000000099999999988 0.99293922954405289261 0.00261015761617421549 0.00445060783977280477 0.00000000099999999988 
0.02589109248180927400 0.00000000099999999994 0.00000000099999999994 0.00000000099999999994 0.89833868329904542627 0.00069881741459053206 0.07507140280455452952 0.00000000099999999994 
0.00000000099999999944 0.00000000099999999944 0.00000000099999999944 0.00000000099999999944 0.99999999300000008695 0.00000000099999999944 0.00000000099999999944 0.00000000099999999944 
0.00000000099999999941 0.00000000099999999941 0.00000000099999999941 0.00000000099999999941 0.99999999299999997593 0.00000000099999999941 0.00000000099999999941 0.00000000099999999941 
0.10616527466436787019 0.00000000099999999996 0.00000000099999999996 0.00409849670922232331 0.83237576167170879149 0.05736040155656534772 0.00000006239813576533 0.00000000099999999996 
0.00000000099999999983 0.00000000099999999983 0.00000000099999999983 0.00000000099999999983 0.99129167467501322353 0.00000000099999999983 0.00870831932498680218 0.00000000099999999983 
0.00000000099999999964 0.00000000099999999964 0.00000000099999999964 0.00000000099999999964 0.99999999300000008695 0.00000000099999999964 0.00000000099999999964 0.00000000099999999964 
0.00000000099999999891 0.00000000099999999891 0.00000000099999999891 0.00000000099999999891 0.99999999299999986491 0.00000000099999999891 0.00000000099999999891 0.00000000099999999891 
0.00000000099999999923 0.00000000099999999923 0.00000000099999999923 0.00000000099999999923 0.99418021992341554238 0.00000000099999999923 0.00581977407658440440 0.00000000099999999923 
0.00000000099999999924 0.00000000099999999924 0.00000000099999999924 0.00000000099999999924 0.99554780387911845363 0.00000000099999999924 0.00445219012088154432 0.00000000099999999924 
0.00000000099999999924 0.00000000099999999924 0.00000000099999999924 0.00000000099999999924 0.99999999300000008695 0.00000000099999999924 0.00000000099999999924 0.00000000099999999924 
0.00000000099999999910 0.00000000099999999910 0.00000000099999999910 0.00000000099999999910 0.99999999300000008695 0.00000000099999999910 0.00000000099999999910 0.00000000099999999910 
0.00000000099999999946 0.00765336673186187404 0.00000000099999999946 0.00000000099999999946 0.97897936059824119948 0.00000000099999999946 0.01336726766989683804 0.00000000099999999946 
0.00000000099999999970 0.00000063256264639326 0.00000000099999999970 0.00000000099999999970 0.99999936143735368432 0.00000000099999999970 0.00000000099999999970 0.00000000099999999970 
0.00000000099999999936 0.00000000099999999936 0.00000000099999999936 0.00000000099999999936 0.99999999300000008695 0.00000000099999999936 0.00000000099999999936 0.00000000099999999936 
0.00000000099999999990 0.00000000099999999990 0.00000000099999999990 0.00000000099999999990 0.99216593674730457764 0.00000000099999999990 0.00000000099999999990 0.00783405725269547409 
0.00000000099999999973 0.00000000099999999973 0.00000000099999999973 0.00000000099999999973 0.94963161289558550848 0.00000000099999999973 0.05036838110441452937 0.00000000099999999973 
0.00000000099999999952 0.00000000099999999952 0.00000000099999999952 0.00000000099999999952 0.98744967192642263409 0.00000000099999999952 0.01255032207357736386 0.00000000099999999952 
0.00000000099999999976 0.00000000099999999976 0.00091618944123763007 0.00000000099999999976 0.98900051021089552261 0.00000000099999999976 0.01008329534786688367 0.00000000099999999976 
0.00000000099999999920 0.00000000099999999920 0.00000000099999999920 0.00000000099999999920 0.99999999300000008695 0.00000000099999999920 0.00000000099999999920 0.00000000099999999920 
