0.00000000099999999900 0.00000000099999999900 0.99999999500000003039 0.00000000099999999900 0.00000000099999999900 0.00000000099999999900 
0.00000000099999999904 0.00000000099999999904 0.99999999500000003039 0.00000000099999999904 0.00000000099999999904 0.00000000099999999904 
0.00000000099999999903 0.00000000099999999903 0.99999999500000003039 0.00000000099999999903 0.00000000099999999903 0.00000000099999999903 
0.00000000099999999905 0.00000000099999999905 0.99999999499999991937 0.00000000099999999905 0.00000000099999999905 0.00000000099999999905 
0.00000000099999999907 0.00000000099999999907 0.99999999500000003039 0.00000000099999999907 0.00000000099999999907 0.00000000099999999907 
0.00000000099999999908 0.00000000099999999908 0.99999999500000003039 0.00000000099999999908 0.00000000099999999908 0.00000000099999999908 
0.00000000099999999902 0.00000000099999999902 0.99999999500000003039 0.00000000099999999902 0.00000000099999999902 0.00000000099999999902 
0.00000000099999999910 0.00000000099999999910 0.99999999500000003039 0.00000000099999999910 0.00000000099999999910 0.00000000099999999910 
0.00000000099999999903 0.00000000099999999903 0.99999999500000003039 0.00000000099999999903 0.00000000099999999903 0.00000000099999999903 
0.00000000099999999910 0.00000000099999999910 0.99999999500000003039 0.00000000099999999910 0.00000000099999999910 0.00000000099999999910 
0.00000000099999999907 0.00000000099999999907 0.99999999500000003039 0.00000000099999999907 0.00000000099999999907 0.00000000099999999907 
0.00000000099999999924 0.00000000099999999924 0.99999999499999991937 0.00000000099999999924 0.00000000099999999924 0.00000000099999999924 
0.00000000099999999906 0.00000000099999999906 0.99999999499999991937 0.00000000099999999906 0.00000000099999999906 0.00000000099999999906 
0.00000000099999999904 0.00000000099999999904 0.99999999499999991937 0.00000000099999999904 0.00000000099999999904 0.00000000099999999904 
0.00000000099999999906 0.00000000099999999906 0.99999999499999991937 0.00000000099999999906 0.00000000099999999906 0.00000000099999999906 
0.00000000099999999905 0.00000000099999999905 0.99999999500000003039 0.00000000099999999905 0.00000000099999999905 0.00000000099999999905 
0.00000000099999999905 0.00000000099999999905 0.99999999500000003039 0.00000000099999999905 0.00000000099999999905 0.00000000099999999905 
0.00000000099999999912 0.00000000099999999912 0.99999999499999991937 0.00000000099999999912 0.00000000099999999912 0.00000000099999999912 
0.00000000099999999913 0.00000000099999999913 0.99999999500000003039 0.00000000099999999913 0.00000000099999999913 0.00000000099999999913 
0.00000000099999999911 0.00000000099999999911 0.99999999499999991937 0.00000000099999999911 0.00000000099999999911 0.00000000099999999911 
0.00000000099999999908 0.00000000099999999908 0.99999999499999991937 0.00000000099999999908 0.00000000099999999908 0.00000000099999999908 
0.00000000099999999910 0.00000000099999999910 0.99999999500000003039 0.00000000099999999910 0.00000000099999999910 0.00000000099999999910 
0.00000000099999999908 0.00000000099999999908 0.99999999500000003039 0.00000000099999999908 0.00000000099999999908 0.00000000099999999908 
0.00000000099999999910 0.00000000099999999910 0.99999999500000003039 0.00000000099999999910 0.00000000099999999910 0.00000000099999999910 
0.00000000099999999936 0.00000000099999999936 0.99999999500000003039 0.00000000099999999936 0.00000000099999999936 0.00000000099999999936 
0.00000000099999999907 0.00000000099999999907 0.99999999499999991937 0.00000000099999999907 0.00000000099999999907 0.00000000099999999907 
0.00000000099999999910 0.00000000099999999910 0.99999999499999991937 0.00000000099999999910 0.00000000099999999910 0.00000000099999999910 
0.00000000099999999913 0.00000000099999999913 0.99999999500000003039 0.00000000099999999913 0.00000000099999999913 0.00000000099999999913 
0.00000000099999999913 0.00000000099999999913 0.99999999500000003039 0.00000000099999999913 0.00000000099999999913 0.00000000099999999913 
0.00000000099999999911 0.00000000099999999911 0.99999999499999991937 0.00000000099999999911 0.00000000099999999911 0.00000000099999999911 
0.00000000099999999924 0.00000000099999999924 0.99999999500000003039 0.00000000099999999924 0.00000000099999999924 0.00000000099999999924 
0.00000000099999999938 0.00000000099999999938 0.99999999500000003039 0.00000000099999999938 0.00000000099999999938 0.00000000099999999938 
0.00000000099999999921 0.00000000099999999921 0.99999999499999991937 0.00000000099999999921 0.00000000099999999921 0.00000000099999999921 
0.00000000099999999930 0.00000000099999999930 0.99999999500000003039 0.00000000099999999930 0.00000000099999999930 0.00000000099999999930 
0.00000000099999999920 0.00000000099999999920 0.99999999499999991937 0.00000000099999999920 0.00000000099999999920 0.00000000099999999920 
0.00000000099999999927 0.00000000099999999927 0.99999999499999991937 0.00000000099999999927 0.00000000099999999927 0.00000000099999999927 
0.00000000099999999922 0.00000000099999999922 0.99999999499999991937 0.00000000099999999922 0.00000000099999999922 0.00000000099999999922 
0.00000000099999999923 0.00000000099999999923 0.99999999500000003039 0.00000000099999999923 0.00000000099999999923 0.00000000099999999923 
0.00000000099999999926 0.00000000099999999926 0.99999999499999991937 0.00000000099999999926 0.00000000099999999926 0.00000000099999999926 
0.00000000099999999941 0.00000000099999999941 0.99999999500000003039 0.00000000099999999941 0.00000000099999999941 0.00000000099999999941 
0.00000000099999999920 0.00000000099999999920 0.99999999499999991937 0.00000000099999999920 0.00000000099999999920 0.00000000099999999920 
0.00000000099999999930 0.00000000099999999930 0.99999999500000003039 0.00000000099999999930 0.00000000099999999930 0.00000000099999999930 
0.00000000099999999923 0.00000000099999999923 0.99999999499999991937 0.00000000099999999923 0.00000000099999999923 0.00000000099999999923 
0.00000000099999999922 0.00000000099999999922 0.99999999500000003039 0.00000000099999999922 0.00000000099999999922 0.00000000099999999922 
0.00000000099999999931 0.00000000099999999931 0.99999999499999991937 0.00000000099999999931 0.00000000099999999931 0.00000000099999999931 
0.00000000099999999923 0.00000000099999999923 0.99999999499999991937 0.00000000099999999923 0.00000000099999999923 0.00000000099999999923 
0.00000000099999999927 0.00000000099999999927 0.99999999500000003039 0.00000000099999999927 0.00000000099999999927 0.00000000099999999927 
0.00000000099999999943 0.00000000099999999943 0.99999999500000003039 0.00000000099999999943 0.00000000099999999943 0.00000000099999999943 
0.00000000099999999945 0.00000000099999999945 0.99999999499999991937 0.00000000099999999945 0.00000000099999999945 0.00000000099999999945 
0.00000000099999999952 0.00000000099999999952 0.99999999499999991937 0.00000000099999999952 0.00000000099999999952 0.00000000099999999952 
0.00000000099999999973 0.00000000099999999973 0.99999999499999991937 0.00000000099999999973 0.00000000099999999973 0.00000000099999999973 
0.00000000099999999978 0.00000000099999999978 0.00000000099999999978 0.59819210765619013070 0.00000000099999999978 0.40180788834380976038 
0.00000000099999999951 0.00000000099999999951 0.00000000099999999951 0.55656856866828152697 0.00000000099999999951 0.44343142733171853065 
0.00000000099999999980 0.00000000099999999980 0.00000000099999999980 0.51218226110299669429 0.00000000099999999980 0.48781773489700330781 
0.00000000099999999928 0.00000000099999999928 0.00000000099999999928 0.60753194518731723495 0.00000000099999999928 0.39246805081268276716 
0.00000000099999999940 0.00000000099999999940 0.00000000099999999940 0.60413334585744105087 0.00000000099999999940 0.39586665014255889572 
0.00000000099999999928 0.00000000099999999928 0.00000000099999999928 0.59782627933477461291 0.00000000099999999928 0.40217371666522538920 
0.00000000099999999959 0.00000000099999999959 0.00000000099999999959 0.60451856301573503316 0.00000000099999999959 0.39548143298426502446 
0.00000000099999999940 0.00000000099999999940 0.00000000099999999940 0.62604403249591156211 0.00000000099999999940 0.37395596350408849551 
0.00000000099999999951 0.00000000099999999951 0.00000000099999999951 0.59526125641855465176 0.00000000099999999951 0.40473873958144529484 
0.00000000099999999996 0.00463895710111282642 0.00000000099999999996 0.59711933805684891396 0.00000000099999999996 0.39824170184203827594 
0.00000000099999999943 0.00000000099999999943 0.00000000099999999943 0.57432874958977064850 0.00000000099999999943 0.42567124641022935361 
0.00000000099999999939 0.00000000099999999939 0.00000000099999999939 0.57868723923118081665 0.00000000099999999939 0.42131275676881907444 
0.00000000099999999993 0.00469537650483520426 0.00000000099999999993 0.56865676444785673294 0.00000000099999999993 0.42664785604730798285 
0.00000000099999999949 0.00000000099999999949 0.00000000099999999949 0.57018071003048842460 0.00000000099999999949 0.42981928596951168853 
0.00000000099999999982 0.00000000099999999982 0.00000000099999999982 0.62426710903866478031 0.00000000099999999982 0.37573288696133527731 
0.00000000099999999930 0.00000000099999999930 0.00000000099999999930 0.60769688683529599071 0.00000000099999999930 0.39230310916470401139 
0.00000000099999999962 0.00000000099999999962 0.00000000099999999962 0.51232095543657163450 0.00000000099999999962 0.48767904056342842312 
0.00000000099999999983 0.00000000099999999983 0.00000000099999999983 0.51890533420971063361 0.00000000099999999983 0.48109466179028936850 
0.00000000099999999944 0.00000000099999999944 0.00000000099999999944 0.56853292251788389855 0.00000000099999999944 0.43146707348211615907 
0.00000000099999999945 0.00000000099999999945 0.00000000099999999945 0.58063712183546700718 0.00000000099999999945 0.41936287416453282839 
0.00000000099999999951 0.00000000099999999951 0.00000000099999999951 0.58944201012888330915 0.00000000099999999951 0.41055798587111680398 
0.00000000099999999929 0.00000000099999999929 0.00000000099999999929 0.59215776347799620183 0.00000000099999999929 0.40784223252200374477 
0.00000000099999999952 0.00000000099999999952 0.00000000099999999952 0.55682032047394436347 0.00000000099999999952 0.44317967552605574966 
0.00000000099999999950 0.00000000099999999950 0.00000000099999999950 0.53550829836607238832 0.00000000099999999950 0.46449169763392772481 
0.00000000099999999971 0.00000000099999999971 0.00000000099999999971 0.50853594718157124621 0.00000000099999999971 0.49146404881842870038 
0.00000000099999999943 0.00000000099999999943 0.00000000099999999943 0.59479084666283121852 0.00000000099999999943 0.40520914933716878359 
0.00000000099999999951 0.00000000099999999951 0.00000000099999999951 0.53447085380443648539 0.00000000099999999951 0.46552914219556351672 
0.00000000099999999994 0.00461900840011858060 0.00050679013716268054 0.54090844237906343661 0.00000000099999999994 0.45396575708365533020 
0.00000000099999999992 0.00000000099999999992 0.00000000099999999992 0.60047769488424551643 0.00118147501503671924 0.39834082710071788691 
0.00000000099999999957 0.00000000099999999957 0.00000000099999999957 0.55017304372693820458 0.00000000099999999957 0.44982695227306185304 
0.00000000099999999945 0.00000000099999999945 0.00000000099999999945 0.61613299204996629932 0.00000000099999999945 0.38386700395003359176 
0.00134186971221526103 0.00029639231692732898 0.00212449741562928222 0.56835373185017856734 0.00000000100000000000 0.42788350770504951504 
0.00000000099999999974 0.00000000099999999974 0.00000000099999999974 0.46074952362448823306 0.00000000099999999974 0.53925047237551171353 
0.00000000099999999971 0.00000000099999999971 0.00000000099999999971 0.54048346688661186299 0.00000000099999999971 0.45951652911338808360 
0.00000000099999999958 0.00000000099999999958 0.00000000099999999958 0.52775326313043735560 0.00000000099999999958 0.47224673286956270202 
0.00000000099999999969 0.00000000099999999969 0.00000000099999999969 0.57877218121870421808 0.00000000099999999969 0.42122781478129583954 
0.00000000099999999957 0.00000000099999999957 0.00000000099999999957 0.51626827510577744107 0.00000000099999999957 0.48373172089422261655 
0.00000000099999999963 0.00000000099999999963 0.00000000099999999963 0.51775550560212946216 0.00000000099999999963 0.48224449039787065097 
0.00000000099999999961 0.00000000099999999961 0.00000000099999999961 0.48170937125410190349 0.00000000099999999961 0.51829062474589793208 
0.00212073434477152599 0.00000000099999999991 0.00000000099999999991 0.57949587894409892996 0.00000000099999999991 0.41838338371112948622 
0.00000000099999999974 0.00000000099999999974 0.00000000099999999974 0.57647718285579285791 0.00000000099999999974 0.42352281314420708869 
0.00000000099999999989 0.00000000099999999989 0.00000000410936299060 0.56473463595784911817 0.00000000099999999989 0.43526535693278783912 
0.00000000099999999966 0.00000000099999999966 0.00000000099999999966 0.58766077795412552387 0.00000000099999999966 0.41233921804587458926 
0.00000000099999999944 0.00000000099999999944 0.00000000099999999944 0.52486463620701639954 0.00000000099999999944 0.47513535979298354706 
0.00000000099999999942 0.00000000099999999942 0.00000000099999999942 0.54487179892991965957 0.00000000099999999942 0.45512819707008045356 
0.00000000099999999949 0.00000000099999999949 0.00000000099999999949 0.52880516494210916267 0.00000000099999999949 0.47119483105789078392 
0.00000000099999999949 0.00000000099999999949 0.00000000099999999949 0.54705123170723357617 0.00000000099999999949 0.45294876429276637042 
0.00000000099999999982 0.00000000099999999982 0.00000000099999999982 0.50492562519873229743 0.00000000099999999982 0.49507437080126759366 
0.00000000099999999945 0.00000000099999999945 0.00000000099999999945 0.55258958326607043876 0.00000000099999999945 0.44741041273392950783 
0.00000000099999999967 0.00000000099999999967 0.00000000099999999967 0.50116428163751558511 0.00000000099999999967 0.49883571436248447251 
0.00000000099999999947 0.00000000099999999947 0.00000000099999999947 0.56614450818864203718 0.00000000099999999947 0.43385548781135790941 
0.00000000099999999954 0.00000000099999999954 0.00000000099999999954 0.51151291289930234107 0.00000000099999999954 0.48848708310069777205 
0.00000000099999999965 0.00000000099999999965 0.00000000099999999965 0.53805368759425353797 0.00000000099999999965 0.46194630840574651964 
0.00000000099999999969 0.00000000099999999969 0.00000000099999999969 0.58119227432685649504 0.00000000099999999969 0.41880772167314350707 
0.00000000099999999956 0.00000000099999999956 0.00000000099999999956 0.55649358874656751350 0.00000000099999999956 0.44350640725343254411 
0.00000000099999999957 0.00000000099999999957 0.00000000099999999957 0.57410281068947011107 0.00000000099999999957 0.42589718531052983552 
0.00000000099999999972 0.00000000099999999972 0.00000000099999999972 0.56387939956611832226 0.00000000099999999972 0.43612059643388167984 
0.00000000099999999974 0.00000000099999999974 0.00038388495764374634 0.54403069017446759048 0.00000000099999999974 0.45558542186788864026 
0.00000000099999999948 0.00000000099999999948 0.00000000099999999948 0.55933319602532394210 0.00000000099999999948 0.44066679997467600449 
0.00000000099999999971 0.00000000099999999971 0.00000000099999999971 0.57315842914072856473 0.00000000099999999971 0.42684156685927143737 
0.00000000099999999944 0.00000000099999999944 0.00000000099999999944 0.53080633473066518579 0.00000000099999999944 0.46919366126933476080 
0.00000000099999999984 0.00000000099999999984 0.00000000099999999984 0.50999275897688201020 0.00000000099999999984 0.49000723702311804741 
0.00000000099999999977 0.00000000099999999977 0.00153950015637240424 0.53546887528609732332 0.00000000099999999977 0.46299162155753026404 
0.00000000099999999990 0.00000000099999999990 0.00016634698955681566 0.52028030401589486775 0.00000000099999999990 0.47955334599454824129 
0.00000000099999999971 0.00000000099999999971 0.00000000099999999971 0.56834271106055311851 0.00000000099999999971 0.43165728493944688360 
0.00000000099999999983 0.00000000099999999983 0.00000000099999999983 0.50042829854132064860 0.00000000099999999983 0.49957169745867946453 
0.00000000099999999998 0.00392432221948080251 0.00424565888397393249 0.60357466093447997846 0.00108148297372446687 0.38717387398834091083 
0.00354124772056453466 0.00188200458436024124 0.00000223743351629264 0.55618300347246729665 0.00000000099999999999 0.43839150578909175104 
0.00548779623763164057 0.00000000099999999990 0.00000000099999999990 0.55049046220872643875 0.00000000099999999990 0.44402173855364196475 
0.00223172146798544541 0.00000000099999999992 0.00000000099999999992 0.53688843929225693596 0.00000000099999999992 0.46087983623975758984 
0.00000000099999999999 0.00081875048065889076 0.00297257981494112970 0.52526891441631629043 0.00101449086748078149 0.46992526342060297884 
0.00000000125906537873 0.00199941552459130577 0.00256795862174377838 0.56602545997053921312 0.00000000099999999997 0.42940716362406028406 
0.00000000099999999956 0.00000000099999999956 0.00000000099999999956 0.99041306978745158318 0.00000000099999999956 0.00958692621254841372 
0.00000000099999999954 0.00000000099999999954 0.00000000099999999954 0.99999999499999991937 0.00000000099999999954 0.00000000099999999954 
0.00000000099999999974 0.00000000099999999974 0.00000000099999999974 0.99303837425444707598 0.00000000099999999974 0.00696162174555301373 
0.00000000099999999991 0.00000000099999999991 0.00000000099999999991 0.99999999499999991937 0.00000000099999999991 0.00000000099999999991 
0.00000000099999999951 0.00000000099999999951 0.00000000099999999951 0.99999999500000003039 0.00000000099999999951 0.00000000099999999951 
0.00000000099999999957 0.00000000099999999957 0.00000000099999999957 0.99999999500000003039 0.00000000099999999957 0.00000000099999999957 
0.00000000099999999966 0.00000000099999999966 0.00000000099999999966 0.99853486909493571755 0.00000000099999999966 0.00146512690506423685 
0.00000000099999999962 0.00000000099999999962 0.00000000099999999962 0.99404890592769434843 0.00000000099999999962 0.00595109007230567102 
0.00000000099999999956 0.00000000099999999956 0.00000000099999999956 0.99813955719290647917 0.00000000099999999956 0.00186043880709361922 
0.00000000099999999985 0.00000000099999999985 0.00058113219069652372 0.99941886380930333722 0.00000000099999999985 0.00000000099999999985 
0.00000000099999999954 0.00000000099999999954 0.00000000099999999954 0.99999999500000003039 0.00000000099999999954 0.00000000099999999954 
0.00000000099999999949 0.00000000099999999949 0.00000000099999999949 0.99626396626361346520 0.00000000099999999949 0.00373602973638649137 
0.00000000099999999956 0.00000000099999999956 0.00000000099999999956 0.99999999499999991937 0.00000000099999999956 0.00000000099999999956 
0.00000000099999999959 0.00000000099999999959 0.00000000099999999959 0.99999999499999991937 0.00000000099999999959 0.00000000099999999959 
0.00000000099999999975 0.00000000099999999975 0.00112212133162250313 0.99887787466837740791 0.00000000099999999975 0.00000000099999999975 
0.00000000099999999962 0.00000000099999999962 0.00000000099999999962 0.96975047091294708235 0.00000000099999999962 0.03024952508705290588 
0.00000000099999999970 0.00000000099999999970 0.00000000099999999970 0.99727998654386273980 0.00000000099999999970 0.00272000945613718554 
0.00000000099999999938 0.00000000099999999938 0.00000000099999999938 0.99999999500000003039 0.00000000099999999938 0.00000000099999999938 
0.00106541470900187543 0.00115829503381604821 0.00000000099999999998 0.98639135656047327583 0.00000000099999999998 0.01138493169670879400 
0.00000000099999999997 0.00005549830768966149 0.00000000099999999997 0.94680193401625689642 0.00192851518212641421 0.05121405049392720177 
0.00000000099999999982 0.00000000099999999982 0.00000000099999999982 0.99999999499999991937 0.00000000099999999982 0.00000000099999999982 
0.00859286309518498582 0.00000000099999999993 0.00000000099999999993 0.94199124656669841471 0.00000000099999999993 0.04941588733811682482 
0.00000000099999999990 0.00183965847389614919 0.00000000099999999990 0.92652726354545422716 0.00000000099999999990 0.07163307498064960810 
0.00000000099999999995 0.00315606822145803696 0.00000000099999999995 0.93361767548186935795 0.00000000099999999995 0.06322625329667264094 
0.00000000099999999992 0.00105791203401205754 0.00013616895701906392 0.98793364541007488988 0.00000000099999999992 0.01087227159889397714 
0.00437167106675687405 0.00000000099999999986 0.00000000099999999986 0.93637848312039295706 0.00000000099999999986 0.05924984281285033266 
0.00000000099999999996 0.00192486297498852617 0.00004507908231853849 0.95960431381445532306 0.00000000099999999996 0.03842574212823768320 
0.00141939386453203138 0.00000000099999999993 0.00000000099999999993 0.96944913236156993186 0.00000000099999999993 0.02913147077389813613 
0.00195346762346998437 0.00000000099999999984 0.00000000099999999984 0.97450909229730253713 0.00000000099999999984 0.02353743707922754946 
0.00000000099999999982 0.00000000099999999982 0.00000000099999999982 0.94113662532506370262 0.00000000099999999982 0.05886337067493625091 
0.00000000099999999999 0.00047167766577994327 0.00039171377373408827 0.95867730437475584537 0.00099298600058547498 0.03946631718514464343 
0.00570588084324742326 0.00000000099999999985 0.00000000099999999985 0.95695241792030627526 0.00000000099999999985 0.03734169823644636205 
0.00253806805670414148 0.00417274796890611602 0.00000000099999999997 0.93763114782605350150 0.00000000099999999997 0.05565803414833630364 
0.00000000099999999994 0.00000000099999999994 0.00000000099999999994 0.97978444935771469293 0.00000000099999999994 0.02021554664228517387 
0.00000000099999999976 0.00000000099999999976 0.00000000099999999976 0.94051828917250435147 0.00000000099999999976 0.05948170682749556737 
0.00000000099999999963 0.00000000099999999963 0.00000000099999999963 0.92255221064685666299 0.00000000099999999963 0.07744778535314328360 
0.00116294118171153820 0.00000000099999999987 0.00000000099999999987 0.95442753712126016108 0.00000000099999999987 0.04440951869702838839 
0.00000000099999999999 0.00000000099999999999 0.00350082408162366056 0.91222948083161792265 0.00818707216301165462 0.07608262092374672159 
0.00000000099999999999 0.00000000099999999999 0.00000000099999999999 0.87699140473403458529 0.00388396135304392917 0.11912463091292134487 
0.00007264528669037408 0.01007150228613660353 0.00903995314764345290 0.81451720876960187478 0.00000000100000000000 0.16629868950992771071 
0.00000000099999999970 0.00000000099999999970 0.00596526640136013989 0.93467288247845425886 0.00000000099999999970 0.05936184812018552304 
0.00001214912255598042 0.01134179865500049324 0.00000000100000000000 0.88029629020670985273 0.00000000100000000000 0.10834976001573357052 
0.00000000099999999999 0.00000000099999999999 0.00000000099999999999 0.76768204530174266598 0.00219432097237341967 0.23012363072588395974 
0.00000000099999999990 0.00000000099999999990 0.00065751828918420084 0.99362204485075833471 0.00000000099999999990 0.00572043386005751612 
0.00000000099999999999 0.00000000099999999999 0.01097509690614690073 0.98385891270212566528 0.00000000099999999999 0.00516598739172737919 
0.00000000099999999986 0.00000000099999999986 0.01573995645468279775 0.95037903184098504461 0.00000000099999999986 0.03388100870433222861 
0.00000000099999999992 0.00000000099999999992 0.00170914267420133959 0.97912926183162174443 0.00000000099999999992 0.01916159249417695096 
0.00000000099999999973 0.00000000099999999973 0.00822274208077804387 0.97495112144847217994 0.00000000099999999973 0.01682613347074972052 
0.00000034040715646228 0.00000000099999999994 0.00216071750357546381 0.97573257771204702227 0.00000000099999999994 0.02210636237722108516 
0.00000000099999999946 0.00000000099999999946 0.00000000099999999946 0.96127268829624401558 0.00000000099999999946 0.03872730770375600040 
0.00000000099999999965 0.00000000099999999965 0.00000000099999999965 0.99424964676326565982 0.00000000099999999965 0.00575034923673435356 
0.00000000099999999996 0.00113303490315120724 0.00000000099999999996 0.75016682745214802175 0.00012181689240140418 0.24857831875229924323 
0.00000000099999999982 0.00000000099999999982 0.00139207168880768140 0.77622759240271532732 0.00000000099999999982 0.22238033290847702972 
0.00000000099999999997 0.26201773282658774589 0.00000000099999999997 0.56508752330044642598 0.06217285025465683207 0.11072189161830914284 
0.00000000099999999996 0.00237857598857924664 0.00446431424512514722 0.71516387225237021408 0.00072887967466997309 0.27726435683925543252 
0.00000000099999999997 0.00284902739549014071 0.00246397351537372238 0.74500567502921954954 0.00000000099999999997 0.24968132205991658279 
0.00000000099999999998 0.28954490509357216910 0.00000000099999999998 0.55106179306647784522 0.05363166376382608874 0.10576163607612390494 
0.00000000099999999998 0.22481231041578003671 0.00000000099999999998 0.55511487203337095409 0.04507826876307925029 0.17499454678776973915 
0.00000000099999999998 0.23883324381423787219 0.00000000099999999998 0.61392635285158458913 0.02536907118428073996 0.12187133014989680324 
0.00000000099999999997 0.23799567985698641404 0.00359011331156094352 0.61137818148574119004 0.00000000099999999997 0.14703602334571161392 
0.00000000100000000000 0.23015614214510043967 0.00273514537131153753 0.59751230655866016672 0.00000001110279166554 0.16959639382213631542 
0.00000000099999999981 0.00000000099999999981 0.00000000099999999981 0.75731422728308250836 0.00000000099999999981 0.24268576871691743824 
0.00000001608492701717 0.28379834358296246455 0.00000000099999999998 0.59386582565233858588 0.00000000099999999998 0.12233581267977194917 
0.00000000099999999999 0.00560023045363400914 0.00675718247538068060 0.75348593239663019805 0.00000000099999999999 0.23415665267435509245 
0.00000000099999999999 0.29248888026299413312 0.00000000099999999999 0.52831778935520601337 0.02884988036368512157 0.15034344801811452830 
0.00000000099999999975 0.00000000099999999975 0.00260962570914336379 0.73913333396712588286 0.00000000099999999975 0.25825703732373073152 
0.00000000099999999971 0.00000000099999999971 0.00000000099999999971 0.73088399859001174086 0.00000000099999999971 0.26911599740998820574 
0.00000000099999999998 0.29933559982168417291 0.00707056415265482768 0.54179951000007675610 0.00000000099999999998 0.15179432402558415416 
0.00000000099999999983 0.00000000099999999983 0.00047277410989840447 0.77319933538699558984 0.00000000099999999983 0.22632788750310595116 
0.00000000099999999997 0.00222677889526972901 0.00000000099999999997 0.73854059376448311092 0.00000000099999999997 0.25923262434024718637 
0.00000000099999999998 0.00000000099999999998 0.00000000099999999998 0.87514191437502419912 0.00559543096801811204 0.11926265165695758286 
0.00000000100000000000 0.04910613880926124192 0.00000000100000000000 0.89894044466761269252 0.00000044276158244088 0.05195297176154353713 
0.00000000099999999998 0.00000000099999999998 0.00000000099999999998 0.93298979454581099091 0.00245669646718938177 0.06455350598699950704 
0.00051272720443474814 0.00000000099999999995 0.00000000099999999995 0.99223349199126897879 0.00165019270664169869 0.00560358609765453444 
0.00000000099999999998 0.02626441496168680292 0.00000000099999999998 0.91608244738919863970 0.00000000099999999998 0.05765313464911448610 
0.00000000099999999960 0.00000000099999999960 0.00000000099999999960 0.99999999500000003039 0.00000000099999999960 0.00000000099999999960 
0.00000000099999999960 0.00000000099999999960 0.00000000099999999960 0.99999999500000003039 0.00000000099999999960 0.00000000099999999960 
0.00000000169119076756 0.13584241077700714984 0.00445823844108554114 0.85773306202665577924 0.00196628606406069146 0.00000000100000000000 
0.00060868536801543700 0.00000000099999999990 0.00000000099999999990 0.99939131063198449745 0.00000000099999999990 0.00000000099999999990 
0.00000000099999999986 0.00000000099999999986 0.00000000099999999986 0.99999999500000003039 0.00000000099999999986 0.00000000099999999986 
0.00000000099999999914 0.00000000099999999914 0.00000000099999999914 0.99999999500000003039 0.00000000099999999914 0.00000000099999999914 
0.00000000099999999943 0.00000000099999999943 0.00000000099999999943 0.99927871130279732892 0.00000000099999999943 0.00072128469720257290 
0.00000000099999999940 0.00000000099999999940 0.00000000099999999940 0.99886859993687948656 0.00000000099999999940 0.00113139606312050471 
0.00000000099999999945 0.00000000099999999945 0.00000000099999999945 0.99999999499999991937 0.00000000099999999945 0.00000000099999999945 
0.00000000099999999930 0.00000000099999999930 0.00000000099999999930 0.99999999499999991937 0.00000000099999999930 0.00000000099999999930 
0.00000000099999999957 0.00000000099999999957 0.00000000099999999957 0.99176822698279976098 0.00000000099999999957 0.00823176901720022725 
0.00000000099999999980 0.00000000099999999980 0.00000000099999999980 0.99698628183863435837 0.00000000099999999980 0.00301371416136572310 
0.00000000099999999949 0.00000000099999999949 0.00000000099999999949 0.99999999500000003039 0.00000000099999999949 0.00000000099999999949 
0.00000000099999999998 0.00641209708784344808 0.00000000099999999998 0.99358789891215659740 0.00000000099999999998 0.00000000099999999998 
0.00000000099999999983 0.00000000099999999983 0.00035663255103320779 0.96666445450440541265 0.00000000099999999983 0.03297890994456131181 
0.00000000099999999965 0.00000000099999999965 0.00000000099999999965 0.99373807592681695500 0.00000000099999999965 0.00626192007318300027 
0.00000000099999999984 0.00000000099999999984 0.00000000099999999984 0.99262126876314871193 0.00090687351055094255 0.00647185472630038613 
0.00000000099999999942 0.00000000099999999942 0.00000000099999999942 0.99999999500000003039 0.00000000099999999942 0.00000000099999999942 
0.00000000099999999964 0.00000000099999999964 0.00000000099999999964 0.99999999500000003039 0.00000000099999999964 0.00000000099999999964 
0.00000000099999999985 0.00000000099999999985 0.00000000099999999985 0.99185848695612421899 0.00111806305517179951 0.00702344698870409605 
0.00243608658348678847 0.00304852980513238255 0.00000000099999999997 0.95443695261838723543 0.00000000099999999997 0.04007842899299363798 
0.00000000099999999969 0.00000000099999999969 0.00000000099999999969 0.99048881099719421339 0.00000000099999999969 0.00951118500280577137 
0.00000000099999999964 0.00000000099999999964 0.00000000099999999964 0.99347969006998781971 0.00000000099999999964 0.00652030593001211387 
0.00000000099999999932 0.00000000099999999932 0.00000000099999999932 0.99999999500000003039 0.00000000099999999932 0.00000000099999999932 
0.00000000099999999960 0.00000000099999999960 0.00000000099999999960 0.99548713490718598873 0.00000000099999999960 0.00451286109281389541 
0.00000000099999999962 0.00000000099999999962 0.00000000099999999962 0.97673644620867161592 0.00000000099999999962 0.02326354979132845904 
0.00000000099999999970 0.00000000099999999970 0.00000000099999999970 0.99284572709814233882 0.00000000099999999970 0.00715426890185776911 
0.00071995737667754193 0.00000000099999999994 0.00144079567512812455 0.92185398606189183912 0.00000000099999999994 0.07598525888630257297 
0.00085592401381922093 0.00000000099999999993 0.00077928292679454417 0.98672153631767645088 0.00000000099999999993 0.01164325474170967850 
0.00000000099999999982 0.00000000099999999982 0.00000000099999999982 0.99999999500000003039 0.00000000099999999982 0.00000000099999999982 
0.00000000099999999990 0.00046871598418764113 0.00000000099999999990 0.94782536017075202928 0.00000000099999999990 0.05170592084506035052 
0.00000000099999999971 0.00000000099999999971 0.00162544036296403374 0.99837455563703580985 0.00000000099999999971 0.00000000099999999971 
0.00745766321658931745 0.00000000099999999986 0.00000000099999999986 0.99254233278341064128 0.00000000099999999986 0.00000000099999999986 
0.00079839841632644562 0.00160235675499920192 0.00000000099999999998 0.99759924182867432130 0.00000000099999999998 0.00000000099999999998 
0.00000000099999999999 0.00618310900340416497 0.00777445958669250366 0.97437238245360024980 0.00028532701582292217 0.01138472094048007845 
0.00000000099999999995 0.00638978129022921802 0.00000000099999999995 0.99359679084183860631 0.00000000099999999995 0.00001342486793226661 
0.00000000099999999997 0.00197279054714712783 0.00000000099999999997 0.99802720545285283915 0.00000000099999999997 0.00000000099999999997 
0.00000000099999999978 0.00000000099999999978 0.00000000099999999978 0.99049041931299464103 0.00000000099999999978 0.00950957668700527781 
0.00000000099999999979 0.00000000099999999979 0.00000000099999999979 0.99537589361462008863 0.00000000099999999979 0.00462410238537987097 
0.00000000099999999971 0.00000000099999999971 0.00000000099999999971 0.96925466376260860368 0.00000000099999999971 0.03074533223739135679 
0.00000000099999999996 0.00000000099999999996 0.00398610649313936583 0.99512223954202383425 0.00088502197695448318 0.00000662998788222239 
0.00000000099999999962 0.00000000099999999962 0.00000000099999999962 0.99999999499999991937 0.00000000099999999962 0.00000000099999999962 
0.00000000099999999993 0.00000000099999999993 0.00267148892942643129 0.99478071811372781319 0.00243387619233266517 0.00011391476451303131 
0.00000000099999999996 0.00000000099999999996 0.00278149996444233567 0.85876545759456035523 0.00000000099999999996 0.13845303944099726645 
0.00000000099999999974 0.00000000099999999974 0.00000000099999999974 0.93020018125171466394 0.00000000099999999974 0.06979981474828521326 
0.00292477399381161924 0.00000000099999999993 0.00000000099999999993 0.99584015819374704925 0.00000000099999999993 0.00123506481244134892 
0.00000000099999999992 0.00000000099999999992 0.00000000099999999992 0.99999999500000003039 0.00000000099999999992 0.00000000099999999992 
0.00000000099999999995 0.00000000099999999995 0.00266166859400616702 0.99733832740599381861 0.00000000099999999995 0.00000000099999999995 
0.00646467735978429898 0.00000000099999999985 0.00000002029462781354 0.99353529934558793002 0.00000000099999999985 0.00000000099999999985 
0.00000000099999999982 0.00000000099999999982 0.00000000099999999982 0.98070353616507377481 0.00000000099999999982 0.01929645983492617872 
0.00000000099999999980 0.00000000099999999980 0.00000000099999999980 0.99991929703367921078 0.00000000099999999980 0.00008069896632084857 
0.00000000099999999975 0.00000000099999999975 0.00000000099999999975 0.95847145235788855366 0.00000000099999999975 0.04152854364211158028 
0.00000000099999999988 0.00000000099999999988 0.00197156986960273471 0.99802842613039721709 0.00000000099999999988 0.00000000099999999988 
0.00000000099999999973 0.00000000099999999973 0.00000000099999999973 0.99999999500000003039 0.00000000099999999973 0.00000000099999999973 
0.00000000099999999961 0.00000000099999999961 0.00000000099999999961 0.99999999500000003039 0.00000000099999999961 0.00000000099999999961 
0.00000000099999999999 0.00650525020673569862 0.00000000099999999999 0.99121171519747941492 0.00228303159578477442 0.00000000099999999999 
0.00000000099999999964 0.00000000099999999964 0.00000000099999999964 0.99999999499999991937 0.00000000099999999964 0.00000000099999999964 
0.00000000099999999996 0.00000000099999999996 0.00000000099999999996 0.98652818242749507061 0.00117562532794194792 0.01229618924456300950 
0.00000000099999999956 0.00000000099999999956 0.00000000099999999956 0.99999999500000003039 0.00000000099999999956 0.00000000099999999956 
0.00000000099999999986 0.00000000099999999986 0.00000000099999999986 0.99999999499999991937 0.00000000099999999986 0.00000000099999999986 
0.00232597960657519431 0.00000000099999999988 0.00000000099999999988 0.99238946584788156891 0.00000000099999999988 0.00528455154554333898 
0.00743432567310926655 0.00000000099999999991 0.00157211830248728084 0.97653000670883383094 0.00000000099999999991 0.01446354731556957589 
0.00000000099999999993 0.00150689978695098259 0.00000000099999999993 0.99849309621304904727 0.00000000099999999993 0.00000000099999999993 
0.00000000099999999991 0.00000000099999999991 0.00000000099999999991 0.99999999500000003039 0.00000000099999999991 0.00000000099999999991 
0.00000000099999999990 0.00107409796346931972 0.00000000099999999990 0.99290552203645299212 0.00000000099999999990 0.00602037700007775501 
0.00000000099999999990 0.00033886311412446222 0.00000000099999999990 0.98394456287884357604 0.00000000099999999990 0.01571657100703193616 
0.00000000099999999989 0.00000000099999999989 0.00000000099999999989 0.99122911906896205014 0.00000000099999999989 0.00877087693103795717 
0.00000000099999999993 0.00000000099999999993 0.00154902673158498964 0.99845096926841514495 0.00000000099999999993 0.00000000099999999993 
0.00000000099999999997 0.00867897008194200813 0.00000000099999999997 0.99064257856822368620 0.00000000099999999997 0.00067844834983437653 
0.00619023723422837662 0.00000000099999999987 0.00000000099999999987 0.99380975876577160033 0.00000000099999999987 0.00000000099999999987 
0.00000000099999999997 0.00000000099999999997 0.00471641401172748480 0.98968490754910487528 0.00028638980816677142 0.00531228663100098263 
0.00000000100000000000 0.01064662562753717311 0.00578936875895655605 0.89565986547699460996 0.00191899621693628433 0.08598514291957538858 
0.00090551250782369274 0.00208324983354929655 0.00000000100000000000 0.98615014740726436582 0.00061020876192754330 0.01025088048943516468 
0.00000000099999999999 0.00266218806051555937 0.00003720714812975350 0.96738492891880456526 0.00000000099999999999 0.02991567387255016086 
0.00000000099999999984 0.00000000099999999984 0.00000000099999999984 0.99999999500000003039 0.00000000099999999984 0.00000000099999999984 
0.00000000099999999965 0.00000000099999999965 0.00000000099999999965 0.99999999499999991937 0.00000000099999999965 0.00000000099999999965 
0.00000000099999999974 0.00000000099999999974 0.00093787055223030569 0.99906212544776962226 0.00000000099999999974 0.00000000099999999974 
0.00147995583131059309 0.00000000099999999981 0.00000000099999999981 0.99297018623609079047 0.00000000099999999981 0.00554985493259862149 
0.00000000099999999985 0.00000000099999999985 0.00000000099999999985 0.98980878909196479132 0.00000000099999999985 0.01019120690803522813 
0.00000000099999999996 0.00119579424649972474 0.00000000099999999996 0.99880420175350026479 0.00000000099999999996 0.00000000099999999996 
0.00697782188364905274 0.00000000099999999995 0.00000000099999999995 0.99276618962798635071 0.00025598548836469577 0.00000000099999999995 
0.00040184299858926143 0.00000000099999999994 0.00000000099999999994 0.99959815300141074967 0.00000000099999999994 0.00000000099999999994 
0.00465890153632372676 0.00272973926086671767 0.00000000495053165895 0.99252963471810728979 0.00008171853417064632 0.00000000100000000000 
0.00387949557974146854 0.00000000099999999995 0.00000000099999999995 0.99006274322714094005 0.00000000099999999995 0.00605775819311779595 
0.00000000099999999999 0.00558452475986476442 0.00244297615107769888 0.99197165073906001798 0.00000000099999999999 0.00000084634999771144 
0.00000000099999999999 0.00000000099999999999 0.01106525498236503834 0.98087958882470238642 0.00805515319293267397 0.00000000099999999999 
0.00642411876186540706 0.00815907795659088879 0.00000000099999999999 0.97463244525004266716 0.00000000099999999999 0.01078435603150121325 
0.00039045716854900535 0.00000000099999999996 0.00000000099999999996 0.99860890508087263306 0.00000000099999999996 0.00100063475057834994 
0.00000000099999999974 0.00000000099999999974 0.00000000099999999974 0.99999999499999991937 0.00000000099999999974 0.00000000099999999974 
