0.99999999600000011313 0.00000000099999999915 0.00000000099999999915 0.00000000099999999915 0.00000000099999999915 
0.99999999600000011313 0.00000000099999999919 0.00000000099999999919 0.00000000099999999919 0.00000000099999999919 
0.99999999600000000211 0.00000000099999999917 0.00000000099999999917 0.00000000099999999917 0.00000000099999999917 
0.99999999600000011313 0.00000000099999999919 0.00000000099999999919 0.00000000099999999919 0.00000000099999999919 
0.99999999600000011313 0.00000000099999999921 0.00000000099999999921 0.00000000099999999921 0.00000000099999999921 
0.99999999600000011313 0.00000000099999999921 0.00000000099999999921 0.00000000099999999921 0.00000000099999999921 
0.99999999600000000211 0.00000000099999999916 0.00000000099999999916 0.00000000099999999916 0.00000000099999999916 
0.99999999600000000211 0.00000000099999999923 0.00000000099999999923 0.00000000099999999923 0.00000000099999999923 
0.99999999600000000211 0.00000000099999999918 0.00000000099999999918 0.00000000099999999918 0.00000000099999999918 
0.99999999600000011313 0.00000000099999999924 0.00000000099999999924 0.00000000099999999924 0.00000000099999999924 
0.99999999600000000211 0.00000000099999999921 0.00000000099999999921 0.00000000099999999921 0.00000000099999999921 
0.99999999600000000211 0.00000000099999999935 0.00000000099999999935 0.00000000099999999935 0.00000000099999999935 
0.99999999600000000211 0.00000000099999999920 0.00000000099999999920 0.00000000099999999920 0.00000000099999999920 
0.99999999600000000211 0.00000000099999999918 0.00000000099999999918 0.00000000099999999918 0.00000000099999999918 
0.99999999600000011313 0.00000000099999999920 0.00000000099999999920 0.00000000099999999920 0.00000000099999999920 
0.99999999600000000211 0.00000000099999999920 0.00000000099999999920 0.00000000099999999920 0.00000000099999999920 
0.99999999600000000211 0.00000000099999999919 0.00000000099999999919 0.00000000099999999919 0.00000000099999999919 
0.99999999600000011313 0.00000000099999999926 0.00000000099999999926 0.00000000099999999926 0.00000000099999999926 
0.99999999600000000211 0.00000000099999999926 0.00000000099999999926 0.00000000099999999926 0.00000000099999999926 
0.99999999600000011313 0.00000000099999999924 0.00000000099999999924 0.00000000099999999924 0.00000000099999999924 
0.99999999600000000211 0.00000000099999999921 0.00000000099999999921 0.00000000099999999921 0.00000000099999999921 
0.99999999600000011313 0.00000000099999999923 0.00000000099999999923 0.00000000099999999923 0.00000000099999999923 
0.99999999600000000211 0.00000000099999999922 0.00000000099999999922 0.00000000099999999922 0.00000000099999999922 
0.99999999600000011313 0.00000000099999999923 0.00000000099999999923 0.00000000099999999923 0.00000000099999999923 
0.99999999600000000211 0.00000000099999999944 0.00000000099999999944 0.00000000099999999944 0.00000000099999999944 
0.99999999600000011313 0.00000000099999999921 0.00000000099999999921 0.00000000099999999921 0.00000000099999999921 
0.99999999600000000211 0.00000000099999999924 0.00000000099999999924 0.00000000099999999924 0.00000000099999999924 
0.99999999600000000211 0.00000000099999999925 0.00000000099999999925 0.00000000099999999925 0.00000000099999999925 
0.99999999600000011313 0.00000000099999999926 0.00000000099999999926 0.00000000099999999926 0.00000000099999999926 
0.99999999600000000211 0.00000000099999999924 0.00000000099999999924 0.00000000099999999924 0.00000000099999999924 
0.99999999600000011313 0.00000000099999999935 0.00000000099999999935 0.00000000099999999935 0.00000000099999999935 
0.99999999600000011313 0.00000000099999999946 0.00000000099999999946 0.00000000099999999946 0.00000000099999999946 
0.99999999600000011313 0.00000000099999999932 0.00000000099999999932 0.00000000099999999932 0.00000000099999999932 
0.99999999600000011313 0.00000000099999999942 0.00000000099999999942 0.00000000099999999942 0.00000000099999999942 
0.99999999600000000211 0.00000000099999999931 0.00000000099999999931 0.00000000099999999931 0.00000000099999999931 
0.99999999600000011313 0.00000000099999999938 0.00000000099999999938 0.00000000099999999938 0.00000000099999999938 
0.99999999600000011313 0.00000000099999999933 0.00000000099999999933 0.00000000099999999933 0.00000000099999999933 
0.99999999600000000211 0.00000000099999999934 0.00000000099999999934 0.00000000099999999934 0.00000000099999999934 
0.99999999600000011313 0.00000000099999999936 0.00000000099999999936 0.00000000099999999936 0.00000000099999999936 
0.99999999600000000211 0.00000000099999999951 0.00000000099999999951 0.00000000099999999951 0.00000000099999999951 
0.99999999600000011313 0.00000000099999999932 0.00000000099999999932 0.00000000099999999932 0.00000000099999999932 
0.99999999600000011313 0.00000000099999999941 0.00000000099999999941 0.00000000099999999941 0.00000000099999999941 
0.99999999600000000211 0.00000000099999999935 0.00000000099999999935 0.00000000099999999935 0.00000000099999999935 
0.99999999600000011313 0.00000000099999999933 0.00000000099999999933 0.00000000099999999933 0.00000000099999999933 
0.99999999600000011313 0.00000000099999999941 0.00000000099999999941 0.00000000099999999941 0.00000000099999999941 
0.99999999600000011313 0.00000000099999999935 0.00000000099999999935 0.00000000099999999935 0.00000000099999999935 
0.99999999600000000211 0.00000000099999999938 0.00000000099999999938 0.00000000099999999938 0.00000000099999999938 
0.99999999600000011313 0.00000000099999999951 0.00000000099999999951 0.00000000099999999951 0.00000000099999999951 
0.99999999600000000211 0.00000000099999999953 0.00000000099999999953 0.00000000099999999953 0.00000000099999999953 
0.99999999600000011313 0.00000000099999999960 0.00000000099999999960 0.00000000099999999960 0.00000000099999999960 
0.99999999600000000211 0.00000000099999999977 0.00000000099999999977 0.00000000099999999977 0.00000000099999999977 
0.00000000099999999984 0.00000000099999999984 0.00000000099999999984 0.40181457012440402465 0.59818542687559606019 
0.00000000099999999964 0.00000000099999999964 0.00000000099999999964 0.44330571913762484293 0.55669427786237524192 
0.00000000099999999985 0.00000000099999999985 0.00000000099999999985 0.48798287657733951939 0.51201712042266034342 
0.00000000099999999947 0.00000000099999999947 0.00000000099999999947 0.39251397180927299901 0.60748602519072714134 
0.00000000099999999954 0.00000000099999999954 0.00000000099999999954 0.39566249193166541653 0.60433750506833450178 
0.00000000099999999946 0.00000000099999999946 0.00000000099999999946 0.40194269127088039228 0.59805730572911963705 
0.00000000099999999971 0.00000000099999999971 0.00000000099999999971 0.39546983180014499970 0.60453016519985491861 
0.00000000099999999951 0.00000000099999999951 0.00000000099999999951 0.37387945727838328702 0.62612053972161674231 
0.00000000099999999963 0.00000000099999999963 0.00000000099999999963 0.40470122816246661968 0.59529876883753340966 
0.00000000099999999997 0.00450620286679273389 0.00000000099999999997 0.39861649754318445593 0.59687729759002294827 
0.00000000099999999959 0.00000000099999999959 0.00000000099999999959 0.42559451767922640286 0.57440547932077345994 
0.00000000099999999954 0.00000000099999999954 0.00000000099999999954 0.42130944247270685210 0.57869055452729301070 
0.00000000099999999993 0.00455967583312782976 0.00000000099999999993 0.42686788972097400308 0.56857243244589805720 
0.00000000099999999963 0.00000000099999999963 0.00000000099999999963 0.43003514632287442865 0.56996485067712554518 
0.00000000099999999989 0.00000000099999999989 0.00000000099999999989 0.38322302863426460640 0.61677696836573525641 
0.00000000099999999948 0.00000000099999999948 0.00000000099999999948 0.39233817479952637353 0.60766182220047371132 
0.00000000099999999972 0.00000000099999999972 0.00000000099999999972 0.48774561512542297104 0.51225438187457705830 
0.00000000099999999988 0.00000000099999999988 0.00000000099999999988 0.48096602592333498327 0.51903397107666493504 
0.00000000099999999958 0.00000000099999999958 0.00000000099999999958 0.43147939109874589025 0.56852060590125408357 
0.00000000099999999959 0.00000000099999999959 0.00000000099999999959 0.41947970381910970605 0.58052029318089037879 
0.00000000099999999963 0.00000000099999999963 0.00000000099999999963 0.41062849855128846777 0.58937149844871150606 
0.00000000099999999946 0.00000000099999999946 0.00000000099999999946 0.40783562286616203973 0.59216437413383782307 
0.00000000099999999965 0.00000000099999999965 0.00000000099999999965 0.44322762201231763468 0.55677237498768239465 
0.00000000099999999962 0.00000000099999999962 0.00000000099999999962 0.46467566221999090370 0.53532433478000907012 
0.00000000099999999978 0.00000000099999999978 0.00000000099999999978 0.49159694488432398307 0.50840305211567604626 
0.00000000099999999957 0.00000000099999999957 0.00000000099999999957 0.40527671043758040081 0.59472328656241968403 
0.00000000099999999964 0.00000000099999999964 0.00000000099999999964 0.46563671090027536348 0.53436328609972461035 
0.00047262692051578504 0.00457790669232202921 0.00000000099999999995 0.45341162615123709045 0.54153783923592513361 
0.00000000099999999994 0.00000000099999999994 0.00137242516002902500 0.39723698928715139855 0.60139058355281971302 
0.00000000099999999968 0.00000000099999999968 0.00000000099999999968 0.44966762662530096462 0.55033237037469895370 
0.00000000099999999958 0.00000000099999999958 0.00000000099999999958 0.38389894666724921901 0.61610105033275064379 
0.00256847628149498757 0.00106189761729959340 0.00014320772421537659 0.42735296150456109077 0.56887345687242896197 
0.00000000099999999980 0.00000000099999999980 0.00000000099999999980 0.53920278542616517647 0.46079721157383490837 
0.00000000099999999977 0.00000000099999999977 0.00000000099999999977 0.45996044588682044596 0.54003955111317958337 
0.00000000099999999970 0.00000000099999999970 0.00000000099999999970 0.47231677113700132331 0.52768322586299853949 
0.00000000099999999977 0.00000000099999999977 0.00000000099999999977 0.42134929760080946926 0.57865069939919056008 
0.00000000099999999968 0.00000000099999999968 0.00000000099999999968 0.48353024596079147157 0.51646975103920844674 
0.00000000099999999973 0.00000000099999999973 0.00000000099999999973 0.48247403202022798308 0.51752596497977187973 
0.00000000099999999971 0.00000000099999999971 0.00000000099999999971 0.51849505090160796783 0.48150494609839200599 
0.00000000099999999999 0.00102348988474964446 0.00007260746714208523 0.42076921219454216372 0.57813468945356605300 
0.00000000099999999982 0.00000000099999999982 0.00000000099999999982 0.42378430939192174298 0.57621568760807817533 
0.00000000099999999992 0.00000000099999999992 0.00000000099999999992 0.43524162345496086868 0.56475837354503910515 
0.00000000099999999974 0.00000000099999999974 0.00000000099999999974 0.41211527279807436130 0.58788472420192561252 
0.00000000099999999958 0.00000000099999999958 0.00000000099999999958 0.47525890172371298981 0.52474109527628709504 
0.00000000099999999957 0.00000000099999999957 0.00000000099999999957 0.45501304790377999909 0.54498694909622003024 
0.00000000099999999961 0.00000000099999999961 0.00000000099999999961 0.47128009322153663341 0.52871990377846322939 
0.00000000099999999961 0.00000000099999999961 0.00000000099999999961 0.45316198139072627615 0.54683801560927380869 
0.00000000099999999987 0.00000000099999999987 0.00000000099999999987 0.49551053613886714144 0.50448946086113288789 
0.00000000099999999958 0.00000000099999999958 0.00000000099999999958 0.44766280884422998687 0.55233718815577004246 
0.00000000099999999977 0.00000000099999999977 0.00000000099999999977 0.49917436334848896973 0.50082563365151111512 
0.00000000099999999961 0.00000000099999999961 0.00000000099999999961 0.43385881744245174962 0.56614117955754816869 
0.00000000099999999966 0.00000000099999999966 0.00000000099999999966 0.48858490389145625699 0.51141509310854382786 
0.00000000099999999974 0.00000000099999999974 0.00000000099999999974 0.46223644660036122822 0.53776355039963874560 
0.00000000099999999977 0.00000000099999999977 0.00000000099999999977 0.41895892558741082423 0.58104107141258920510 
0.00000000099999999966 0.00000000099999999966 0.00000000099999999966 0.44361453346147938781 0.55638546353852047499 
0.00000000099999999967 0.00000000099999999967 0.00000000099999999967 0.42577787541588829612 0.57422212158411167771 
0.00000000099999999979 0.00000000099999999979 0.00000000099999999979 0.43605063415836697871 0.56394936284163288409 
0.00036487045893958636 0.00000000099999999981 0.00000000099999999981 0.45545359312449767986 0.54418153441656269553 
0.00000000099999999961 0.00000000099999999961 0.00000000099999999961 0.44053895444914270563 0.55946104255085726820 
0.00000000099999999979 0.00000000099999999979 0.00000000099999999979 0.42733125111806569141 0.57266874588193428242 
0.00000000099999999958 0.00000000099999999958 0.00000000099999999958 0.46942285192203475619 0.53057714507796516212 
0.00000000099999999989 0.00000000099999999989 0.00000000099999999989 0.49005502111438509205 0.50994497588561482626 
0.00150881035236607617 0.00000000099999999983 0.00000000099999999983 0.46350894408813980707 0.53498224355949419717 
0.00011561275996329626 0.00000000099999999995 0.00000000099999999995 0.47959624280017837394 0.52028814243985821442 
0.00000000099999999978 0.00000000099999999978 0.00000000099999999978 0.43155487360061861590 0.56844512339938124690 
0.00000000099999999988 0.00000000099999999988 0.00000000099999999988 0.49962406254667252048 0.50037593445332750886 
0.00430872315649374112 0.00448884790157884871 0.00000000100000000000 0.38657076355004083013 0.60463166439188653634 
0.00172802148513600770 0.00359526946003951376 0.00001337105827843971 0.43915228685169832579 0.55551105114484766734 
0.00043046190132644158 0.00236367194967757391 0.00091149294911919293 0.44614369972687889510 0.55015067347299773104 
0.00048185511329669809 0.00105309511468150842 0.00000000099999999999 0.46255463962432608049 0.53591040914769572101 
0.00310938589357203938 0.00000000100000000000 0.00181805935793251123 0.47246392179607188400 0.52260863195242346357 
0.00274886586618477632 0.00183483120607528215 0.00000000099999999997 0.42949489650844918653 0.56592140541929070174 
0.00000000099999999969 0.00000000099999999969 0.00000000099999999969 0.00957606193201638450 0.99042393506798365177 
0.00000000099999999965 0.00000000099999999965 0.00000000099999999965 0.00000000099999999965 0.99999999600000000211 
0.00000000099999999980 0.00000000099999999980 0.00000000099999999980 0.00699690791144663010 0.99300308908855339229 
0.00000000099999999994 0.00000000099999999994 0.00000000099999999994 0.00000000099999999994 0.99999999599999989108 
0.00000000099999999962 0.00000000099999999962 0.00000000099999999962 0.00000000099999999962 0.99999999600000000211 
0.00000000099999999969 0.00000000099999999969 0.00000000099999999969 0.00000000099999999969 0.99999999599999989108 
0.00000000099999999974 0.00000000099999999974 0.00000000099999999974 0.00173540156961465484 0.99826459543038548183 
0.00000000099999999972 0.00000000099999999972 0.00000000099999999972 0.00595150144700034699 0.99404849555299956698 
0.00000000099999999967 0.00000000099999999967 0.00000000099999999967 0.00191280431041595611 0.99808719268958412396 
0.00062026134219109880 0.00000000099999999988 0.00000000099999999988 0.00000000099999999988 0.99937973565780879870 
0.00000000099999999965 0.00000000099999999965 0.00000000099999999965 0.00000000099999999965 0.99999999599999989108 
0.00000000099999999961 0.00000000099999999961 0.00000000099999999961 0.00374300731405074159 0.99625698968594933458 
0.00000000099999999965 0.00000000099999999965 0.00000000099999999965 0.00000000099999999965 0.99999999600000000211 
0.00000000099999999968 0.00000000099999999968 0.00000000099999999968 0.00000000099999999968 0.99999999599999989108 
0.00113662695251020652 0.00000000099999999980 0.00000000099999999980 0.00000000099999999980 0.99886337004748970703 
0.00000000099999999972 0.00000000099999999972 0.00000000099999999972 0.03017329046657818425 0.96982670653342195610 
0.00000000099999999978 0.00000000099999999978 0.00000000099999999978 0.00272128390054092624 0.99727871309945914646 
0.00000000099999999952 0.00000000099999999952 0.00000000099999999952 0.00000000099999999952 0.99999999600000000211 
0.00027469300921155725 0.00174723401023050445 0.00000000099999999999 0.01141178844940689274 0.98656628353115094487 
0.00000000099999999998 0.00000000099999999998 0.00200352592775962122 0.05094722479495981948 0.94704924727728057032 
0.00000000099999999987 0.00000000099999999987 0.00000000099999999987 0.00000000099999999987 0.99999999599999989108 
0.00241358206409298878 0.00421627159951615347 0.00000000099999999999 0.05144802910531576928 0.94192211623107513496 
0.00000000099999999993 0.00178968521293575416 0.00000000099999999993 0.07058933161223156227 0.92762098117483260395 
0.00000000099999999996 0.00311445551169032935 0.00000000099999999996 0.06342445858833296868 0.93346108389997661803 
0.00010286968511351738 0.00104206485023700568 0.00000000099999999996 0.01026180102789057622 0.98859326343675879567 
0.00000000099999999998 0.00247121659989401601 0.00000000099999999998 0.06103479163749938458 0.93649398976260656013 
0.00006702475169529177 0.00182651633595300221 0.00000000099999999997 0.03846901368269380062 0.95963744422965802094 
0.00000000100000000000 0.00000000211350644809 0.00125797387352694729 0.02946853066686054567 0.96927349234610615802 
0.00067066279067686712 0.00000000099999999998 0.00109105074811269862 0.02319736130575883112 0.97504092415545162709 
0.00000000099999999988 0.00000000099999999988 0.00000000099999999988 0.05930800903708405986 0.94069198796291597642 
0.00000000099999999993 0.00000000099999999993 0.00299579309410359955 0.03922798183329888333 0.95777622307259757672 
0.00077223174087592036 0.00296934094519080063 0.00000000099999999999 0.04031698469278113123 0.95594144162115224361 
0.00000000099999999999 0.00560257487231191186 0.00000000099999999999 0.05663188041240733994 0.93776554271528067552 
0.00000000099999999997 0.00000000099999999997 0.00000000099999999997 0.02018391258556278059 0.97981608441443734936 
0.00000000099999999982 0.00000000099999999982 0.00000000099999999982 0.05939789385501297730 0.94060210314498704509 
0.00000000099999999973 0.00000000099999999973 0.00000000099999999973 0.07816244987802405120 0.92183754712197585324 
0.00000000099999999996 0.00013877850639749194 0.00000000099999999996 0.04361711053156853285 0.95624410896203393406 
0.00074328745606337991 0.00000000099999999999 0.00908754304701960697 0.07609608062238373827 0.91407308787453322996 
0.00000000100000000000 0.00000000100000000000 0.00381506981827045219 0.11937940069159892753 0.87680552749013063174 
0.01371724760400202213 0.00000018244730223251 0.01525213643886763441 0.15180107669661438430 0.81922935681321373824 
0.00595701910432452301 0.00000000099999999978 0.00000000099999999978 0.05930754794097906762 0.93473543095469635578 
0.00000000100000000000 0.01119185835131236532 0.00000000100000000000 0.10922944236059453638 0.87957869728809312537 
0.00000000099999999999 0.00000000099999999999 0.00227520649980898380 0.23212705604723879449 0.76559773545295217723 
0.00065608141623709805 0.00000000099999999993 0.00000000099999999993 0.00558480602095792582 0.99375911056280497036 
0.01100781879763472644 0.00000000099999999999 0.00000000099999999999 0.03043615998218734964 0.95855601922017796834 
0.01571465351443052799 0.00000000099999999989 0.00000000099999999989 0.03383814729371657087 0.95044719719185288831 
0.00171059544741496237 0.00000000099999999994 0.00000000099999999994 0.01928607369066738172 0.97900332886191776538 
0.00814523810734981736 0.00000000099999999980 0.00000000099999999980 0.01698066602875349801 0.97487409386389667354 
0.00213857887846206299 0.00000000099999999994 0.00000000099999999994 0.02163003619482199019 0.97623138292671596261 
0.00000000099999999959 0.00000000099999999959 0.00000000099999999959 0.03861659887108457451 0.96138339812891537850 
0.00000000099999999974 0.00000000099999999974 0.00000000099999999974 0.00552846739443337183 0.99447152960556672863 
0.00000000099999999998 0.00113706403760470507 0.00000000099999999998 0.24836576770305970885 0.75049716625933549086 
0.00134004035064763118 0.00000000099999999987 0.00000000099999999987 0.22201712813649074341 0.77664282951286167656 
0.00000000100000000000 0.26410758358371888566 0.04379607121466509712 0.12040058808981207727 0.57169575611180389885 
0.00451981500871654392 0.00227676684630639947 0.00066738234457924307 0.27658442751560086137 0.71595160828479698090 
0.00241617916793019326 0.00272267364239288552 0.00000000099999999998 0.24974974107730138484 0.74511140511237561324 
0.00000000100000000000 0.28351687316821283513 0.04934845142221997577 0.11177535018934445232 0.55535932422022271648 
0.00000000100000000000 0.22724864816284282010 0.02993169290112900408 0.17590844905852137670 0.56691120887750678925 
0.00118372253082001284 0.24078260138014395686 0.00975612799160171552 0.12276005839972860267 0.62551748969770581965 
0.00635444156637917333 0.23075226276113849910 0.00000000099999999998 0.14728588588212465638 0.61560740879035769080 
0.00366851302766007126 0.22424100068373967187 0.00000000099999999999 0.17241628156060234689 0.59967420372799806749 
0.00000000099999999986 0.00000000099999999986 0.00000000099999999986 0.24180831392613882924 0.75819168307386120009 
0.00590282120656391695 0.27450063557646053880 0.00000000099999999998 0.12991290870666988289 0.58968363351030550490 
0.00686564194651145474 0.00536379359323313314 0.00000000099999999999 0.23425892932613906483 0.75351163413411648140 
0.00311563279664090441 0.29154692187711778173 0.01484382864322750933 0.15142638671612224099 0.53906722996689149241 
0.00261897429997259195 0.00000000099999999981 0.00000000099999999981 0.25767891527389580331 0.73970210842613159929 
0.00000000099999999980 0.00000000099999999980 0.00000000099999999980 0.26900668408919314878 0.73099331291080671402 
0.01132522037506755036 0.28962283098940871939 0.00000000099999999998 0.15426458435245443690 0.54478736328306931469 
0.00046043382543018525 0.00000000099999999987 0.00000000099999999987 0.22595247225850351169 0.77358709191606633837 
0.00000000099999999998 0.00215993292959613427 0.00000000099999999998 0.25920634357323213415 0.73863372149717176907 
0.00000000099999999999 0.00000000099999999999 0.00528974764268402842 0.12050644253821245211 0.87420380781910367318 
0.00000000100000000000 0.03860430793435065677 0.01587495344483900658 0.03674950212039313630 0.90877123550041727373 
0.00000000099999999998 0.00000000099999999998 0.00241441980841615748 0.06500321859769211952 0.93258235959389157443 
0.00000000099999999995 0.00000000099999999995 0.00204897623131338131 0.00506920420395842904 0.99288181756472815298 
0.00000000099999999999 0.02570171539579229822 0.00000000099999999999 0.05688060887789015557 0.91741767372631755073 
0.00000000099999999968 0.00000000099999999968 0.00000000099999999968 0.00000000099999999968 0.99999999600000000211 
0.00000000099999999970 0.00000000099999999970 0.00000000099999999970 0.00000000099999999970 0.99999999600000000211 
0.00599277153164638667 0.13346764576778569200 0.00000000099999999999 0.00000000099999999999 0.86053958070056779661 
0.00000000099999999994 0.00000000099999999994 0.00000675497702339518 0.00000000099999999994 0.99999324202297656949 
0.00000000099999999988 0.00000000099999999988 0.00000000099999999988 0.00000000099999999988 0.99999999599999989108 
0.00000000099999999935 0.00000000099999999935 0.00000000099999999935 0.00000000099999999935 0.99999999599999989108 
0.00000000099999999956 0.00000000099999999956 0.00000000099999999956 0.00083944099396890349 0.99916055600603104203 
0.00000000099999999957 0.00000000099999999957 0.00000000099999999957 0.00114784917720317644 0.99885214782279685419 
0.00000000099999999960 0.00000000099999999960 0.00000000099999999960 0.00000000099999999960 0.99999999600000000211 
0.00000000099999999947 0.00000000099999999947 0.00000000099999999947 0.00000000099999999947 0.99999999600000000211 
0.00000000099999999967 0.00000000099999999967 0.00000000099999999967 0.00810929958651689792 0.99189069741348312448 
0.00000000099999999985 0.00000000099999999985 0.00000000099999999985 0.00301891375490856905 0.99698108324509149281 
0.00000000099999999961 0.00000000099999999961 0.00000000099999999961 0.00000000099999999961 0.99999999600000000211 
0.00000000099999999997 0.00632031975684775853 0.00000000099999999997 0.00000000099999999997 0.99367967724315220401 
0.00031970810855239199 0.00000000099999999987 0.00000000099999999987 0.03303431511183263503 0.96664597477961489158 
0.00000000099999999975 0.00000000099999999975 0.00000000099999999975 0.00628809960518567686 0.99371189739481424752 
0.00000000099999999991 0.00000000099999999991 0.00085522544330822459 0.00644723809122504411 0.99269753446546671327 
0.00000000099999999955 0.00000000099999999955 0.00000000099999999955 0.00000000099999999955 0.99999999599999989108 
0.00000000099999999973 0.00000000099999999973 0.00000000099999999973 0.00000000099999999973 0.99999999599999989108 
0.00000000099999999991 0.00000000099999999991 0.00108969095334137821 0.00694954329268831876 0.99196076375397035374 
0.00000000099999999997 0.00455720016943159546 0.00000000099999999997 0.03948393276733281471 0.95595886506323557441 
0.00000000099999999975 0.00000000099999999975 0.00000000099999999975 0.00949672990833880758 0.99050326709166114370 
0.00000000099999999972 0.00000000099999999972 0.00000000099999999972 0.00645557863617899231 0.99354441836382090258 
0.00000000099999999948 0.00000000099999999948 0.00000000099999999948 0.00000000099999999948 0.99999999599999989108 
0.00000000099999999967 0.00000000099999999967 0.00000000099999999967 0.00449819337526383752 0.99550180362473628115 
0.00000000099999999971 0.00000000099999999971 0.00000000099999999971 0.02327734675176508852 0.97672265024823490265 
0.00000000099999999980 0.00000000099999999980 0.00000000099999999980 0.00722915520905515006 0.99277084179094488015 
0.00202166559876204100 0.00000000099999999995 0.00000000099999999995 0.07589241391883390364 0.92208591848240417654 
0.00160074608321166510 0.00000000099999999995 0.00000000099999999995 0.01152540482797989076 0.98687384708880843132 
0.00000000099999999985 0.00000000099999999985 0.00000000099999999985 0.00000000099999999985 0.99999999599999989108 
0.00000000099999999994 0.00056739366175060995 0.00000000099999999994 0.05252307259787731414 0.94690953174037217899 
0.00155136395285563537 0.00000000099999999978 0.00000000099999999978 0.00000000099999999978 0.99844863304714437380 
0.00313025177784739643 0.00320068233262382935 0.00000000099999999998 0.00000000099999999998 0.99366906388952869200 
0.00000000099999999998 0.00190404433003665764 0.00021893441224577452 0.00000000099999999998 0.99787701925771754574 
0.00779029114677937031 0.00464116768071556624 0.00257141729313487217 0.01139214334867020596 0.97360498053070010371 
0.00000000099999999997 0.00626215584693295187 0.00000000099999999997 0.00000234850938566555 0.99373549364368130021 
0.00000000099999999998 0.00167248077915885317 0.00037926839515293017 0.00000000099999999998 0.99794824882568811120 
0.00000000099999999984 0.00000000099999999984 0.00000000099999999984 0.00966288452595640522 0.99033711247404365707 
0.00000000099999999983 0.00000000099999999983 0.00000000099999999983 0.00462889004302126806 0.99537110695697883500 
0.00000000099999999977 0.00000000099999999977 0.00000000099999999977 0.03068822957781985189 0.96931176742218017051 
0.00398256111158007495 0.00000000099999999999 0.00075561230928330775 0.00000035237274919031 0.99526147320638735927 
0.00000000099999999970 0.00000000099999999970 0.00000000099999999970 0.00000000099999999970 0.99999999600000000211 
0.00265469109492708771 0.00000000099999999997 0.00235618771940387375 0.00061381746789436942 0.99437530271777463398 
0.00276684931635947252 0.00000000099999999996 0.00000000099999999996 0.13823992254015099457 0.85899322614348949667 
0.00000000099999999980 0.00000000099999999980 0.00000000099999999980 0.06995978497073490621 0.93004021202926512313 
0.00000000100001279454 0.00000000100000000000 0.00054177291110354075 0.00010249380104697645 0.99935573128783672381 
0.00000000099999999994 0.00000000099999999994 0.00000000099999999994 0.00000000099999999994 0.99999999599999989108 
0.00263759037585949542 0.00000000099999999995 0.00000000099999999995 0.00000000099999999995 0.99736240662414044067 
0.00432942210379954132 0.00169188953936808516 0.00000000099999999998 0.00000000099999999998 0.99397868635683239713 
0.00000000099999999986 0.00000000099999999986 0.00000000099999999986 0.01930520641445145069 0.98069479058554853701 
0.00000000099999999984 0.00000000099999999984 0.00000000099999999984 0.00001262208140504050 0.99998737491859501780 
0.00000000099999999981 0.00000000099999999981 0.00000000099999999981 0.04198367384456005297 0.95801632315543983065 
0.00204506835685719628 0.00000000099999999988 0.00000000099999999988 0.00000000099999999988 0.99795492864314272463 
0.00000000099999999978 0.00000000099999999978 0.00000000099999999978 0.00000000099999999978 0.99999999600000000211 
0.00000000099999999969 0.00000000099999999969 0.00000000099999999969 0.00000000099999999969 0.99999999600000000211 
0.00000000099999999998 0.00000000099999999998 0.01304497866285114598 0.00000000099999999998 0.98695501833714893714 
0.00000000099999999970 0.00000000099999999970 0.00000000099999999970 0.00000000099999999970 0.99999999600000000211 
0.00000000099999999997 0.00000000099999999997 0.00044010718100269945 0.01196946663957656858 0.98759042417942077829 
0.00000000099999999967 0.00000000099999999967 0.00000000099999999967 0.00000000099999999967 0.99999999599999989108 
0.00000000099999999989 0.00000000099999999989 0.00000000099999999989 0.00000000099999999989 0.99999999600000000211 
0.00000000099999999995 0.00070329415935388581 0.00000000099999999995 0.00497690480991404890 0.99431979903073208771 
0.00467230139438057357 0.00300496268994783532 0.00000000099999999998 0.01717644487978215243 0.97514629003588937373 
0.00000000099999999996 0.00134912298416326858 0.00000000099999999996 0.00000000099999999996 0.99865087401583685356 
0.00000000099999999993 0.00000000099999999993 0.00000000099999999993 0.00000000099999999993 0.99999999599999989108 
0.00000000099999999990 0.00092986134642242182 0.00000000099999999990 0.00602684754138163668 0.99304328911219597043 
0.00000000099999999994 0.00033615106640042295 0.00000000099999999994 0.01581938703699884916 0.98384445989660063159 
0.00000000099999999995 0.00000000099999999995 0.00000000099999999995 0.00897666925536655912 0.99102332774463341991 
0.00148074107368287148 0.00000000099999999994 0.00000000099999999994 0.00000000099999999994 0.99851925592631707307 
0.00000000099999999997 0.00850918755806772710 0.00000000099999999997 0.00074382501949597248 0.99074698542243633259 
0.00112500302644334585 0.00298343165229513450 0.00000000099999999997 0.00000000099999999997 0.99589156332126160809 
0.00451843253260102336 0.00011577934344202341 0.00026727313922552857 0.00514798986418570428 0.98995052512054571014 
0.00565336301984923923 0.01069848065576418407 0.00152662109893557559 0.08568545552519594988 0.89643607970025496190 
0.00000107391861265830 0.00254580122962604072 0.00068091971989480999 0.01024059551660525674 0.98653160961526109585 
0.00000000099999999999 0.00248841703994670061 0.00000000099999999999 0.02927573180522780733 0.96823584915482552304 
0.00000000099999999988 0.00000000099999999988 0.00000000099999999988 0.00000000099999999988 0.99999999599999989108 
0.00000000099999999971 0.00000000099999999971 0.00000000099999999971 0.00000000099999999971 0.99999999600000000211 
0.00091438617374394458 0.00000000099999999981 0.00000000099999999981 0.00000000099999999981 0.99908561082625613192 
0.00006341703520083044 0.00000000099999999994 0.00000000099999999994 0.00589084635770529240 0.99404573460709377830 
0.00000000099999999986 0.00000000099999999986 0.00000000099999999986 0.01018091454328714889 0.98981908245671279545 
0.00000000099999999998 0.00102167970344770086 0.00000000099999999998 0.00000000099999999998 0.99897831729655228727 
0.00000000099999999998 0.00000000099999999998 0.00746933221601668758 0.00000000099999999998 0.99253066478398321859 
0.00000000099999999994 0.00000000099999999994 0.00000000099999999994 0.00000000099999999994 0.99999999600000000211 
0.00121197046078619949 0.00492165643116039987 0.00079891707063690942 0.00000000100000000000 0.99306745503741655767 
0.00139422274061988495 0.00139423034660291693 0.00084567143964050205 0.00612395711144168332 0.99024191836169495051 
0.00207551238614865500 0.00564543625643188461 0.00000000099999999999 0.00000001168149962756 0.99227903867591993325 
0.00959914032609830194 0.00000000099999999999 0.00875918051920789378 0.00000000099999999999 0.98164167715469374809 
0.00000000099999999999 0.01226116895799640380 0.00000000099999999999 0.01199314302947924495 0.97574568601252442690 
0.00000000099999999997 0.00000000099999999997 0.00000000099999999997 0.00093295827044926054 0.99906703872955071599 
0.00000000099999999979 0.00000000099999999979 0.00000000099999999979 0.00000000099999999979 0.99999999600000000211 
0.00020429723525840619 0.00000000099999999987 0.00000000099999999987 0.00000000099999999987 0.99979569976474147452 
0.00382351900731759450 0.00000000099999999995 0.00000000099999999995 0.00079251399890006206 0.99538396499378245519 
0.00000000099999999990 0.00000000099999999990 0.00000000099999999990 0.00511734620737352291 0.99488265079262638846 
0.00199108423608773330 0.00000000099999999993 0.00000000099999999993 0.03234094136566272731 0.96566797239824941901 
0.00000000099999999988 0.00000000099999999988 0.00000000099999999988 0.01255956833381555171 0.98744042866618442211 
0.00000000099999999985 0.00000000099999999985 0.00000000099999999985 0.00000000099999999985 0.99999999599999989108 
0.00000000099999999954 0.00000000099999999954 0.00000000099999999954 0.00262395702173989472 0.99737603997826007607 
0.00000000099999999995 0.00000000099999999995 0.00000000099999999995 0.00000000099999999995 0.99999999600000000211 
0.00000000099999999995 0.00000000099999999995 0.00000000099999999995 0.00000004421337978766 0.99999995278662012765 
0.00000000099999999994 0.00000000099999999994 0.00000000099999999994 0.04298478366433686887 0.95701521333566319516 
0.00222709904807432985 0.00000000099999999991 0.00000000099999999991 0.02367948894687978839 0.97409341000504590102 
0.00000000099999999992 0.00000000099999999992 0.00000000099999999992 0.00588821698371548748 0.99411178001628464074 
0.00000000099999999998 0.00074566946071344549 0.00000000099999999998 0.02237483083154031063 0.97687949770774629155 
0.00000000099999999987 0.00000000099999999987 0.00000000099999999987 0.00000000099999999987 0.99999999599999989108 
0.00129373464807308581 0.00592493528730997279 0.00000000099999999998 0.01313032066675635760 0.97965100839786056763 
0.00000000099999999997 0.00733127981431684356 0.00000000099999999997 0.01361218046391292867 0.97905653772177025918 
0.00000000099999999999 0.00102517379901900102 0.00001291786589401286 0.00000000099999999999 0.99896190633508707979 
0.00000000099999999996 0.00203876290175369424 0.00000000099999999996 0.00000000099999999996 0.99796123409824644135 
0.00000000099999999965 0.00000000099999999965 0.00000000099999999965 0.00000000099999999965 0.99999999600000000211 
0.00000000099999999988 0.00000000099999999988 0.00000000099999999988 0.01677980628116669537 0.98322019071883337560 
0.00000000099999999978 0.00000000099999999978 0.00000000099999999978 0.00000000099999999978 0.99999999599999989108 
0.00000000099999999985 0.00000000099999999985 0.00000000099999999985 0.00841487550558087279 0.99158512149441901951 
0.00000000099999999979 0.00000000099999999979 0.00000000099999999979 0.00000103608782943477 0.99999896091217066463 
0.00000000099999999985 0.00000000099999999985 0.00000000099999999985 0.01960610458882486654 0.98039389241117524953 
0.00000000099999999972 0.00000000099999999972 0.00000000099999999972 0.00490526663965127480 0.99509473036034867821 
0.00043173294138991680 0.00154701834436866970 0.00000000100000000000 0.07504190518111665542 0.92297934253312474695 
0.00000000099999999980 0.00000000099999999980 0.00000000099999999980 0.00000000099999999980 0.99999999599999989108 
0.00000000099999999984 0.00000000099999999984 0.00000000099999999984 0.00000000099999999984 0.99999999600000000211 
0.00000000099999999987 0.00000000099999999987 0.00000000099999999987 0.01756272275771084829 0.98243727424228910472 
0.00000000099999999973 0.00000000099999999973 0.00000000099999999973 0.00247696082299494981 0.99752303617700510685 
0.00000000099999999977 0.00000000099999999977 0.00000000099999999977 0.00000000099999999977 0.99999999599999989108 
0.00000000099999999995 0.00000000099999999995 0.00050449880408527442 0.00000000099999999995 0.99949549819591465560 
0.00000000099999999973 0.00000000099999999973 0.00000000099999999973 0.00000000099999999973 0.99999999599999989108 
0.00000000099999999985 0.00000000099999999985 0.00000000099999999985 0.00499867492791260682 0.99500132207208735746 
0.00000000099999999971 0.00000000099999999971 0.00000000099999999971 0.00000000099999999971 0.99999999600000000211 
0.00000000099999999968 0.00000000099999999968 0.00000000099999999968 0.00303084268106637361 0.99696915431893351478 
0.00000000099999999975 0.00000000099999999975 0.00000000099999999975 0.00000000099999999975 0.99999999600000000211 
0.00093988885966319485 0.00206744316740085964 0.00000000099999999998 0.00000000099999999998 0.99699266597293600967 
0.00064245255151342375 0.00140219771318312019 0.00000000099999999994 0.00000000099999999994 0.99795534773530347739 
0.00000000099999999998 0.00101645766453303398 0.00032328569659318031 0.00193449739316997778 0.99672575824570375236 
0.00000000099999999986 0.00000000099999999986 0.00000000099999999986 0.00000000099999999986 0.99999999600000000211 
0.00000000099999999949 0.00000000099999999949 0.00000000099999999949 0.00000000099999999949 0.99999999600000000211 
0.00000000099999999952 0.00000000099999999952 0.00000000099999999952 0.00000000099999999952 0.99999999599999989108 
0.00000000099999999970 0.00000000099999999970 0.00000000099999999970 0.00254743611509374458 0.99745256088490619195 
0.00000000099999999963 0.00000000099999999963 0.00000000099999999963 0.00000000099999999963 0.99999999600000000211 
0.00000000099999999956 0.00000000099999999956 0.00000000099999999956 0.00227436356842090686 0.99772563343157916194 
0.00000000099999999955 0.00000000099999999955 0.00000000099999999955 0.00292195158996596399 0.99707804541003408616 
0.00000000099999999969 0.00000000099999999969 0.00000000099999999969 0.00000000099999999969 0.99999999600000000211 
0.00000000099999999948 0.00000000099999999948 0.00000000099999999948 0.00000000099999999948 0.99999999600000000211 
0.00000000099999999978 0.00000000099999999978 0.00000000099999999978 0.00416394540481226493 0.99583605159518773231 
0.00000000099999999962 0.00000000099999999962 0.00000000099999999962 0.00140952481116883772 0.99859047218883123520 
0.00000000099999999955 0.00000000099999999955 0.00000000099999999955 0.00000000099999999955 0.99999999599999989108 
0.00000000099999999983 0.00000000099999999983 0.00000000099999999983 0.01042359757103280583 0.98957639942896724605 
0.00000000099999999975 0.00000000099999999975 0.00000000099999999975 0.00000000099999999975 0.99999999599999989108 
0.00000000099999999979 0.00000000099999999979 0.00000000099999999979 0.00000000099999999979 0.99999999600000000211 
0.00000000099999999974 0.00000000099999999974 0.00000000099999999974 0.00000000099999999974 0.99999999600000000211 
0.00000000099999999969 0.00000000099999999969 0.00000000099999999969 0.00236741606304093294 0.99763258093695894591 
