0.00000000099999999900 0.00000000099999999900 0.99999999499999980834 0.00000000099999999900 0.00000000099999999900 0.00000000099999999900 
0.00000000099999999904 0.00000000099999999904 0.99999999499999991937 0.00000000099999999904 0.00000000099999999904 0.00000000099999999904 
0.00000000099999999902 0.00000000099999999902 0.99999999499999991937 0.00000000099999999902 0.00000000099999999902 0.00000000099999999902 
0.00000000099999999904 0.00000000099999999904 0.99999999500000003039 0.00000000099999999904 0.00000000099999999904 0.00000000099999999904 
0.00000000099999999907 0.00000000099999999907 0.99999999500000003039 0.00000000099999999907 0.00000000099999999907 0.00000000099999999907 
0.00000000099999999909 0.00000000099999999909 0.99999999500000003039 0.00000000099999999909 0.00000000099999999909 0.00000000099999999909 
0.00000000099999999901 0.00000000099999999901 0.99999999500000003039 0.00000000099999999901 0.00000000099999999901 0.00000000099999999901 
0.00000000099999999909 0.00000000099999999909 0.99999999500000003039 0.00000000099999999909 0.00000000099999999909 0.00000000099999999909 
0.00000000099999999903 0.00000000099999999903 0.99999999499999991937 0.00000000099999999903 0.00000000099999999903 0.00000000099999999903 
0.00000000099999999910 0.00000000099999999910 0.99999999500000003039 0.00000000099999999910 0.00000000099999999910 0.00000000099999999910 
0.00000000099999999906 0.00000000099999999906 0.99999999500000003039 0.00000000099999999906 0.00000000099999999906 0.00000000099999999906 
0.00000000099999999924 0.00000000099999999924 0.99999999500000003039 0.00000000099999999924 0.00000000099999999924 0.00000000099999999924 
0.00000000099999999906 0.00000000099999999906 0.99999999500000003039 0.00000000099999999906 0.00000000099999999906 0.00000000099999999906 
0.00000000099999999903 0.00000000099999999903 0.99999999499999991937 0.00000000099999999903 0.00000000099999999903 0.00000000099999999903 
0.00000000099999999906 0.00000000099999999906 0.99999999500000003039 0.00000000099999999906 0.00000000099999999906 0.00000000099999999906 
0.00000000099999999905 0.00000000099999999905 0.99999999500000003039 0.00000000099999999905 0.00000000099999999905 0.00000000099999999905 
0.00000000099999999904 0.00000000099999999904 0.99999999500000003039 0.00000000099999999904 0.00000000099999999904 0.00000000099999999904 
0.00000000099999999911 0.00000000099999999911 0.99999999500000003039 0.00000000099999999911 0.00000000099999999911 0.00000000099999999911 
0.00000000099999999912 0.00000000099999999912 0.99999999500000003039 0.00000000099999999912 0.00000000099999999912 0.00000000099999999912 
0.00000000099999999911 0.00000000099999999911 0.99999999500000003039 0.00000000099999999911 0.00000000099999999911 0.00000000099999999911 
0.00000000099999999907 0.00000000099999999907 0.99999999499999991937 0.00000000099999999907 0.00000000099999999907 0.00000000099999999907 
0.00000000099999999910 0.00000000099999999910 0.99999999499999991937 0.00000000099999999910 0.00000000099999999910 0.00000000099999999910 
0.00000000099999999907 0.00000000099999999907 0.99999999500000003039 0.00000000099999999907 0.00000000099999999907 0.00000000099999999907 
0.00000000099999999910 0.00000000099999999910 0.99999999500000003039 0.00000000099999999910 0.00000000099999999910 0.00000000099999999910 
0.00000000099999999935 0.00000000099999999935 0.99999999499999991937 0.00000000099999999935 0.00000000099999999935 0.00000000099999999935 
0.00000000099999999907 0.00000000099999999907 0.99999999500000003039 0.00000000099999999907 0.00000000099999999907 0.00000000099999999907 
0.00000000099999999911 0.00000000099999999911 0.99999999499999991937 0.00000000099999999911 0.00000000099999999911 0.00000000099999999911 
0.00000000099999999912 0.00000000099999999912 0.99999999500000003039 0.00000000099999999912 0.00000000099999999912 0.00000000099999999912 
0.00000000099999999913 0.00000000099999999913 0.99999999499999991937 0.00000000099999999913 0.00000000099999999913 0.00000000099999999913 
0.00000000099999999910 0.00000000099999999910 0.99999999499999991937 0.00000000099999999910 0.00000000099999999910 0.00000000099999999910 
0.00000000099999999924 0.00000000099999999924 0.99999999499999991937 0.00000000099999999924 0.00000000099999999924 0.00000000099999999924 
0.00000000099999999938 0.00000000099999999938 0.99999999500000003039 0.00000000099999999938 0.00000000099999999938 0.00000000099999999938 
0.00000000099999999920 0.00000000099999999920 0.99999999499999991937 0.00000000099999999920 0.00000000099999999920 0.00000000099999999920 
0.00000000099999999930 0.00000000099999999930 0.99999999500000003039 0.00000000099999999930 0.00000000099999999930 0.00000000099999999930 
0.00000000099999999919 0.00000000099999999919 0.99999999499999991937 0.00000000099999999919 0.00000000099999999919 0.00000000099999999919 
0.00000000099999999927 0.00000000099999999927 0.99999999499999991937 0.00000000099999999927 0.00000000099999999927 0.00000000099999999927 
0.00000000099999999922 0.00000000099999999922 0.99999999499999991937 0.00000000099999999922 0.00000000099999999922 0.00000000099999999922 
0.00000000099999999922 0.00000000099999999922 0.99999999500000003039 0.00000000099999999922 0.00000000099999999922 0.00000000099999999922 
0.00000000099999999925 0.00000000099999999925 0.99999999500000003039 0.00000000099999999925 0.00000000099999999925 0.00000000099999999925 
0.00000000099999999941 0.00000000099999999941 0.99999999500000003039 0.00000000099999999941 0.00000000099999999941 0.00000000099999999941 
0.00000000099999999920 0.00000000099999999920 0.99999999499999991937 0.00000000099999999920 0.00000000099999999920 0.00000000099999999920 
0.00000000099999999931 0.00000000099999999931 0.99999999500000003039 0.00000000099999999931 0.00000000099999999931 0.00000000099999999931 
0.00000000099999999923 0.00000000099999999923 0.99999999500000003039 0.00000000099999999923 0.00000000099999999923 0.00000000099999999923 
0.00000000099999999922 0.00000000099999999922 0.99999999500000003039 0.00000000099999999922 0.00000000099999999922 0.00000000099999999922 
0.00000000099999999930 0.00000000099999999930 0.99999999499999991937 0.00000000099999999930 0.00000000099999999930 0.00000000099999999930 
0.00000000099999999923 0.00000000099999999923 0.99999999499999991937 0.00000000099999999923 0.00000000099999999923 0.00000000099999999923 
0.00000000099999999927 0.00000000099999999927 0.99999999499999991937 0.00000000099999999927 0.00000000099999999927 0.00000000099999999927 
0.00000000099999999943 0.00000000099999999943 0.99999999500000003039 0.00000000099999999943 0.00000000099999999943 0.00000000099999999943 
0.00000000099999999945 0.00000000099999999945 0.99999999499999991937 0.00000000099999999945 0.00000000099999999945 0.00000000099999999945 
0.00000000099999999953 0.00000000099999999953 0.99999999500000003039 0.00000000099999999953 0.00000000099999999953 0.00000000099999999953 
0.00000000099999999972 0.00000000099999999972 0.99999999500000003039 0.00000000099999999972 0.00000000099999999972 0.00000000099999999972 
0.59783582388068223779 0.00000000099999999979 0.00000000099999999979 0.40216417211931793085 0.00000000099999999979 0.00000000099999999979 
0.55672345403092138305 0.00000000099999999949 0.00000000099999999949 0.44327654196907861905 0.00000000099999999949 0.00000000099999999949 
0.51188954633501260183 0.00000000099999999979 0.00000000099999999979 0.48811044966498740028 0.00000000099999999979 0.00000000099999999979 
0.60755345526213833107 0.00000000099999999926 0.00000000099999999926 0.39244654073786167103 0.00000000099999999926 0.00000000099999999926 
0.60460437655669230228 0.00000000099999999938 0.00000000099999999938 0.39539561944330775534 0.00000000099999999938 0.00000000099999999938 
0.59773316162295275777 0.00000000099999999926 0.00000000099999999926 0.40226683437704724433 0.00000000099999999926 0.00000000099999999926 
0.60472379589279601220 0.00000000099999999959 0.00000000099999999959 0.39527620010720398991 0.00000000099999999959 0.00000000099999999959 
0.62616859288849935350 0.00000000099999999935 0.00000000099999999935 0.37383140311150075963 0.00000000099999999935 0.00000000099999999935 
0.59533524742811239072 0.00000000099999999951 0.00000000099999999951 0.40466474857188766689 0.00000000099999999951 0.00000000099999999951 
0.59717282731907550541 0.00000000099999999996 0.00000000099999999996 0.39815778478825747388 0.00000000099999999996 0.00466938489266706738 
0.57463313670958149348 0.00000000099999999941 0.00000000099999999941 0.42536685929041861964 0.00000000099999999941 0.00000000099999999941 
0.57854345125718731335 0.00000000099999999937 0.00000000099999999937 0.42145654474281279978 0.00000000099999999937 0.00000000099999999937 
0.56871565755399144937 0.00000000099999999990 0.00000000099999999990 0.42657098113916658289 0.00000000099999999990 0.00471335830684197973 
0.56992468677631147322 0.00000000099999999948 0.00000000099999999948 0.43007530922368858439 0.00000000099999999948 0.00000000099999999948 
0.62330514503958511785 0.00000000099999999980 0.00000000099999999980 0.37669485096041488426 0.00000000099999999980 0.00000000099999999980 
0.60765525093296413051 0.00000000099999999928 0.00000000099999999928 0.39234474506703609364 0.00000000099999999928 0.00000000099999999928 
0.51124240139303933628 0.00000000099999999961 0.00000000099999999961 0.48875759460696072134 0.00000000099999999961 0.00000000099999999961 
0.51785026507430143017 0.00000000099999999984 0.00000000099999999984 0.48214973092569868296 0.00000000099999999984 0.00000000099999999984 
0.56862302604127368255 0.00000000099999999943 0.00000000099999999943 0.43137696995872643058 0.00000000099999999943 0.00000000099999999943 
0.58082680521031992971 0.00000000099999999943 0.00000000099999999943 0.41917319078968012791 0.00000000099999999943 0.00000000099999999943 
0.58956272434058143439 0.00000000099999999949 0.00000000099999999949 0.41043727165941867874 0.00000000099999999949 0.00000000099999999949 
0.59214033104918717410 0.00000000099999999928 0.00000000099999999928 0.40785966495081288352 0.00000000099999999928 0.00000000099999999928 
0.55672058045238814739 0.00000000099999999952 0.00000000099999999952 0.44327941554761191023 0.00000000099999999952 0.00000000099999999952 
0.53557058540569402183 0.00000000099999999949 0.00000000099999999949 0.46442941059430592476 0.00000000099999999949 0.00000000099999999949 
0.50700155322091022825 0.00000000099999999970 0.00000000099999999970 0.49299844277908977386 0.00000000099999999970 0.00000000099999999970 
0.59517713939718508431 0.00000000099999999941 0.00000000099999999941 0.40482285660281502881 0.00000000099999999941 0.00000000099999999941 
0.53435977810670354238 0.00000000099999999951 0.00000000099999999951 0.46564021789329657075 0.00000000099999999951 0.00000000099999999951 
0.54144010442841206121 0.00000000099999999992 0.00052265756347883395 0.45339249859250324581 0.00000000099999999992 0.00464473741560583481 
0.60060512816853572904 0.00110691297895549939 0.00000000099999999994 0.39828795585250875710 0.00000000099999999994 0.00000000099999999994 
0.54970860693488554638 0.00000000099999999956 0.00000000099999999956 0.45029138906511451124 0.00000000099999999956 0.00000000099999999956 
0.61624016336602427391 0.00000000099999999941 0.00000000099999999941 0.38375983263397567269 0.00000000099999999941 0.00000000099999999941 
0.56829686577824911620 0.00182671001907340979 0.00245738750556277535 0.42741903433768102527 0.00000000135943355049 0.00000000100000000000 
0.46063946845714559553 0.00000000099999999972 0.00000000099999999972 0.53936052754285435107 0.00000000099999999972 0.00000000099999999972 
0.54118549727893838774 0.00000000099999999972 0.00000000099999999972 0.45881449872106172538 0.00000000099999999972 0.00000000099999999972 
0.52780349450322894267 0.00000000099999999957 0.00000000099999999957 0.47219650149677111495 0.00000000099999999957 0.00000000099999999957 
0.57851037102896485376 0.00000000099999999969 0.00000000099999999969 0.42148962497103537039 0.00000000099999999969 0.00000000099999999969 
0.51669712611663531909 0.00000000099999999958 0.00000000099999999958 0.48330286988336473852 0.00000000099999999958 0.00000000099999999958 
0.51798130911070283666 0.00000000099999999963 0.00000000099999999963 0.48201868688929710993 0.00000000099999999963 0.00000000099999999963 
0.48104154614238642251 0.00000000099999999960 0.00000000099999999960 0.51895844985761363510 0.00000000099999999960 0.00000000099999999960 
0.57511300390518949044 0.00180172743235381284 0.00000000099999999994 0.42308526566245685530 0.00000000099999999994 0.00000000099999999994 
0.57611643903486742246 0.00000000099999999973 0.00000000099999999973 0.42388355696513274617 0.00000000099999999973 0.00000000099999999973 
0.56435436752372203362 0.00000000099999999988 0.00000000100018342944 0.43564562847609472618 0.00000000099999999988 0.00000000099999999988 
0.58780556338251810367 0.00000000099999999963 0.00000000099999999963 0.41219443261748200946 0.00000000099999999963 0.00000000099999999963 
0.52488505663851947602 0.00000000099999999943 0.00000000099999999943 0.47511493936148063710 0.00000000099999999943 0.00000000099999999943 
0.54479189090568780340 0.00000000099999999942 0.00000000099999999942 0.45520810509431230972 0.00000000099999999942 0.00000000099999999942 
0.52883180163296705789 0.00000000099999999947 0.00000000099999999947 0.47116819436703311075 0.00000000099999999947 0.00000000099999999947 
0.54702914060697294119 0.00000000099999999947 0.00000000099999999947 0.45297085539302717194 0.00000000099999999947 0.00000000099999999947 
0.50402614929447742131 0.00000000099999999982 0.00000000099999999982 0.49597384670552263630 0.00000000099999999982 0.00000000099999999982 
0.55253731007008954901 0.00000000099999999943 0.00000000099999999943 0.44746268592991039759 0.00000000099999999943 0.00000000099999999943 
0.50103723806110889161 0.00000000099999999966 0.00000000099999999966 0.49896275793889116601 0.00000000099999999966 0.00000000099999999966 
0.56621175780789834153 0.00000000099999999946 0.00000000099999999946 0.43378823819210177160 0.00000000099999999946 0.00000000099999999946 
0.51134374567255991284 0.00000000099999999953 0.00000000099999999953 0.48865625032744025580 0.00000000099999999953 0.00000000099999999953 
0.53806778864244764193 0.00000000099999999964 0.00000000099999999964 0.46193220735755252671 0.00000000099999999964 0.00000000099999999964 
0.58146248801757138835 0.00000000099999999970 0.00000000099999999970 0.41853750798242872477 0.00000000099999999970 0.00000000099999999970 
0.55646052898734688075 0.00000000099999999956 0.00000000099999999956 0.44353946701265317687 0.00000000099999999956 0.00000000099999999956 
0.57410592925442960333 0.00000000099999999956 0.00000000099999999956 0.42589406674557039878 0.00000000099999999956 0.00000000099999999956 
0.56373545168638705682 0.00000000099999999971 0.00000000099999999971 0.43626454431361288977 0.00000000099999999971 0.00000000099999999971 
0.54449092680517241494 0.00000000099999999971 0.00090927387663421058 0.45459979631819352752 0.00000000099999999971 0.00000000099999999971 
0.55915991170799661525 0.00000000099999999948 0.00000000099999999948 0.44084008429200338686 0.00000000099999999948 0.00000000099999999948 
0.57311677388925641452 0.00000000099999999970 0.00000000099999999970 0.42688322211074380963 0.00000000099999999970 0.00000000099999999970 
0.53059586918313494941 0.00000000099999999942 0.00000000099999999942 0.46940412681686521923 0.00000000099999999942 0.00000000099999999942 
0.50874735657701741776 0.00000000099999999986 0.00000000099999999986 0.49125263942298258435 0.00000000099999999986 0.00000000099999999986 
0.53572278437391418482 0.00000000099999999976 0.00163284732410700728 0.46264436530197894371 0.00000000099999999976 0.00000000099999999976 
0.51926334994643807974 0.00016828874562174642 0.00011157795757521687 0.48045678135036490319 0.00000000099999999992 0.00000000099999999992 
0.56755798037043836413 0.00000000099999999971 0.00000000099999999971 0.43244201562956163798 0.00000000099999999971 0.00000000099999999971 
0.50016076600023517962 0.00000000099999999984 0.00000000099999999984 0.49983922999976493351 0.00000000099999999984 0.00000000099999999984 
0.60391712369820627071 0.00277540049875665048 0.00421098956329257843 0.38621208669569406791 0.00000000099999999998 0.00288439854405047333 
0.55509748636657663123 0.00079286289027387987 0.00158596794810849880 0.43927191352927097423 0.00000000099999999999 0.00325176826577005260 
0.54880904545643549586 0.00221842288120127542 0.00079496091031801221 0.44666814784890501722 0.00000000099999999998 0.00150942190314029339 
0.53786578124304629256 0.00000000099999999999 0.00000121878178548750 0.46049399597816592644 0.00081544627532185467 0.00082355672168051117 
0.52641871856236366334 0.00041299532635235192 0.00307403114089859798 0.46885784019516602017 0.00000000099999999998 0.00123641377521936831 
0.56535753308071901024 0.00000000099999999997 0.00257766661830802560 0.42999228222174773473 0.00003632249949789878 0.00203619457972733370 
0.99050655539672438632 0.00000000099999999955 0.00000000099999999955 0.00949344060327580140 0.00000000099999999955 0.00000000099999999955 
0.99999999500000014141 0.00000000099999999953 0.00000000099999999953 0.00000000099999999953 0.00000000099999999953 0.00000000099999999953 
0.99306229160525261168 0.00000000099999999971 0.00000000099999999971 0.00693770439474736093 0.00000000099999999971 0.00000000099999999971 
0.99999999500000003039 0.00000000099999999991 0.00000000099999999991 0.00000000099999999991 0.00000000099999999991 0.00000000099999999991 
0.99999999500000014141 0.00000000099999999949 0.00000000099999999949 0.00000000099999999949 0.00000000099999999949 0.00000000099999999949 
0.99999999500000014141 0.00000000099999999958 0.00000000099999999958 0.00000000099999999958 0.00000000099999999958 0.00000000099999999958 
0.99863233991667765821 0.00000000099999999966 0.00000000099999999966 0.00136765608332233978 0.00000000099999999966 0.00000000099999999966 
0.99404783539967245254 0.00000000099999999961 0.00000000099999999961 0.00595216060032763630 0.00000000099999999961 0.00000000099999999961 
0.99819871505823010160 0.00000000099999999955 0.00000000099999999955 0.00180128094176990202 0.00000000099999999955 0.00000000099999999955 
0.99927414498959743483 0.00000000099999999983 0.00072585101040271082 0.00000000099999999983 0.00000000099999999983 0.00000000099999999983 
0.99999999500000014141 0.00000000099999999954 0.00000000099999999954 0.00000000099999999954 0.00000000099999999954 0.00000000099999999954 
0.99625502172386004585 0.00000000099999999947 0.00000000099999999947 0.00374497427614014795 0.00000000099999999947 0.00000000099999999947 
0.99999999500000014141 0.00000000099999999955 0.00000000099999999955 0.00000000099999999955 0.00000000099999999955 0.00000000099999999955 
0.99999999500000014141 0.00000000099999999957 0.00000000099999999957 0.00000000099999999957 0.00000000099999999957 0.00000000099999999957 
0.99888067124657142770 0.00000000099999999976 0.00111932475342853082 0.00000000099999999976 0.00000000099999999976 0.00000000099999999976 
0.96969971434966606427 0.00000000099999999961 0.00000000099999999961 0.03030028165033401069 0.00000000099999999961 0.00000000099999999961 
0.99745779267348155805 0.00000000099999999968 0.00000000099999999968 0.00254220332651843451 0.00000000099999999968 0.00000000099999999968 
0.99999999500000014141 0.00000000099999999936 0.00000000099999999936 0.00000000099999999936 0.00000000099999999936 0.00000000099999999936 
0.98771436034181636643 0.00000000099999999984 0.00000000099999999984 0.00912818541608106243 0.00315745124210267854 0.00000000099999999984 
0.94676664032037083363 0.00145150390769019496 0.00000000099999999997 0.05139516708855694505 0.00000000099999999997 0.00038668668338203105 
0.99999999500000014141 0.00000000099999999983 0.00000000099999999983 0.00000000099999999983 0.00000000099999999983 0.00000000099999999983 
0.94417185474066500639 0.00000000099999999991 0.00000000099999999991 0.04605472259548371028 0.00977341966385130226 0.00000000099999999991 
0.92650830766488823098 0.00000000099999999993 0.00000000099999999993 0.07169578631496498211 0.00000000099999999993 0.00179590302014671628 
0.93390241884958491436 0.00000000099999999998 0.00000000099999999998 0.06294454178246307319 0.00000000099999999998 0.00315303636795202964 
0.98768763575577789293 0.00000000099999999990 0.00017720363826922877 0.01112648898485379609 0.00000000099999999990 0.00100866962109899430 
0.93721226697472359568 0.00000000099999999997 0.00000000099999999997 0.05974436229252418074 0.00130955511572109244 0.00173381361703122089 
0.95910593663457255342 0.00000000099999999998 0.00000000099999999998 0.03876817445622532388 0.00046215638576985841 0.00166373052343229033 
0.96998261688503362166 0.00000000099999999995 0.00000000099999999995 0.02858245911748324986 0.00143492099748326147 0.00000000099999999995 
0.97465968843451611381 0.00000000099999999981 0.00000000099999999981 0.02326688428704314776 0.00207342427844069751 0.00000000099999999981 
0.94130771983492977917 0.00000000099999999981 0.00000000099999999981 0.05869227616507020212 0.00000000099999999981 0.00000000099999999981 
0.95767126469106633735 0.00272122410173364056 0.00000000099999999990 0.03960750820720010390 0.00000000099999999990 0.00000000099999999990 
0.95714287952226673184 0.00000000099999999983 0.00000000099999999983 0.03675517236800410203 0.00610194510972928653 0.00000000099999999983 
0.93786917174718720247 0.00000000099999999999 0.00000000099999999999 0.05593748313594903987 0.00112371135631787939 0.00506963176054594372 
0.97992968318192130717 0.00000000099999999994 0.00000016426790716294 0.02007014955017149063 0.00000000099999999994 0.00000000099999999994 
0.94055931753385180194 0.00000000099999999976 0.00000000099999999976 0.05944067846614827649 0.00000000099999999976 0.00000000099999999976 
0.92237784427795088682 0.00000000099999999962 0.00000000099999999962 0.07762215172204929570 0.00000000099999999962 0.00000000099999999962 
0.95438728182939935873 0.00000000099999999986 0.00000000099999999986 0.04448360060884678363 0.00112911456175396048 0.00000000099999999986 
0.91371197879584409307 0.00932368922919512254 0.00000000099999999998 0.07696432897496079117 0.00000000099999999998 0.00000000099999999998 
0.87663650306119755840 0.00371752161508334287 0.00000001273224390403 0.11964596059147498963 0.00000000099999999999 0.00000000099999999999 
0.81455393165778444686 0.00000000100000000000 0.00900657382985422389 0.16623629502654127532 0.00000000100000000000 0.01020319748582016947 
0.93468212133023353960 0.00000000099999999970 0.00596220101827468936 0.05935567465149178823 0.00000000099999999970 0.00000000099999999970 
0.87337374456447625093 0.01011441092921725252 0.00000000100000000000 0.11006739529650869103 0.00644444720979774673 0.00000000100000000000 
0.76714101006919099834 0.00215358388534783122 0.00000000099999999999 0.23070540304546130472 0.00000000099999999999 0.00000000099999999999 
0.99371880076002083726 0.00000000099999999990 0.00065940435983081764 0.00562179188014835882 0.00000000099999999990 0.00000000099999999990 
0.98452055032041185800 0.00000000099999999999 0.01099127375497268438 0.00448730967857621180 0.00000086424603907602 0.00000000099999999999 
0.95045928804257717726 0.00000000099999999985 0.01581227521513368928 0.03372843374228923913 0.00000000099999999985 0.00000000099999999985 
0.97904600181510614831 0.00000000099999999992 0.00173486374256611722 0.01921913144232779980 0.00000000099999999992 0.00000000099999999992 
0.97472444165440297326 0.00000000099999999974 0.00828425369676343525 0.01699130164883363298 0.00000000099999999974 0.00000000099999999974 
0.97624892917198002884 0.00000000099999999994 0.00217132143418559973 0.02157974563007653349 0.00000000176375780644 0.00000000099999999994 
0.96121762136048993774 0.00000000099999999944 0.00000000099999999944 0.03878237463951021702 0.00000000099999999944 0.00000000099999999944 
0.99439179474599592723 0.00000000099999999966 0.00000000099999999966 0.00560820125400410523 0.00000000099999999966 0.00000000099999999966 
0.74946147445357480521 0.00199475719165734906 0.00000000099999999989 0.24854376535476796484 0.00000000099999999989 0.00000000099999999989 
0.77568416931193417962 0.00000000099999999986 0.00125422079255585331 0.22306160689550996734 0.00000000099999999986 0.00000000099999999986 
0.55843296040284240433 0.10158163916729151532 0.00000000099999999996 0.10432242708184787106 0.00000000099999999996 0.23566297134801811319 
0.71498379281608470670 0.00512913397947219359 0.00432930486176205404 0.27555776634268103198 0.00000000099999999991 0.00000000099999999991 
0.74439052115933312948 0.00510409559524133485 0.00267633466144964315 0.24782904658397594821 0.00000000099999999996 0.00000000099999999996 
0.54306933799034584620 0.10422747737286922054 0.00000000099999999997 0.09585693044290788389 0.00000000099999999997 0.25684625219387713368 
0.55037954096562602402 0.08613241438734631217 0.00000000099999999997 0.16536244194116342388 0.00000000099999999997 0.19812560070586426875 
0.60744237771899312062 0.06954572970508871022 0.00000000099999999997 0.11162925805237250421 0.00000000099999999997 0.21138263252354572153 
0.60706792020394328979 0.00283817033166094447 0.00318944465906991935 0.15051309824501407642 0.00000000099999999999 0.23639136556031178915 
0.58863584285083336844 0.02387104674762648496 0.00120187532023313410 0.16979004732871014194 0.00000000099999999999 0.21650118675259669154 
0.75693187284478302690 0.00000000099999999984 0.00000000099999999984 0.24306812315521700296 0.00000000099999999984 0.00000000099999999984 
0.58780481315957266997 0.00000000099999999998 0.00000000099999999998 0.12843925869900518766 0.00000000099999999998 0.28375592514142211620 
0.75297343426204643713 0.00379016780894685405 0.00678734855834078367 0.23304245085796101988 0.00000000099999999997 0.00340659751270497909 
0.51769382738637148567 0.07145699516784249916 0.00000000099999999998 0.14428790904020113994 0.00000000099999999998 0.26656126640558502894 
0.73872885518445885467 0.00000000099999999977 0.00261208156213287154 0.25865906025340845709 0.00000000099999999977 0.00000000099999999977 
0.72920369016128683270 0.00000000099999999972 0.00000000099999999972 0.27079630583871333593 0.00000000099999999972 0.00000000099999999972 
0.53796784572293410154 0.00000000099999999998 0.00708512577004486496 0.15545018577904060053 0.00000000099999999998 0.29949684072798060663 
0.77220254633165541502 0.00000000099999999988 0.00052021614729897737 0.22727723452104556245 0.00000000099999999988 0.00000000099999999988 
0.73959831082641125377 0.00161897078096670121 0.00000000099999999994 0.25734288087512868781 0.00000000099999999994 0.00143983551749340098 
0.88185194723751991752 0.00540132938022379067 0.00000000099999999998 0.11274672038225631854 0.00000000099999999998 0.00000000099999999998 
0.89902329207154962898 0.00000000100000000000 0.00000000100000000000 0.05176406904689269395 0.00000000100000000000 0.04921263588155780355 
0.93367026785274020995 0.00207879235554509325 0.00000000099999999998 0.06425093679171479943 0.00000000099999999998 0.00000000099999999998 
0.99213925487246179546 0.00179181162748519415 0.00000000099999999995 0.00606893050005313101 0.00000000099999999995 0.00000000099999999995 
0.92349379037027601314 0.00000000099999999995 0.00000000099999999995 0.04299278195684517329 0.01539844338281524949 0.01811498229006366922 
0.99999999500000003039 0.00000000099999999959 0.00000000099999999959 0.00000000099999999959 0.00000000099999999959 0.00000000099999999959 
0.99999999500000014141 0.00000000099999999959 0.00000000099999999959 0.00000000099999999959 0.00000000099999999959 0.00000000099999999959 
0.85417098787661993597 0.01162067257960988989 0.00422220632347900925 0.00000000099999999999 0.00000000099999999999 0.12998613122029120670 
0.99884771658100002245 0.00000000099999999981 0.00000000099999999981 0.00000000099999999981 0.00115227941900015464 0.00000000099999999981 
0.99999999500000014141 0.00000000099999999983 0.00000000099999999983 0.00000000099999999983 0.00000000099999999983 0.00000000099999999983 
0.99999999500000014141 0.00000000099999999914 0.00000000099999999914 0.00000000099999999914 0.00000000099999999914 0.00000000099999999914 
0.99941284583241518646 0.00000000099999999943 0.00000000099999999943 0.00058715016758490433 0.00000000099999999943 0.00000000099999999943 
0.99890584803454152141 0.00000000099999999940 0.00000000099999999940 0.00109414796545859042 0.00000000099999999940 0.00000000099999999940 
0.99999999500000003039 0.00000000099999999943 0.00000000099999999943 0.00000000099999999943 0.00000000099999999943 0.00000000099999999943 
0.99999999500000014141 0.00000000099999999931 0.00000000099999999931 0.00000000099999999931 0.00000000099999999931 0.00000000099999999931 
0.99202488956950540810 0.00000000099999999958 0.00000000099999999958 0.00797510643049455931 0.00000000099999999958 0.00000000099999999958 
0.99700482572235715750 0.00000000099999999979 0.00000000099999999979 0.00299517027764284677 0.00000000099999999979 0.00000000099999999979 
0.99999999500000003039 0.00000000099999999947 0.00000000099999999947 0.00000000099999999947 0.00000000099999999947 0.00000000099999999947 
0.99284411444494491406 0.00000000099999999997 0.00000000099999999997 0.00000000099999999997 0.00209912165298731202 0.00505676090206780542 
0.96675515374974474447 0.00000000099999999984 0.00035617309662235003 0.03288867015363289986 0.00000000099999999984 0.00000000099999999984 
0.99374369291313302544 0.00000000099999999965 0.00000000099999999965 0.00625630308686690208 0.00000000099999999965 0.00000000099999999965 
0.99299204904646509728 0.00064913331492547424 0.00000000099999999985 0.00635881463860959659 0.00000000099999999985 0.00000000099999999985 
0.99999999500000003039 0.00000000099999999940 0.00000000099999999940 0.00000000099999999940 0.00000000099999999940 0.00000000099999999940 
0.99999999500000003039 0.00000000099999999963 0.00000000099999999963 0.00000000099999999963 0.00000000099999999963 0.00000000099999999963 
0.99216770704696877203 0.00090566758574062048 0.00000000099999999989 0.00692662236729058023 0.00000000099999999989 0.00000000099999999989 
0.95491386933192889952 0.00000000099999999992 0.00000000099999999992 0.03746780283256281180 0.00761832483550823562 0.00000000099999999992 
0.99051481812314146058 0.00000000099999999968 0.00000000099999999968 0.00948517787685853632 0.00000000099999999968 0.00000000099999999968 
0.99355008327878091556 0.00000000099999999962 0.00000000099999999962 0.00644991272121910129 0.00000000099999999962 0.00000000099999999962 
0.99999999500000014141 0.00000000099999999931 0.00000000099999999931 0.00000000099999999931 0.00000000099999999931 0.00000000099999999931 
0.99555207088306707508 0.00000000099999999960 0.00000000099999999960 0.00444792511693306060 0.00000000099999999960 0.00000000099999999960 
0.97669919086603740332 0.00000000099999999962 0.00000000099999999962 0.02330080513396271674 0.00000000099999999962 0.00000000099999999962 
0.99295516862024091331 0.00000000099999999970 0.00000000099999999970 0.00704482737975912869 0.00000000099999999970 0.00000000099999999970 
0.92247750900689262643 0.00000000099999999994 0.00204204945119120570 0.07548043854191630042 0.00000000099999999994 0.00000000099999999994 
0.98687923941982558240 0.00000000099999999994 0.00164649570755733021 0.01147426187261716898 0.00000000099999999994 0.00000000099999999994 
0.99999999500000014141 0.00000000099999999983 0.00000000099999999983 0.00000000099999999983 0.00000000099999999983 0.00000000099999999983 
0.94810640687756486678 0.00000000099999999990 0.00000000099999999990 0.05151506919451367961 0.00000000099999999990 0.00037852092792144322 
0.99811379172042924424 0.00000000099999999981 0.00188620427957090879 0.00000000099999999981 0.00000000099999999981 0.00000000099999999981 
0.99148499757460795134 0.00000000099999999982 0.00000000099999999982 0.00000000099999999982 0.00851499842539209066 0.00000000099999999982 
0.99792177691342043300 0.00000000099999999994 0.00000000099999999994 0.00000000099999999994 0.00000000099999999994 0.00207821908657979245 
0.97327350316913330275 0.00360392172276008524 0.00738734358206340289 0.01145985736519827304 0.00000000099999999998 0.00427537316084496827 
0.99346767048159956293 0.00000000099999999997 0.00000000099999999997 0.00000127973438209740 0.00000000099999999997 0.00653104678401850939 
0.99746782704963810051 0.00105477197629378792 0.00000000099999999998 0.00000000099999999998 0.00000000099999999998 0.00147739797406820400 
0.99020408912010238200 0.00000000099999999978 0.00000000099999999978 0.00979590687989778837 0.00000000099999999978 0.00000000099999999978 
0.99535106153797758832 0.00000000099999999979 0.00000000099999999979 0.00464893446202249011 0.00000000099999999979 0.00000000099999999979 
0.96934110383737726035 0.00000000099999999971 0.00000000099999999971 0.03065889216262266542 0.00000000099999999971 0.00000000099999999971 
0.99390442322660643715 0.00229857485434223179 0.00296989058080678308 0.00082710933824449244 0.00000000099999999993 0.00000000099999999993 
0.99999999500000014141 0.00000000099999999966 0.00000000099999999966 0.00000000099999999966 0.00000000099999999966 0.00000000099999999966 
0.99448726072981785684 0.00341048785818310858 0.00170006429471759152 0.00040218511728146731 0.00000000099999999993 0.00000000099999999993 
0.85880916385065508845 0.00000000099999999996 0.00283971260624680914 0.13835112054309825491 0.00000000099999999996 0.00000000099999999996 
0.93001314712600802181 0.00000000099999999973 0.00000000099999999973 0.06998684887399217458 0.00000000099999999973 0.00000000099999999973 
0.99661400770359964696 0.00000000099999999992 0.00000000099999999992 0.00013646872199555093 0.00324952057440472961 0.00000000099999999992 
0.99999999500000003039 0.00000000099999999993 0.00000000099999999993 0.00000000099999999993 0.00000000099999999993 0.00000000099999999993 
0.99732719053680407573 0.00000000099999999994 0.00267280546319607210 0.00000000099999999994 0.00000000099999999994 0.00000000099999999994 
0.99251019616511981791 0.00000000099999999980 0.00000000099999999980 0.00000000099999999980 0.00748979983488025705 0.00000000099999999980 
0.98080082911725352535 0.00000000099999999982 0.00000000099999999982 0.01919916688274651145 0.00000000099999999982 0.00000000099999999982 
0.99998945437223651922 0.00000000099999999981 0.00000000099999999981 0.00001054162776350595 0.00000000099999999981 0.00000000099999999981 
0.95919725183306070448 0.00000000099999999975 0.00000000099999999975 0.04080274416693936007 0.00000000099999999975 0.00000000099999999975 
0.99798742082265778919 0.00000000099999999988 0.00201257517734222289 0.00000000099999999988 0.00000000099999999988 0.00000000099999999988 
0.99999999500000014141 0.00000000099999999969 0.00000000099999999969 0.00000000099999999969 0.00000000099999999969 0.00000000099999999969 
0.99999999500000014141 0.00000000099999999961 0.00000000099999999961 0.00000000099999999961 0.00000000099999999961 0.00000000099999999961 
0.99047166772490891073 0.00474287037731920599 0.00000000099999999999 0.00000000099999999999 0.00000125957587175777 0.00478420032190005236 
0.99999999500000014141 0.00000000099999999963 0.00000000099999999963 0.00000000099999999963 0.00000000099999999963 0.00000000099999999963 
0.98638301478004197786 0.00118970529041097272 0.00000000099999999994 0.01242727692954712602 0.00000000099999999994 0.00000000099999999994 
0.99999999500000003039 0.00000000099999999955 0.00000000099999999955 0.00000000099999999955 0.00000000099999999955 0.00000000099999999955 
0.99999999500000014141 0.00000000099999999984 0.00000000099999999984 0.00000000099999999984 0.00000000099999999984 0.00000000099999999984 
0.99236211728489986950 0.00000000099999999986 0.00000000099999999986 0.00522184487312502693 0.00241603484197520577 0.00000000099999999986 
0.97806001773335937699 0.00000000099999999988 0.00000000099999999988 0.01261044211486714132 0.00932953715177363939 0.00000000099999999988 
0.99847488578695364758 0.00000000099999999992 0.00000000099999999992 0.00000000099999999992 0.00000000099999999992 0.00152511021304656811 
0.99999999500000014141 0.00000000099999999988 0.00000000099999999988 0.00000000099999999988 0.00000000099999999988 0.00000000099999999988 
0.99284192257906966894 0.00000000099999999990 0.00000000099999999990 0.00602845203412586371 0.00000000099999999990 0.00112962238680460575 
0.98354021561870730306 0.00000000099999999992 0.00000000099999999992 0.01585543691175676784 0.00000000099999999992 0.00060434446953602393 
0.99102238252401564367 0.00000000099999999989 0.00000000099999999989 0.00897761347598435844 0.00000000099999999989 0.00000000099999999989 
0.99835105506659771457 0.00000000099999999993 0.00164894093340232917 0.00000000099999999993 0.00000000099999999993 0.00000000099999999993 
0.99059079380547343519 0.00000000099999999997 0.00000000099999999997 0.00071857232727324063 0.00000000099999999997 0.00869063086725348211 
0.99575727409350656139 0.00000000099999999997 0.00107310704557352413 0.00000000099999999997 0.00000083807154604780 0.00316877878937396043 
0.98919130810005362342 0.00050920275171046703 0.00461953537511454373 0.00567995177312139669 0.00000000099999999998 0.00000000099999999998 
0.89565951750826922062 0.00000000099999999999 0.00633571624956430404 0.08635717159000440291 0.00000000099999999999 0.01164759265216203619 
0.98694035781415967445 0.00094064236139228036 0.00000000099999999999 0.00937611639915530981 0.00085773795977840141 0.00188514446551435932 
0.96737553838798073791 0.00000000099999999999 0.00000000931243038940 0.02991293727825663704 0.00000000099999999999 0.00271151302133230748 
0.99999999500000014141 0.00000000099999999984 0.00000000099999999984 0.00000000099999999984 0.00000000099999999984 0.00000000099999999984 
0.99999999500000014141 0.00000000099999999961 0.00000000099999999961 0.00000000099999999961 0.00000000099999999961 0.00000000099999999961 
0.99904299275174635042 0.00000000099999999976 0.00095700324825379773 0.00000000099999999976 0.00000000099999999976 0.00000000099999999976 
0.99294119452099804946 0.00000000099999999977 0.00000000099999999977 0.00537921941298448621 0.00167958306601756436 0.00000000099999999977 
0.98983791571582291358 0.00000000099999999986 0.00000000099999999986 0.01016208028417729149 0.00000000099999999986 0.00000000099999999986 
0.99847859439133157533 0.00122030545443624979 0.00000000099999999997 0.00000000099999999997 0.00000000099999999997 0.00030109715423222135 
0.99383928866532667001 0.00373039844135833638 0.00000000099999999999 0.00000000099999999999 0.00029613090758903298 0.00213417998572611178 
0.99998523172130981962 0.00000000099999999993 0.00001476427869025780 0.00000000099999999993 0.00000000099999999993 0.00000000099999999993 
0.99260511898891323757 0.00000000099999999999 0.00000000099999999999 0.00000000099999999999 0.00430725198032995502 0.00308762603075699331 
0.99011198437465153255 0.00000000099999999994 0.00000000099999999994 0.00582634566479208523 0.00406166696055642110 0.00000000099999999994 
0.99194980401057708530 0.00000000099999999999 0.00251092356354129954 0.00000011389634021925 0.00000000099999999999 0.00553915652954133000 
0.98183568851030889046 0.00744589496176454885 0.01071841352792663772 0.00000000099999999999 0.00000000099999999999 0.00000000099999999999 
0.97749286503452004204 0.00000000099999999992 0.00000000099999999992 0.00100891390350033635 0.02149821806197965007 0.00000000099999999992 
0.99860633736792592252 0.00000000099999999996 0.00000000099999999996 0.00102792730690219212 0.00000000099999999996 0.00036573232517190076 
0.99999999500000003039 0.00000000099999999972 0.00000000099999999972 0.00000000099999999972 0.00000000099999999972 0.00000000099999999972 
