0.00000000099999999999 0.57341489438872106366 0.42658510461127902014 
0.00000000099999999999 0.57774048027612034950 0.42225951872387967878 
0.00000000099999999999 0.57461156275815361560 0.42538843624184635717 
0.00000000099999999999 0.57681245422807114753 0.42318754477192899177 
0.00000000099999999999 0.57714454740590048765 0.42285545159409959615 
0.00000000099999999999 0.57078508117277981793 0.42921491782722009933 
0.00000000099999999999 0.57087764618406811046 0.42912235281593208436 
0.00000000099999999999 0.57568134632773759751 0.42431865267226237526 
0.00000000099999999999 0.57326162155539339693 0.42673837744460668686 
0.00000000099999999999 0.57545330338661904168 0.42454669561338093109 
0.00000000099999999999 0.57439171089885654453 0.42560828810114342824 
0.00000000099999999999 0.57673043546836166851 0.42326956353163830427 
0.00000000099999999999 0.57539590315002908660 0.42460409584997094168 
0.00000000099999999999 0.56985103215501975438 0.43014896684498038493 
0.00000000099999999999 0.57382096158278406151 0.42617903741721591127 
0.00000000099999999999 0.57505795167253237477 0.42494204732746765352 
0.00000000099999999999 0.57507751671293905193 0.42492248228706108737 
0.00000000099999999999 0.57820573392980223471 0.42179426507019768255 
0.00000000099999999999 0.57868897599608670745 0.42131102300391326532 
0.00000000099999999999 0.58339367965344690603 0.41660631934655301123 
0.00000000099999999999 0.57646714547603894463 0.42353285352396102814 
0.00000000099999999999 0.57268074484159825488 0.42731925415840182891 
0.00000000099999999999 0.57456805742014194216 0.42543194157985808612 
0.00000000099999999999 0.57403157956086625635 0.42596841943913360540 
0.00000000099999999999 0.57540066203849593585 0.42459933696150414795 
0.00000000099999999999 0.57270368157260675979 0.42729631742739326850 
0.00000000099999999999 0.57617953586367209873 0.42382046313632792955 
0.00000000099999999999 0.57616373866190795372 0.42383626033809201905 
0.00000000099999999999 0.57412072371054490016 0.42587927528945529465 
0.00000000099999999999 0.57553092219755408454 0.42446907680244599925 
0.00000000099999999999 0.58160660206799874583 0.41839339693200128245 
0.00000000099999999999 0.57764575970611897748 0.42235423929388110631 
0.00000000099999999999 0.58102955766110764291 0.41897044133889244089 
0.00000000099999999999 0.58201334946077210031 0.41798664953922798349 
0.00000000099999999999 0.57219352352546692941 0.42780647547453309887 
0.00000000099999999999 0.58993082104009431088 0.41006917795990577291 
0.00000000099999999999 0.57802732252640975918 0.42197267647359026910 
0.00000000099999999999 0.57940618912939800822 0.42059380987060213108 
0.00000000099999999999 0.57831149845925400310 0.42168850054074591416 
0.00000000099999999999 0.59167571163260346268 0.40832428736739651010 
0.00000000099999999999 0.57673689267702998862 0.42326310632297009517 
0.00000000100000000000 0.58377353332338388636 0.41622646567661614192 
0.00000000099999999999 0.58311720258076060741 0.41688279641923947638 
0.00000000099999999999 0.58292016122282719337 0.41707983777717289042 
0.00000000100000000000 0.58124716702163659043 0.41875283197836338234 
0.00000000100000000000 0.58881051519117766357 0.41118948380882242022 
0.00000000099999999999 0.58267690580806319467 0.41732309319193677810 
0.00000000099999999999 0.58574876955609667117 0.41425122944390330160 
0.00000000099999999999 0.57573508192515965298 0.42426491707484037530 
0.00000000100000000000 0.59149595630255813461 0.40850404269744194918 
0.00000000100000000000 0.57775249186627097853 0.42224750713372899424 
0.59588096470177798203 0.40411903429822199074 0.00000000099999999991 
0.55356774403300013088 0.44643225496699984189 0.00000000099999999983 
0.49348607661933480140 0.50651392238066517137 0.00000000099999999994 
0.61014838371687984964 0.38985161528312012313 0.00000000099999999977 
0.59995563264562901118 0.40004436635437101710 0.00000000099999999981 
0.60106263301351559036 0.39893736598648432690 0.00000000099999999977 
0.60071232957119746754 0.39928766942880256074 0.00000000099999999986 
0.62393657766971033496 0.37606342133028969332 0.00000000099999999979 
0.58818797952919044114 0.41181201947080958714 0.00000000099999999985 
0.59086539317059183496 0.40398783072430372032 0.00514677610510439008 
0.57163498560018100036 0.42836501339981886138 0.00000000099999999982 
0.57646463400870662230 0.42353536499129335047 0.00000000099999999980 
0.56620441589408754268 0.42842337708457328693 0.00537220702133919554 
0.55763608286302734918 0.44236391613697251257 0.00000000099999999985 
0.59748745715445672477 0.40251254184554313698 0.00000000099999999994 
0.60320515612623015755 0.39679484287376964868 0.00000000099999999977 
0.49091040510039951617 0.50908959389960051212 0.00000000099999999987 
0.50653889244866301400 0.49346110655133695877 0.00000000099999999992 
0.55668068654815916485 0.44331931245184069690 0.00000000099999999982 
0.58368609048685304863 0.41631390851314697965 0.00000000099999999982 
0.58004086924105635603 0.41995912975894350572 0.00000000099999999983 
0.59324555424001756965 0.40675444475998234761 0.00000000099999999976 
0.55320806803146083119 0.44679193096853908607 0.00000000099999999983 
0.53038052975278826562 0.46961946924721165164 0.00000000099999999983 
0.49833418506179932850 0.50166581393820064427 0.00000000099999999991 
0.57950048085632210881 0.42049951814367786396 0.00000000099999999978 
0.52150564860140513623 0.47849435039859494756 0.00000000099999999986 
0.54468787047966304993 0.44997207272550021617 0.00534005679483663415 
0.59942668997021120170 0.40057330902978871556 0.00000000099999999998 
0.54741734784495654775 0.45258265115504342502 0.00000000099999999988 
0.61545470557140247170 0.38454529342859744556 0.00000000099999999981 
0.56875540120022727297 0.42942179779447636756 0.00182280100529637421 
0.43664636068254158996 0.56335363831745821628 0.00000000099999999990 
0.53088423155602659786 0.46911576744397331939 0.00000000099999999990 
0.51179360592258760221 0.48820639307741231505 0.00000000099999999986 
0.56024297772218800695 0.43975702127781202133 0.00000000099999999989 
0.49754432054974839783 0.50245567845025140841 0.00000000099999999985 
0.50314900829981679120 0.49685099070018323708 0.00000000099999999986 
0.47236238492955878732 0.52763761407044107443 0.00000000099999999987 
0.57606283375735256591 0.42246322987950496453 0.00147393636314236700 
0.55023402976809965281 0.44976596923190026445 0.00000000099999999992 
0.53652368638950298507 0.46347631261049704321 0.00000000099999999996 
0.58931810736362910674 0.41068189163637086603 0.00000000099999999987 
0.51076235741049980099 0.48923764158950017178 0.00000000099999999982 
0.53069237849842099131 0.46930762050157903698 0.00000000099999999982 
0.51392445402296127455 0.48607554497703864271 0.00000000099999999983 
0.51999746153699899498 0.48000253746300092228 0.00000000099999999983 
0.49948254081361276313 0.50051745818638715413 0.00000000099999999996 
0.54288599761015310374 0.45711400138984686903 0.00000000099999999982 
0.49193508315673573073 0.50806491584326429756 0.00000000099999999989 
0.55356718645772007292 0.44643281254227978883 0.00000000099999999983 
0.49424770864244105262 0.50575229035755897566 0.00000000099999999984 
0.50478610520989219967 0.49521389379010766207 0.00000000099999999988 
0.54308394261857162455 0.45691605638142829271 0.00000000099999999988 
0.53472801564470828772 0.46527198335529168505 0.00000000099999999983 
0.55395366947118618306 0.44604632952881367869 0.00000000099999999986 
0.53064914544957697551 0.46935085355042299726 0.00000000099999999989 
0.50942503396325600207 0.49057496503674385968 0.00000000099999999990 
0.54362179544880995241 0.45637820355118996485 0.00000000099999999984 
0.55621053013729726544 0.44378946886270281835 0.00000000099999999990 
0.50454129517315604581 0.49545870382684392697 0.00000000099999999982 
0.47556783290407378395 0.52443216609592613331 0.00000000099999999994 
0.49991795627645796429 0.50008204272354195297 0.00000000099999999992 
0.49240154346141229436 0.50759845553858762290 0.00000000099999999995 
0.54972710886874942560 0.45027289013125065820 0.00000000099999999988 
0.46197929614228533390 0.53802070285771463887 0.00000000099999999995 
0.56752458541016514992 0.42594100277277763267 0.00653441181705705174 
0.52619954414225655892 0.46902756824525126955 0.00477288761249215852 
0.53178931254602357370 0.46471536612472952310 0.00349532132924690970 
0.51709865823719003419 0.48176641516026569301 0.00113492660254418997 
0.48293830862645287239 0.51501712777738561932 0.00204456359616151349 
0.52135242066191544996 0.47599351289143387866 0.00265406644665076982 
0.99130374736610260555 0.00869625163389722497 0.00000000099999999986 
0.99999999800000005656 0.00000000099999999986 0.00000000099999999986 
0.99508976928966119679 0.00491022971033867450 0.00000000099999999988 
0.99999999800000005656 0.00000000099999999996 0.00000000099999999996 
0.99999999799999994554 0.00000000099999999983 0.00000000099999999983 
0.99999999799999994554 0.00000000099999999986 0.00000000099999999986 
0.99994839358793308204 0.00005160541206675981 0.00000000099999999989 
0.99313877888751589396 0.00686122011248402070 0.00000000099999999988 
0.99996021696292614056 0.00003978203707387115 0.00000000099999999985 
0.99999999799999994554 0.00000000099999999995 0.00000000099999999995 
0.99999999800000005656 0.00000000099999999985 0.00000000099999999985 
0.99511352947161557658 0.00488646952838444650 0.00000000099999999984 
0.99999999800000005656 0.00000000099999999987 0.00000000099999999987 
0.99999999799999994554 0.00000000099999999987 0.00000000099999999987 
0.99999999799999994554 0.00000000099999999992 0.00000000099999999992 
0.96912761820442228089 0.03087238079557762249 0.00000000099999999988 
0.99502490983302138705 0.00497508916697853715 0.00000000099999999990 
0.99999999800000005656 0.00000000099999999980 0.00000000099999999980 
0.98378263268415699905 0.01401654216503417025 0.00220082515080893045 
0.93682852511402514573 0.06158616904143332516 0.00158530584454148488 
0.99999999800000005656 0.00000000099999999996 0.00000000099999999996 
0.92542476973455267686 0.06878591770330905186 0.00578931256213842393 
0.92716890003376084550 0.07113594591047443794 0.00169515405576472458 
0.93273324469845664275 0.06348294558862734027 0.00378380971291591029 
0.98879431487476576734 0.01059810484978953790 0.00060758027544470256 
0.92516557668195975594 0.07193529837328373200 0.00289912494475648300 
0.95586460155196784072 0.04210358532489826694 0.00203181312313386675 
0.95885989664597603976 0.04033441894308856940 0.00080568441093545307 
0.96202952654493911755 0.03712559647696475618 0.00084487697809616368 
0.92480463901399334592 0.07519535998600661297 0.00000000099999999994 
0.95520164484115166470 0.04349529674789118922 0.00130305841095717948 
0.95007873543481313749 0.04593343620982229952 0.00398782835536455344 
0.92659648335748889814 0.06640517767579270925 0.00699833896671841343 
0.96841977348886709720 0.03158022551113282006 0.00000000099999999998 
0.92224472477105412516 0.07775527422894579210 0.00000000099999999993 
0.90614697845530756126 0.09385302054469248090 0.00000000099999999988 
0.95095879120165949239 0.04904120779834053589 0.00000000100000000000 
0.90860110266305593729 0.08504461728130868758 0.00635428005563552344 
0.82636671182929954949 0.17026590609829875267 0.00336738207240170825 
0.79304459753141653966 0.19190320185601111858 0.01505220061257235044 
0.92488619800607463350 0.07333399972766278807 0.00177980226626260596 
0.85081861040651296513 0.13617222617708357735 0.01300916341640348008 
0.78790819984388704711 0.21209179915611298117 0.00000000100000000000 
0.97728105643787410717 0.02271894256212580662 0.00000000099999999997 
0.98385646793269665444 0.01169510623980984411 0.00444842582749351359 
0.94658424282892661417 0.04809956975910870819 0.00531618741196477913 
0.98081783016992873936 0.01918216883007127505 0.00000000099999999999 
0.97034703456511006703 0.02743621388515586276 0.00221675154973416562 
0.96107204224731801467 0.03829547770688001423 0.00063248004580191601 
0.95620263917332959380 0.04379735982667042060 0.00000000099999999981 
0.98273302217765901023 0.01726697682234100070 0.00000000099999999989 
0.73757980087245944567 0.26139969798731998996 0.00102050114022051558 
0.76618757152152916490 0.23381242747847078012 0.00000000099999999995 
0.54768601980540565499 0.11453199279080729378 0.33778198740378712062 
0.70099426337207504378 0.29475104237091914738 0.00425469425700581751 
0.72409245112055042881 0.27200975852882280925 0.00389779035062678405 
0.53685193264626895893 0.09894331203921871709 0.36420475531451235174 
0.54921883256941450568 0.16147506624376101181 0.28930610118682442700 
0.58352854340183824000 0.12494850535793708413 0.29152295124022470363 
0.59206400116656121568 0.13529326011413039810 0.27264273871930844173 
0.56493171182686796605 0.16721573309067647162 0.26785255508245547906 
0.74203574788781045957 0.25796425111218934667 0.00000000099999999992 
0.54942802844530902462 0.12705836471432821466 0.32351360684036267745 
0.74254664819317062197 0.24923241145096772242 0.00822094035586160878 
0.52010451064313178993 0.12895964919241362234 0.35093584016445461549 
0.71630979106000047807 0.28369020793999960572 0.00000000099999999992 
0.71903417611932962661 0.28096582288067040167 0.00000000099999999990 
0.51359482590546423619 0.14674281239679368150 0.33966236169774216558 
0.76059269779269067513 0.23940730120730932540 0.00000000099999999994 
0.72249922726598447831 0.27548796842632922166 0.00201280430768627748 
0.84918352002366781495 0.14682011471848513406 0.00399636525784704058 
0.89279411354373061638 0.05182890877969037469 0.05537697767657898812 
0.92376018044640439975 0.07506839616055628606 0.00117142339303934477 
0.99131811892527899044 0.00752589133126981696 0.00115598974345111844 
0.90772505235375910981 0.05946969378875463508 0.03280525385748623429 
0.99990528653992938324 0.00009471246007062893 0.00000000099999999986 
0.99999999800000005656 0.00000000099999999987 0.00000000099999999987 
0.82799923657870111438 0.00690557313166509541 0.16509519028963390297 
0.99999999800000005656 0.00000000099999999998 0.00000000099999999998 
0.99999999800000005656 0.00000000099999999994 0.00000000099999999994 
0.99999999799999994554 0.00000000099999999973 0.00000000099999999973 
0.99999992376516178005 0.00000007523483815345 0.00000000099999999981 
0.99877186207572854482 0.00122813692427141299 0.00000000099999999981 
0.99999999799999994554 0.00000000099999999982 0.00000000099999999982 
0.99999999800000005656 0.00000000099999999977 0.00000000099999999977 
0.98922902677879576139 0.01077097222120417495 0.00000000099999999987 
0.99539868776253503935 0.00460131123746484235 0.00000000099999999993 
0.99999999799999994554 0.00000000099999999982 0.00000000099999999982 
0.99249777116390913712 0.00000000100000000000 0.00750222783609097704 
0.96103194917110867923 0.03896804982889123109 0.00000000099999999995 
0.99295970650753562214 0.00704029249246444343 0.00000000099999999990 
0.99347065994138195055 0.00652933905861801268 0.00000000099999999994 
0.99999999799999994554 0.00000000099999999981 0.00000000099999999981 
0.99999999799999994554 0.00000000099999999988 0.00000000099999999988 
0.98932605725509603634 0.01067394174490389827 0.00000000099999999998 
0.94766263455324173393 0.04681869508861651735 0.00551867035814160301 
0.98702580425815533705 0.01297419474184463052 0.00000000099999999991 
0.98952402780844550545 0.01047597119155448293 0.00000000099999999988 
0.99999999800000005656 0.00000000099999999979 0.00000000099999999979 
0.99520302772638336020 0.00479697127361649288 0.00000000099999999988 
0.97453930352674011939 0.02546069547325980481 0.00000000099999999989 
0.99086187199732445041 0.00913812700267548246 0.00000000099999999991 
0.90511924421657963258 0.09399127326464019883 0.00088948251878029003 
0.98026258810528099641 0.01943053963921809527 0.00030687225550087927 
0.99999999799999994554 0.00000000099999999994 0.00000000099999999994 
0.94612197074524240215 0.05387802825475763308 0.00000000099999999999 
0.99999999800000005656 0.00000000099999999991 0.00000000099999999991 
0.99497568518911061464 0.00000000100000000000 0.00502431381088926446 
0.99782305022077477652 0.00000000124886302976 0.00217694853036225211 
0.97769744184669049591 0.01229500887413403389 0.01000754927917554653 
0.99235941494829582599 0.00000000100000000000 0.00764058405170424306 
0.99792920010435692824 0.00000000100000000000 0.00207079889564313257 
0.97762193678366182681 0.02237806221633812861 0.00000000099999999993 
0.99357322193778097041 0.00642677706221903445 0.00000000099999999992 
0.97257777377873544378 0.02742222522126450818 0.00000000099999999991 
0.98564842510205685766 0.01265089391232751895 0.00170068098561563662 
0.99999999800000005656 0.00000000099999999985 0.00000000099999999985 
0.99274580307569537663 0.00496173989047056681 0.00229245703383410947 
0.82930552797016343636 0.17069447102983648090 0.00000000099999999999 
0.92276557439773621017 0.07723442460226379036 0.00000000099999999991 
0.99938426455083884115 0.00061573444916109314 0.00000000100000000000 
0.99999981138598781349 0.00000018761401219991 0.00000000099999999998 
0.98683681585839966299 0.01276442926351665542 0.00039875487808351949 
0.99633680713035865928 0.00000436204246852901 0.00365883082717270887 
0.97659229760307797452 0.02340770139692192886 0.00000000099999999994 
0.98223619910788495524 0.01776379989211486835 0.00000000099999999995 
0.94830125625800121281 0.05169874274199885711 0.00000000099999999992 
0.99926368279623301039 0.00000000100000000000 0.00073631620376692639 
0.99999999800000005656 0.00000000099999999992 0.00000000099999999992 
0.99999998194709882604 0.00000001705290112259 0.00000000099999999989 
0.99057065730598281572 0.00005661563263549819 0.00937272706138173907 
0.99999999799999994554 0.00000000099999999990 0.00000000099999999990 
0.98500893823163371277 0.01499106076836634500 0.00000000099999999999 
0.99999999800000005656 0.00000000099999999987 0.00000000099999999987 
0.99743548239143198231 0.00256451660856801171 0.00000000099999999996 
0.99590709165888224863 0.00372227449209511100 0.00037063384902249173 
0.95774469244953364111 0.03716283576991859933 0.00509247178054783242 
0.99862844916317861088 0.00000000100000000000 0.00137154983682155574 
0.99999999800000005656 0.00000000099999999996 0.00000000099999999996 
0.99271426102192883434 0.00724657375381348046 0.00003916522425761887 
0.98343851075293076125 0.01655646356164757610 0.00000502568542169672 
0.97808720160332918159 0.02191279739667085363 0.00000000099999999997 
0.99999999799999994554 0.00000000099999999998 0.00000000099999999998 
0.98931209496670147185 0.00052634541162717549 0.01016155962167121854 
0.99596487108688736001 0.00000007756796346525 0.00403505134514911719 
0.98994766874244111143 0.00800028565512547057 0.00205204560243349172 
0.88627458439823458836 0.09732199308583701358 0.01640342251592843276 
0.98446304571119691573 0.01212172987155132539 0.00341522441725162530 
0.96577006189605751896 0.03135767384758924442 0.00287226425635320540 
0.99999999800000005656 0.00000000099999999995 0.00000000099999999995 
0.99999999799999994554 0.00000000099999999986 0.00000000099999999986 
0.99998567801463666971 0.00001432098536329748 0.00000000099999999993 
0.99458059219507943816 0.00541940680492049125 0.00000000100000000000 
0.98873060596412365442 0.01126939303587639295 0.00000000099999999996 
0.99882148015042371281 0.00000000100000000000 0.00117851884957625454 
0.99444273952326434074 0.00000000100000000000 0.00555725947673556871 
0.99999999799999994554 0.00000000099999999999 0.00000000099999999999 
0.99279268514185181616 0.00000000100000000000 0.00720731385814816009 
0.98920370203760277228 0.00808651468614232302 0.00270978327625496541 
0.99259025049685567499 0.00000132410749859611 0.00740842539564556465 
0.98655439550180634711 0.00399285877365485389 0.00945274572453890308 
0.97285125240748115960 0.01239234776966549947 0.01475639982285334439 
0.99986176180096753008 0.00013823719903239688 0.00000000099999999999 
0.99999999800000005656 0.00000000099999999991 0.00000000099999999991 
0.99999999800000005656 0.00000000099999999993 0.00000000099999999993 
0.99248932973394399237 0.00620959997354458143 0.00130107029251152985 
0.98536368321687028971 0.01463631578312959113 0.00000000099999999994 
0.95951429777679464461 0.04048570122320537673 0.00000000099999999999 
0.98874264823300983540 0.01125735076699024492 0.00000000099999999995 
0.99999999799999994554 0.00000000099999999993 0.00000000099999999993 
0.99840307582141896159 0.00159692317858101443 0.00000000099999999980 
0.99999998174272874962 0.00000001725727114925 0.00000000099999999998 
0.99567971679276678909 0.00432028220723328863 0.00000000099999999999 
0.95341640101378555272 0.04658359798621426046 0.00000000099999999997 
0.96658812531806881374 0.03341187368193121454 0.00000000099999999997 
0.99026213443400756820 0.00973786456599243407 0.00000000099999999997 
0.97959904666834063391 0.02040095233165931457 0.00000000100000000000 
0.99999999799999994554 0.00000000099999999995 0.00000000099999999995 
0.97119706228869173703 0.02115342223891062551 0.00764951547239769210 
0.96416089731685783448 0.02673429454670148142 0.00910480813644072920 
0.99868064017191171544 0.00000000099999999999 0.00131935882808825017 
0.99762781637581410266 0.00000000100000000000 0.00237218262418603665 
0.99999999799999994554 0.00000000099999999984 0.00000000099999999984 
0.98045016447526889269 0.01954983452473101069 0.00000000099999999995 
0.99999999799999994554 0.00000000099999999991 0.00000000099999999991 
0.99151535731702811205 0.00848464168297180694 0.00000000099999999993 
0.99999991587514847069 0.00000008312485155441 0.00000000099999999992 
0.97960712689768680850 0.02039287210231323366 0.00000000099999999994 
0.99165265036569083534 0.00834734863430923631 0.00000000099999999987 
0.89796910360777038029 0.10042092595688872914 0.00160997043534082292 
0.99999999799999994554 0.00000000099999999992 0.00000000099999999992 
0.99999999799999994554 0.00000000099999999992 0.00000000099999999992 
0.98001023233127859680 0.01998976666872152169 0.00000000099999999994 
0.99682480831545061672 0.00317519068454937209 0.00000000099999999989 
0.99999999800000005656 0.00000000099999999989 0.00000000099999999989 
0.99997192788900901572 0.00002807111099082875 0.00000000099999999997 
0.99999999800000005656 0.00000000099999999989 0.00000000099999999989 
0.99501029423482378888 0.00498970476517613358 0.00000000099999999991 
0.99999999800000005656 0.00000000099999999987 0.00000000099999999987 
0.99705962372224965495 0.00294037527775043014 0.00000000099999999986 
0.99999999799999994554 0.00000000099999999990 0.00000000099999999990 
0.99750072606051498614 0.00000000100000000000 0.00249927293948509462 
0.99839153730557017585 0.00000000100000000000 0.00160846169442988192 
0.99755406512523958629 0.00126755112105983686 0.00117838375370054368 
0.99999999799999994554 0.00000000099999999994 0.00000000099999999994 
0.99999999799999994554 0.00000000099999999978 0.00000000099999999978 
0.99999999799999994554 0.00000000099999999979 0.00000000099999999979 
0.99755860449928157596 0.00244139450071837556 0.00000000099999999987 
0.99999999800000005656 0.00000000099999999984 0.00000000099999999984 
0.99745988695083986908 0.00254011204916006943 0.00000000099999999981 
0.99999861017266777896 0.00000138882733215031 0.00000000099999999981 
0.99999999799999994554 0.00000000099999999986 0.00000000099999999986 
0.99999999800000005656 0.00000000099999999977 0.00000000099999999977 
0.99514426776746567338 0.00485573123253425862 0.00000000099999999990 
0.99849508944659115528 0.00150490955340888298 0.00000000099999999984 
0.99999999799999994554 0.00000000099999999981 0.00000000099999999981 
0.99132989064546839231 0.00867010835453162210 0.00000000099999999993 
0.99999999799999994554 0.00000000099999999989 0.00000000099999999989 
0.99999999800000005656 0.00000000099999999992 0.00000000099999999992 
0.99999999800000005656 0.00000000099999999989 0.00000000099999999989 
0.99999996335428886773 0.00000003564571114569 0.00000000099999999988 
0.99999999800000005656 0.00000000099999999983 0.00000000099999999983 
0.99753603557306991245 0.00246396342693017134 0.00000000099999999982 
0.99999999800000005656 0.00000000099999999989 0.00000000099999999989 
0.99382338995109975599 0.00617660904890024627 0.00000000099999999991 
0.99083100685600500324 0.00916899214399493831 0.00000000099999999984 
0.98832329254557194087 0.00714170177198364745 0.00453500568244424602 
0.97420251829360515750 0.01824023705629759101 0.00755724465009711271 
0.99999999799999994554 0.00000000099999999993 0.00000000099999999993 
0.97790292985455573582 0.01887387141484242817 0.00322319873060186073 
0.98972924260652805906 0.00478363609553871926 0.00548712129793313061 
0.99379329334080157565 0.00000000100000000000 0.00620670565919847605 
0.99870102626708612270 0.00000000099999999999 0.00129897273291398408 
0.99999999799999994554 0.00000000099999999996 0.00000000099999999996 
0.99658193301955955157 0.00000000100000000000 0.00341806598044050187 
0.99201345911536920052 0.00488928606912097767 0.00309725481550982311 
0.99681515481401350431 0.00318484418598652353 0.00000000099999999992 
0.97267713381014331286 0.01961591401436124302 0.00770695217549540162 
0.99083516057207965400 0.00570204289168568107 0.00346279653623469789 
0.35541712862527258254 0.64292961878521948105 0.00165325258950801339 
0.36659563728944360994 0.63340436171055647385 0.00000000100000000000 
0.60508638580545137664 0.38859174542819147069 0.00632186876635728364 
0.99110624583070350280 0.00889375316929645263 0.00000000099999999991 
0.99777550833585437751 0.00222449066414560437 0.00000000099999999990 
0.99999999800000005656 0.00000000099999999986 0.00000000099999999986 
0.99999999800000005656 0.00000000099999999986 0.00000000099999999986 
0.98930724877169839981 0.00000479884514542608 0.01068795238315625555 
0.99999999799999994554 0.00000000099999999998 0.00000000099999999998 
0.98554515519713814520 0.01373722880624341641 0.00071761599661832368 
0.99999999799999994554 0.00000000099999999987 0.00000000099999999987 
0.99999999799999994554 0.00000000099999999990 0.00000000099999999990 
0.99999999799999994554 0.00000000099999999992 0.00000000099999999992 
0.99999999800000005656 0.00000000099999999990 0.00000000099999999990 
0.99690776247986034875 0.00001128831660114625 0.00308094920353858565 
0.99999999800000005656 0.00000000099999999993 0.00000000099999999993 
0.99758006333641346952 0.00000000100000000000 0.00241993566358661774 
0.99999999799999994554 0.00000000099999999985 0.00000000099999999985 
0.99999999800000005656 0.00000000099999999981 0.00000000099999999981 
0.98092412321136879250 0.01630819453557139781 0.00276768225305988472 
0.99999999799999994554 0.00000000099999999985 0.00000000099999999985 
0.99999999800000005656 0.00000000099999999983 0.00000000099999999983 
0.99999999800000005656 0.00000000099999999987 0.00000000099999999987 
0.99775097037887805485 0.00224902862112185027 0.00000000099999999983 
0.99999999800000005656 0.00000000099999999988 0.00000000099999999988 
0.99696411418858910114 0.00000000100000000000 0.00303588481141099653 
0.99318053102655623476 0.00681946797344366949 0.00000000099999999986 
0.99999999799999994554 0.00000000099999999989 0.00000000099999999989 
0.99225777294160621977 0.00774222605839372437 0.00000000099999999982 
0.99442392752323649496 0.00279137452855817477 0.00278469794820530208 
0.99999999800000005656 0.00000000099999999982 0.00000000099999999982 
0.99739372234927714533 0.00260627665072277366 0.00000000099999999981 
0.98932143042115117115 0.01067856857884880509 0.00000000099999999986 
0.99999999799999994554 0.00000000099999999974 0.00000000099999999974 
0.99844776993136818977 0.00155222906863185001 0.00000000099999999979 
0.99999999800000005656 0.00000000099999999989 0.00000000099999999989 
0.98488480568461167497 0.01511519331538834464 0.00000000099999999984 
0.99999999799999994554 0.00000000099999999983 0.00000000099999999983 
0.95080850019247442617 0.04919149880752553966 0.00000000099999999994 
0.98674628266011232824 0.01325371633988749881 0.00000000099999999989 
0.99999604085589155478 0.00000395814410844120 0.00000000099999999996 
0.99667975479059911503 0.00332024420940081394 0.00000000099999999987 
0.98169732994185332497 0.01830266905814655759 0.00000000099999999995 
0.98160507424714815716 0.01839492475285178785 0.00000000099999999990 
0.99644715708934361587 0.00355284191065632048 0.00000000099999999985 
0.99999940812605336848 0.00000059087394660202 0.00000000099999999983 
0.99049619869387039994 0.00950380030612955375 0.00000000099999999985 
0.96345540118822992071 0.03654459781177007288 0.00000000099999999994 
0.99999999800000005656 0.00000000099999999979 0.00000000099999999979 
0.99747993486255537299 0.00252006413744465876 0.00000000099999999992 
0.99542947509948720430 0.00000000100000000000 0.00457052390051287775 
0.99999999800000005656 0.00000000099999999985 0.00000000099999999985 
0.99999999799999994554 0.00000000099999999987 0.00000000099999999987 
0.99999999800000005656 0.00000000099999999973 0.00000000099999999973 
0.99579812569807490963 0.00246899741927585807 0.00173287688264923620 
0.99905956716759958258 0.00000000100000000000 0.00094043183240042271 
0.99999999800000005656 0.00000000099999999983 0.00000000099999999983 
0.99999999799999994554 0.00000000099999999980 0.00000000099999999980 
0.99999999799999994554 0.00000000099999999991 0.00000000099999999991 
0.99999999799999994554 0.00000000099999999976 0.00000000099999999976 
0.99999999799999994554 0.00000000099999999997 0.00000000099999999997 
0.99999999800000005656 0.00000000099999999996 0.00000000099999999996 
0.99999999799999994554 0.00000000099999999988 0.00000000099999999988 
0.99999999799999994554 0.00000000099999999992 0.00000000099999999992 
0.99913986581216174265 0.00000013008503610201 0.00086000410280211788 
0.99999999800000005656 0.00000000099999999995 0.00000000099999999995 
0.99625093243735407533 0.00000000100000000000 0.00374906656264595252 
0.99243884941265103627 0.00527635823443875756 0.00228479235291023869 
0.99751399342163626915 0.00000000100000000000 0.00248600557836374525 
0.97155312015375938639 0.02844687884624073904 0.00000000099999999994 
0.99999999800000005656 0.00000000099999999976 0.00000000099999999976 
0.97071209506034827896 0.02928790393965173197 0.00000000099999999992 
0.99999999799999994554 0.00000000099999999973 0.00000000099999999973 
0.99999999799999994554 0.00000000099999999979 0.00000000099999999979 
0.99999999800000005656 0.00000000099999999980 0.00000000099999999980 
0.99750460877540725324 0.00000000100000000000 0.00249539022459275986 
0.97759020024045151231 0.02240979875954838760 0.00000000099999999990 
0.98864788187928143159 0.01006159205152031347 0.00129052606919817579 
0.99766565006674079452 0.00000265544617482091 0.00233169448708432691 
0.94884013143931744683 0.05054674507563357982 0.00061312348504900707 
0.99296506047991184296 0.00001060131555213379 0.00702433820453604411 
0.96483743741694127927 0.02945515079824465379 0.00570741178481413633 
0.99007118507178670797 0.00992881392821324572 0.00000000099999999988 
0.98422592071173853334 0.01577407828826142208 0.00000000099999999995 
0.97487778481625442240 0.02398400515759020746 0.00113821002615521966 
0.94304382041976408946 0.04739938936603531328 0.00955679021420067359 
0.90666622225627269138 0.08607782648754899735 0.00725595125617840408 
0.34527145769283257293 0.00465019256429345836 0.65007834974287403984 
0.42683730131204389302 0.00001355001122950493 0.57314914867672672738 
0.34780585663875873692 0.00646470756311893092 0.64572943579812236425 
0.35184988955878926387 0.03730979398959523297 0.61084031645161562807 
0.58144269809791115922 0.00031665325763799120 0.41824064864445087419 
0.39594240488041343440 0.02948859155065105750 0.57456900356893547688 
0.35097425008557070480 0.04894623130710255843 0.60007951860732677840 
0.47306803394805285734 0.00939269116731955914 0.51753927488462747597 
0.28700074776781919761 0.02719047999797295084 0.68580877223420777522 
0.94518887436409904090 0.02028051856504445652 0.03453060707085657544 
0.98216709982972050241 0.01783289917027951546 0.00000000099999999987 
0.98410483962411066106 0.01589515937588921804 0.00000000099999999986 
0.99976155600058280726 0.00023844299941717096 0.00000000100000000000 
0.99910730293160832094 0.00000000100000000000 0.00089269606839167341 
0.98966589180487651856 0.01033410719512346115 0.00000000099999999989 
0.47068766069655554318 0.52931233830344426305 0.00000000099999999999 
0.91939302282299883995 0.07525733250421297316 0.00534964467278809495 
0.95958214546747178098 0.03812670189255321085 0.00229115263997510532 
0.98684530633672729039 0.01009577833556010024 0.00305891532771256731 
0.89512126375473188844 0.10246762737019424194 0.00241110887507369181 
0.96985094946587813158 0.02846242326320698457 0.00168662727091494738 
0.99999984736060476553 0.00000015163939516138 0.00000000099999999993 
0.99999999799999994554 0.00000000099999999993 0.00000000099999999993 
0.99999999799999994554 0.00000000099999999990 0.00000000099999999990 
0.92807579827875807954 0.00000000100000000000 0.07192420072124187935 
0.94461813437056363352 0.00058005439413198788 0.05480181123530438597 
0.93439505329839955827 0.01887104579785792852 0.04673390090374250627 
0.98699889433481846623 0.01145124119536786861 0.00154986446981367708 
0.99999999800000005656 0.00000000099999999985 0.00000000099999999985 
0.93645762431294754524 0.03235650843264602922 0.03118586725440634921 
0.98945890216209286816 0.00022123235459440589 0.01031986548331270855 
0.98088056015997848736 0.01313619992484449384 0.00598323991517706565 
0.98680620781835681754 0.00935195026934684120 0.00384184191229623283 
0.99322482235233322534 0.00210116257938311240 0.00467401506828367657 
0.95828136825040655111 0.01880000856262586256 0.02291862318696749265 
0.97891557124443084881 0.01988858907834106793 0.00119583967722808153 
0.99999999799999994554 0.00000000099999999997 0.00000000099999999997 
0.97466455554066888656 0.00077380648691744726 0.02456163797241350463 
0.99999999799999994554 0.00000000099999999986 0.00000000099999999986 
0.99998961966178523397 0.00001037933821482874 0.00000000099999999989 
0.88599423599181015287 0.10568280757426662397 0.00832295643392324744 
0.99400633725976716981 0.00000000100000000000 0.00599366174023298337 
0.96400482545424936998 0.02443829647283215362 0.01155687807291854753 
0.93131413884287495009 0.06115234956933564975 0.00753351158778941318 
0.99489359587668113605 0.00030199786134611198 0.00480440626197272368 
0.98968740770882823732 0.00847437536711320369 0.00183821692405853232 
0.98949517454946422923 0.00602551367775334273 0.00447931177278232135 
0.98794312048139687477 0.00550341868416640879 0.00655346083443674593 
0.99999999799999994554 0.00000000099999999993 0.00000000099999999993 
0.99999999800000005656 0.00000000099999999987 0.00000000099999999987 
0.98565576173172153585 0.01434423726827845427 0.00000000099999999989 
0.92440828981318268198 0.07559170918681724916 0.00000000099999999993 
0.99924522086256195585 0.00000000100000000000 0.00075477813743813130 
0.97085186889775565433 0.02914813010224433926 0.00000000099999999992 
0.98071584723007199091 0.01928415176992789512 0.00000000099999999995 
0.99129403335106336392 0.00870596564893662272 0.00000000099999999994 
0.95218072031008971212 0.04781927868991021208 0.00000000099999999994 
0.98414963231375141017 0.01585036668624845158 0.00000000099999999985 
0.95309158348186728826 0.04690841551813254573 0.00000000099999999994 
0.98132639541646704551 0.01867360358353294114 0.00000000099999999998 
0.99999999799999994554 0.00000000099999999992 0.00000000099999999992 
0.96244408066807118907 0.03755591833192866574 0.00000000099999999992 
0.94235598486276894725 0.05538270655412782378 0.00226130858310319210 
0.90833481613751965167 0.08935458059556064536 0.00231060326691988425 
0.81974310258231108950 0.17601481281917827348 0.00424208459851074023 
0.71753088745379345337 0.27757305610211374658 0.00489605644409264566 
0.82996711830054736847 0.16875130673337263021 0.00128157496607984303 
0.96625766606115681689 0.03374233293884317669 0.00000000099999999994 
0.97989819538520739339 0.02010180361479249958 0.00000000099999999989 
0.94171214050351526037 0.05828785849648457362 0.00000000099999999994 
0.68717495680600149122 0.30931527635912492435 0.00350976683487363170 
0.92741807487986549496 0.07258192412013454720 0.00000000099999999999 
0.73455286797031082990 0.25526080561559288951 0.01018632641409628406 
0.94329179574449961709 0.05670820325550034180 0.00000000100000000000 
0.97147566682327357590 0.02852433217672640728 0.00000000099999999999 
0.99945478874964799321 0.00000625413849912617 0.00053895711185298636 
0.99946682876282622043 0.00053317023717379039 0.00000000099999999998 
0.92970122858969372892 0.06899390702591697011 0.00130486438438931289 
0.98981496345069108767 0.01018503554930887470 0.00000000099999999997 
0.94923356763018074123 0.04723151434405157417 0.00353491802576768504 
0.99584959724213839571 0.00415040175786146343 0.00000000099999999996 
0.99826522307360165964 0.00173477592639823073 0.00000000099999999985 
0.96677667521611365675 0.03322332378388630908 0.00000000099999999995 
0.99146878275612460030 0.00853121624387537074 0.00000000099999999988 
0.99402491247068724967 0.00597508652931284800 0.00000000099999999997 
0.97583784363551639984 0.01038189700574493508 0.01378025935873864252 
0.99640077226380907582 0.00000000099999999999 0.00359922673619104440 
0.99820474982991147517 0.00179524917008844773 0.00000000099999999988 
0.99999999799999994554 0.00000000099999999984 0.00000000099999999984 
0.99999999800000005656 0.00000000099999999980 0.00000000099999999980 
0.99245785754407600532 0.00754214145592388592 0.00000000099999999988 
0.99999999800000005656 0.00000000099999999990 0.00000000099999999990 
0.99999999800000005656 0.00000000099999999986 0.00000000099999999986 
0.99999999800000005656 0.00000000099999999992 0.00000000099999999992 
0.99999999800000005656 0.00000000099999999993 0.00000000099999999993 
0.99999999714549736574 0.00000000185450253296 0.00000000099999999997 
0.99999999799999994554 0.00000000099999999985 0.00000000099999999985 
0.99875864170528083630 0.00000510190886497242 0.00123625638585425765 
0.99999999799999994554 0.00000000099999999990 0.00000000099999999990 
0.99999999800000005656 0.00000000099999999990 0.00000000099999999990 
0.45184723321496833570 0.54145267805359031943 0.00670008873144153135 
0.78641635223607475602 0.21358364676392507797 0.00000000100000000000 
0.71953303113841748928 0.27936809545825064260 0.00109887340333189435 
0.57764109316880551948 0.29475266349705708802 0.12760624333413747578 
0.70854047015349574945 0.28909301737821863076 0.00236651246828559984 
0.55874157447370609297 0.44125842452629382429 0.00000000099999999988 
0.57554441427984415203 0.42445558472015570972 0.00000000099999999987 
0.56299934830660247620 0.43700065069339738555 0.00000000099999999987 
0.55177053419573962589 0.44822946480426023586 0.00000000099999999993 
0.60286106531418304222 0.39713893368581681953 0.00000000099999999984 
0.54432838623895385410 0.45567161276104611867 0.00000000099999999989 
0.58374829518271953432 0.41625170381728032742 0.00000000099999999992 
0.62024274610677432307 0.37975725289322564970 0.00000000099999999998 
0.56162833348837548630 0.43837166551162437544 0.00000000099999999984 
0.55902214419448226224 0.44097785480551765502 0.00000000099999999989 
0.56883999747597080443 0.43116000152402922385 0.00000000099999999994 
0.52172413042156340346 0.47827586857843668033 0.00000000099999999991 
0.54154378137426117945 0.45845621762573884883 0.00000000099999999989 
0.57171984556998645122 0.42828015343001357706 0.00000000099999999994 
0.47486425469063553439 0.52513574430936449389 0.00000000099999999998 
0.57078123748586395703 0.42921876151413590472 0.00000000099999999997 
0.57419715089746314884 0.42580284810253682393 0.00000000099999999995 
