0.00000000099999999806 0.00000000099999999806 0.00000000099999999806 0.00000000099999999806 0.00000000099999999806 0.00000000099999999806 0.99999999099999992147 0.00000000099999999806 0.00000000099999999806 0.00000000099999999806 
0.00000000099999999817 0.00000000099999999817 0.00000000099999999817 0.00000000099999999817 0.00000000099999999817 0.00000000099999999817 0.99999999099999981045 0.00000000099999999817 0.00000000099999999817 0.00000000099999999817 
0.00000000099999999811 0.00000000099999999811 0.00000000099999999811 0.00000000099999999811 0.00000000099999999811 0.00000000099999999811 0.99999999099999992147 0.00000000099999999811 0.00000000099999999811 0.00000000099999999811 
0.00000000099999999815 0.00000000099999999815 0.00000000099999999815 0.00000000099999999815 0.00000000099999999815 0.00000000099999999815 0.99999999099999992147 0.00000000099999999815 0.00000000099999999815 0.00000000099999999815 
0.00000000099999999820 0.00000000099999999820 0.00000000099999999820 0.00000000099999999820 0.00000000099999999820 0.00000000099999999820 0.99999999099999992147 0.00000000099999999820 0.00000000099999999820 0.00000000099999999820 
0.00000000099999999821 0.00000000099999999821 0.00000000099999999821 0.00000000099999999821 0.00000000099999999821 0.00000000099999999821 0.99999999099999981045 0.00000000099999999821 0.00000000099999999821 0.00000000099999999821 
0.00000000099999999810 0.00000000099999999810 0.00000000099999999810 0.00000000099999999810 0.00000000099999999810 0.00000000099999999810 0.99999999099999992147 0.00000000099999999810 0.00000000099999999810 0.00000000099999999810 
0.00000000099999999827 0.00000000099999999827 0.00000000099999999827 0.00000000099999999827 0.00000000099999999827 0.00000000099999999827 0.99999999099999981045 0.00000000099999999827 0.00000000099999999827 0.00000000099999999827 
0.00000000099999999814 0.00000000099999999814 0.00000000099999999814 0.00000000099999999814 0.00000000099999999814 0.00000000099999999814 0.99999999099999992147 0.00000000099999999814 0.00000000099999999814 0.00000000099999999814 
0.00000000099999999825 0.00000000099999999825 0.00000000099999999825 0.00000000099999999825 0.00000000099999999825 0.00000000099999999825 0.99999999099999992147 0.00000000099999999825 0.00000000099999999825 0.00000000099999999825 
0.00000000099999999819 0.00000000099999999819 0.00000000099999999819 0.00000000099999999819 0.00000000099999999819 0.00000000099999999819 0.99999999099999981045 0.00000000099999999819 0.00000000099999999819 0.00000000099999999819 
0.00000000099999999853 0.00000000099999999853 0.00000000099999999853 0.00000000099999999853 0.00000000099999999853 0.00000000099999999853 0.99999999099999981045 0.00000000099999999853 0.00000000099999999853 0.00000000099999999853 
0.00000000099999999818 0.00000000099999999818 0.00000000099999999818 0.00000000099999999818 0.00000000099999999818 0.00000000099999999818 0.99999999099999981045 0.00000000099999999818 0.00000000099999999818 0.00000000099999999818 
0.00000000099999999813 0.00000000099999999813 0.00000000099999999813 0.00000000099999999813 0.00000000099999999813 0.00000000099999999813 0.99999999099999981045 0.00000000099999999813 0.00000000099999999813 0.00000000099999999813 
0.00000000099999999817 0.00000000099999999817 0.00000000099999999817 0.00000000099999999817 0.00000000099999999817 0.00000000099999999817 0.99999999099999992147 0.00000000099999999817 0.00000000099999999817 0.00000000099999999817 
0.00000000099999999817 0.00000000099999999817 0.00000000099999999817 0.00000000099999999817 0.00000000099999999817 0.00000000099999999817 0.99999999099999981045 0.00000000099999999817 0.00000000099999999817 0.00000000099999999817 
0.00000000099999999816 0.00000000099999999816 0.00000000099999999816 0.00000000099999999816 0.00000000099999999816 0.00000000099999999816 0.99999999099999992147 0.00000000099999999816 0.00000000099999999816 0.00000000099999999816 
0.00000000099999999829 0.00000000099999999829 0.00000000099999999829 0.00000000099999999829 0.00000000099999999829 0.00000000099999999829 0.99999999099999992147 0.00000000099999999829 0.00000000099999999829 0.00000000099999999829 
0.00000000099999999833 0.00000000099999999833 0.00000000099999999833 0.00000000099999999833 0.00000000099999999833 0.00000000099999999833 0.99999999099999981045 0.00000000099999999833 0.00000000099999999833 0.00000000099999999833 
0.00000000099999999830 0.00000000099999999830 0.00000000099999999830 0.00000000099999999830 0.00000000099999999830 0.00000000099999999830 0.99999999099999992147 0.00000000099999999830 0.00000000099999999830 0.00000000099999999830 
0.00000000099999999821 0.00000000099999999821 0.00000000099999999821 0.00000000099999999821 0.00000000099999999821 0.00000000099999999821 0.99999999099999992147 0.00000000099999999821 0.00000000099999999821 0.00000000099999999821 
0.00000000099999999825 0.00000000099999999825 0.00000000099999999825 0.00000000099999999825 0.00000000099999999825 0.00000000099999999825 0.99999999099999992147 0.00000000099999999825 0.00000000099999999825 0.00000000099999999825 
0.00000000099999999822 0.00000000099999999822 0.00000000099999999822 0.00000000099999999822 0.00000000099999999822 0.00000000099999999822 0.99999999099999981045 0.00000000099999999822 0.00000000099999999822 0.00000000099999999822 
0.00000000099999999825 0.00000000099999999825 0.00000000099999999825 0.00000000099999999825 0.00000000099999999825 0.00000000099999999825 0.99999999099999981045 0.00000000099999999825 0.00000000099999999825 0.00000000099999999825 
0.00000000099999999873 0.00000000099999999873 0.00000000099999999873 0.00000000099999999873 0.00000000099999999873 0.00000000099999999873 0.99999999099999981045 0.00000000099999999873 0.00000000099999999873 0.00000000099999999873 
0.00000000099999999821 0.00000000099999999821 0.00000000099999999821 0.00000000099999999821 0.00000000099999999821 0.00000000099999999821 0.99999999099999992147 0.00000000099999999821 0.00000000099999999821 0.00000000099999999821 
0.00000000099999999827 0.00000000099999999827 0.00000000099999999827 0.00000000099999999827 0.00000000099999999827 0.00000000099999999827 0.99999999099999992147 0.00000000099999999827 0.00000000099999999827 0.00000000099999999827 
0.00000000099999999829 0.00000000099999999829 0.00000000099999999829 0.00000000099999999829 0.00000000099999999829 0.00000000099999999829 0.99999999099999981045 0.00000000099999999829 0.00000000099999999829 0.00000000099999999829 
0.00000000099999999832 0.00000000099999999832 0.00000000099999999832 0.00000000099999999832 0.00000000099999999832 0.00000000099999999832 0.99999999099999981045 0.00000000099999999832 0.00000000099999999832 0.00000000099999999832 
0.00000000099999999827 0.00000000099999999827 0.00000000099999999827 0.00000000099999999827 0.00000000099999999827 0.00000000099999999827 0.99999999099999992147 0.00000000099999999827 0.00000000099999999827 0.00000000099999999827 
0.00000000099999999852 0.00000000099999999852 0.00000000099999999852 0.00000000099999999852 0.00000000099999999852 0.00000000099999999852 0.99999999099999981045 0.00000000099999999852 0.00000000099999999852 0.00000000099999999852 
0.00000000099999999879 0.00000000099999999879 0.00000000099999999879 0.00000000099999999879 0.00000000099999999879 0.00000000099999999879 0.99999999099999992147 0.00000000099999999879 0.00000000099999999879 0.00000000099999999879 
0.00000000099999999847 0.00000000099999999847 0.00000000099999999847 0.00000000099999999847 0.00000000099999999847 0.00000000099999999847 0.99999999099999981045 0.00000000099999999847 0.00000000099999999847 0.00000000099999999847 
0.00000000099999999869 0.00000000099999999869 0.00000000099999999869 0.00000000099999999869 0.00000000099999999869 0.00000000099999999869 0.99999999099999981045 0.00000000099999999869 0.00000000099999999869 0.00000000099999999869 
0.00000000099999999844 0.00000000099999999844 0.00000000099999999844 0.00000000099999999844 0.00000000099999999844 0.00000000099999999844 0.99999999099999992147 0.00000000099999999844 0.00000000099999999844 0.00000000099999999844 
0.00000000099999999860 0.00000000099999999860 0.00000000099999999860 0.00000000099999999860 0.00000000099999999860 0.00000000099999999860 0.99999999099999981045 0.00000000099999999860 0.00000000099999999860 0.00000000099999999860 
0.00000000099999999848 0.00000000099999999848 0.00000000099999999848 0.00000000099999999848 0.00000000099999999848 0.00000000099999999848 0.99999999099999981045 0.00000000099999999848 0.00000000099999999848 0.00000000099999999848 
0.00000000099999999851 0.00000000099999999851 0.00000000099999999851 0.00000000099999999851 0.00000000099999999851 0.00000000099999999851 0.99999999099999992147 0.00000000099999999851 0.00000000099999999851 0.00000000099999999851 
0.00000000099999999855 0.00000000099999999855 0.00000000099999999855 0.00000000099999999855 0.00000000099999999855 0.00000000099999999855 0.99999999099999981045 0.00000000099999999855 0.00000000099999999855 0.00000000099999999855 
0.00000000099999999888 0.00000000099999999888 0.00000000099999999888 0.00000000099999999888 0.00000000099999999888 0.00000000099999999888 0.99999999099999981045 0.00000000099999999888 0.00000000099999999888 0.00000000099999999888 
0.00000000099999999846 0.00000000099999999846 0.00000000099999999846 0.00000000099999999846 0.00000000099999999846 0.00000000099999999846 0.99999999099999992147 0.00000000099999999846 0.00000000099999999846 0.00000000099999999846 
0.00000000099999999867 0.00000000099999999867 0.00000000099999999867 0.00000000099999999867 0.00000000099999999867 0.00000000099999999867 0.99999999099999992147 0.00000000099999999867 0.00000000099999999867 0.00000000099999999867 
0.00000000099999999853 0.00000000099999999853 0.00000000099999999853 0.00000000099999999853 0.00000000099999999853 0.00000000099999999853 0.99999999099999992147 0.00000000099999999853 0.00000000099999999853 0.00000000099999999853 
0.00000000099999999849 0.00000000099999999849 0.00000000099999999849 0.00000000099999999849 0.00000000099999999849 0.00000000099999999849 0.99999999099999981045 0.00000000099999999849 0.00000000099999999849 0.00000000099999999849 
0.00000000099999999866 0.00000000099999999866 0.00000000099999999866 0.00000000099999999866 0.00000000099999999866 0.00000000099999999866 0.99999999099999992147 0.00000000099999999866 0.00000000099999999866 0.00000000099999999866 
0.00000000099999999854 0.00000000099999999854 0.00000000099999999854 0.00000000099999999854 0.00000000099999999854 0.00000000099999999854 0.99999999099999992147 0.00000000099999999854 0.00000000099999999854 0.00000000099999999854 
0.00000000099999999859 0.00000000099999999859 0.00000000099999999859 0.00000000099999999859 0.00000000099999999859 0.00000000099999999859 0.99999999099999981045 0.00000000099999999859 0.00000000099999999859 0.00000000099999999859 
0.00000000099999999890 0.00000000099999999890 0.00000000099999999890 0.00000000099999999890 0.00000000099999999890 0.00000000099999999890 0.99999999099999981045 0.00000000099999999890 0.00000000099999999890 0.00000000099999999890 
0.00000000099999999893 0.00000000099999999893 0.00000000099999999893 0.00000000099999999893 0.00000000099999999893 0.00000000099999999893 0.99999999099999992147 0.00000000099999999893 0.00000000099999999893 0.00000000099999999893 
0.00000000099999999908 0.00000000099999999908 0.00000000099999999908 0.00000000099999999908 0.00000000099999999908 0.00000000099999999908 0.99999999099999992147 0.00000000099999999908 0.00000000099999999908 0.00000000099999999908 
0.00000000099999999947 0.00000000099999999947 0.00000000099999999947 0.00000000099999999947 0.00000000099999999947 0.00000000099999999947 0.99999999099999992147 0.00000000099999999947 0.00000000099999999947 0.00000000099999999947 
0.93296759768673742652 0.00000000099999999916 0.00000000099999999916 0.00000000099999999916 0.00000000099999999916 0.00000000099999999916 0.00000000099999999916 0.06703239431326271647 0.00000000099999999916 0.00000000099999999916 
0.90121828116086610816 0.00000000099999999899 0.00000000099999999899 0.00000000099999999899 0.00000000099999999899 0.00000000099999999899 0.00000000099999999899 0.09878171083913403483 0.00000000099999999899 0.00000000099999999899 
0.89480685560387451805 0.00000000099999999944 0.00000000099999999944 0.00000000099999999944 0.00000000099999999944 0.00000000099999999944 0.00000000099999999944 0.10519313639612565270 0.00000000099999999944 0.00000000099999999944 
0.93008205221508322147 0.00000000099999999879 0.00000000099999999879 0.00000000099999999879 0.00000000099999999879 0.00000000099999999879 0.00000000099999999879 0.06991793978491681050 0.00000000099999999879 0.00000000099999999879 
0.97037893228948934876 0.00000000099999999884 0.00000000099999999884 0.00000000099999999884 0.00000000099999999884 0.00000000099999999884 0.00000000099999999884 0.02962105971051067974 0.00000000099999999884 0.00000000099999999884 
0.94120247105443022306 0.00000000099999999869 0.00000000099999999869 0.00000000099999999869 0.00000000099999999869 0.00000000099999999869 0.00000000099999999869 0.05879752094556978115 0.00000000099999999869 0.00000000099999999869 
0.93229293545452562864 0.00000000099999999912 0.00000000099999999912 0.00000000099999999912 0.00000000099999999912 0.00000000099999999912 0.00000000099999999912 0.06770705654547448660 0.00000000099999999912 0.00000000099999999912 
0.94793272670185368955 0.00000000099999999877 0.00000000099999999877 0.00000000099999999877 0.00000000099999999877 0.00000000099999999877 0.00000000099999999877 0.05206726529814636323 0.00000000099999999877 0.00000000099999999877 
0.91700057761335529438 0.00000000099999999905 0.00000000099999999905 0.00000000099999999905 0.00000000099999999905 0.00000000099999999905 0.00000000099999999905 0.08299941438664486248 0.00000000099999999905 0.00000000099999999905 
0.95501530586839300518 0.00000000099999999985 0.00000000099999999985 0.00000000099999999985 0.00000000099999999985 0.00000000099999999985 0.00000000099999999985 0.04498468613160727658 0.00000000099999999985 0.00000000099999999985 
0.94447969872991521800 0.00000000099999999887 0.00000000099999999887 0.00000000099999999887 0.00000000099999999887 0.00000000099999999887 0.00000000099999999887 0.05552029327008475151 0.00000000099999999887 0.00000000099999999887 
0.92010307006130243046 0.00000000099999999886 0.00000000099999999886 0.00000000099999999886 0.00000000099999999886 0.00000000099999999886 0.00000000099999999886 0.07989692193869749048 0.00000000099999999886 0.00000000099999999886 
0.93960897614374983000 0.00000000099999999975 0.00000000099999999975 0.00000000099999999975 0.00000000099999999975 0.00000000099999999975 0.00000000099999999975 0.06039101585625034768 0.00000000099999999975 0.00000000099999999975 
0.94531687305862022175 0.00000000099999999905 0.00000000099999999905 0.00000000099999999905 0.00000000099999999905 0.00000000099999999905 0.00000000099999999905 0.05468311894138009471 0.00000000099999999905 0.00000000099999999905 
0.96245851328705434025 0.00000000099999999941 0.00000000099999999941 0.00000000099999999941 0.00000000099999999941 0.00000000099999999941 0.00000000099999999941 0.03754147871294577499 0.00000000099999999941 0.00000000099999999941 
0.95063668784451182958 0.00000000099999999872 0.00000000099999999872 0.00000000099999999872 0.00000000099999999872 0.00000000099999999872 0.00000000099999999872 0.04936330415548831341 0.00000000099999999872 0.00000000099999999872 
0.83184863227732386282 0.00000000099999999925 0.00000000099999999925 0.00000000099999999925 0.00073845212340217564 0.00000000099999999925 0.00000000099999999925 0.16741290859927401846 0.00000000099999999925 0.00000000099999999925 
0.88195668541587990408 0.00000000099999999937 0.00000000099999999937 0.00000000099999999937 0.00000000099999999937 0.00000000099999999937 0.00000000099999999937 0.11804330658412037769 0.00000000099999999937 0.00000000099999999937 
0.92265584320617932690 0.00000000099999999898 0.00000000099999999898 0.00000000099999999898 0.00000000099999999898 0.00000000099999999898 0.00000000099999999898 0.07734414879382081609 0.00000000099999999898 0.00000000099999999898 
0.94357683529437041958 0.00000000099999999896 0.00000000099999999896 0.00000000099999999896 0.00000000099999999896 0.00000000099999999896 0.00000000099999999896 0.05642315670562958463 0.00000000099999999896 0.00000000099999999896 
0.90529995631344639673 0.00000000099999999898 0.00000000099999999898 0.00000000099999999898 0.00185831728821396719 0.00000000099999999898 0.00000000099999999898 0.09284171939833976706 0.00000000099999999898 0.00000000099999999898 
0.91630407811354375180 0.00000000099999999871 0.00000000099999999871 0.00000000099999999871 0.00000000099999999871 0.00000000099999999871 0.00000000099999999871 0.08369591388645630792 0.00000000099999999871 0.00000000099999999871 
0.92919800870720836716 0.00000000099999999900 0.00000000099999999900 0.00000000099999999900 0.00000000099999999900 0.00000000099999999900 0.00000000099999999900 0.07080198329279162317 0.00000000099999999900 0.00000000099999999900 
0.87628785374754869508 0.00000000099999999904 0.00000000099999999904 0.00000000099999999904 0.00000000099999999904 0.00000000099999999904 0.00000000099999999904 0.12371213825245155893 0.00000000099999999904 0.00000000099999999904 
0.86998507520049583874 0.00000000099999999937 0.00000000099999999937 0.00000000099999999937 0.00000000099999999937 0.00000000099999999937 0.00000000099999999937 0.13001491679950438751 0.00000000099999999937 0.00000000099999999937 
0.92646351939042648205 0.00000000099999999886 0.00000000099999999886 0.00000000099999999886 0.00000000099999999886 0.00000000099999999886 0.00000000099999999886 0.07353647260957366094 0.00000000099999999886 0.00000000099999999886 
0.88167859279812832440 0.00000000099999999909 0.00000000099999999909 0.00000000099999999909 0.00000000099999999909 0.00000000099999999909 0.00000000099999999909 0.11832139920187188797 0.00000000099999999909 0.00000000099999999909 
0.86794179586791042613 0.00000000099999999983 0.00000000099999999983 0.00000000099999999983 0.00000000099999999983 0.00000000099999999983 0.00000000099999999983 0.12716781524357401167 0.00489038188851566649 0.00000000099999999983 
0.93073456396312359562 0.00000000099999999936 0.00000000099999999936 0.00000000099999999936 0.00000000099999999936 0.00000000099999999936 0.00000000099999999936 0.06926542803687654737 0.00000000099999999936 0.00000000099999999936 
0.88962237859234072346 0.00000000099999999903 0.00000000099999999903 0.00000000099999999903 0.00000000099999999903 0.00000000099999999903 0.00000000099999999903 0.11037761340765940565 0.00000000099999999903 0.00000000099999999903 
0.94136859748501400258 0.00000000099999999887 0.00000000099999999887 0.00000000099999999887 0.00000000099999999887 0.00000000099999999887 0.00000000099999999887 0.05863139451498601551 0.00000000099999999887 0.00000000099999999887 
0.94166881562515636350 0.00314841585544671293 0.00000000099999999979 0.00000000099999999979 0.00000000099999999979 0.00000000099999999979 0.00000000099999999979 0.04842099785480571267 0.00000000099999999979 0.00676176466459146169 
0.80007124252262973307 0.00000000099999999946 0.00000000099999999946 0.00000000099999999946 0.00000000099999999946 0.00000000099999999946 0.00000000099999999946 0.19194307074825736614 0.00000000099999999946 0.00798567972911301376 
0.89069545993185650357 0.00000000099999999937 0.00000000099999999937 0.00000000099999999937 0.00000000099999999937 0.00000000099999999937 0.00000000099999999937 0.10468458995330086336 0.00000000099999999937 0.00461994311484285360 
0.84101035224814757463 0.00000000099999999928 0.00000000099999999928 0.00000000099999999928 0.00750074716515374950 0.00000000099999999928 0.00000000099999999928 0.15148660131293353870 0.00000000099999999928 0.00000229327376530372 
0.92344226762819647814 0.00000000099999999942 0.00000000099999999942 0.00000000099999999942 0.00000000099999999942 0.00000000099999999942 0.00000000099999999942 0.07655766352138550224 0.00000000099999999942 0.00000006185041819970 
0.85951554748986869203 0.00000000099999999923 0.00000000099999999923 0.00000000099999999923 0.00000000099999999923 0.00000000099999999923 0.00000000099999999923 0.14048444451013139544 0.00000000099999999923 0.00000000099999999923 
0.85858207548763165740 0.00000000099999999927 0.00000000099999999927 0.00000000099999999927 0.00000000099999999927 0.00000000099999999927 0.00000000099999999927 0.14141791651236848559 0.00000000099999999927 0.00000000099999999927 
0.79400936572357860843 0.00000000099999999934 0.00000000099999999934 0.00000000099999999934 0.00000000099999999934 0.00000000099999999934 0.00000000099999999934 0.18955797823394540669 0.00000000099999999934 0.01643264904247619673 
0.95518319511519178544 0.00000000099999999964 0.00000000099999999964 0.00000000099999999964 0.00803424501567142312 0.00000000099999999964 0.00000000099999999964 0.03635654313994595571 0.00000000099999999964 0.00042601072919093712 
0.95597592548728504980 0.00000000099999999933 0.00000000099999999933 0.00000000099999999933 0.00000000099999999933 0.00000000099999999933 0.00000000099999999933 0.04402406651271526666 0.00000000099999999933 0.00000000099999999933 
0.82848129158726457888 0.00000000099999999970 0.00000000099999999970 0.00000000099999999970 0.01762268521523841988 0.00000000099999999970 0.00000000099999999970 0.06609659484034503818 0.00000000099999999970 0.08779942235715204601 
0.92792171355923869225 0.00000000099999999918 0.00000000099999999918 0.00000000099999999918 0.00000000099999999918 0.00000000099999999918 0.00000000099999999918 0.07207827844076136747 0.00000000099999999918 0.00000000099999999918 
0.88519326705477974215 0.00000000099999999904 0.00000000099999999904 0.00000000099999999904 0.00000000099999999904 0.00000000099999999904 0.00000000099999999904 0.11480672494522038696 0.00000000099999999904 0.00000000099999999904 
0.84419482633060416443 0.00000000099999999902 0.00000000099999999902 0.00000000099999999902 0.00000000099999999902 0.00000000099999999902 0.00000000099999999902 0.15580516566939600631 0.00000000099999999902 0.00000000099999999902 
0.87017508851414504534 0.00000000099999999906 0.00000000099999999906 0.00000000099999999906 0.00000000099999999906 0.00000000099999999906 0.00000000099999999906 0.12982490348585515316 0.00000000099999999906 0.00000000099999999906 
0.90542853336308304346 0.00000000099999999908 0.00000000099999999908 0.00000000099999999908 0.00000000099999999908 0.00000000099999999908 0.00000000099999999908 0.09457145863691701626 0.00000000099999999908 0.00000000099999999908 
0.85827444391849561089 0.00000000099999999943 0.00000000099999999943 0.00000000099999999943 0.00000000099999999943 0.00000000099999999943 0.00000000099999999943 0.14172554808150458761 0.00000000099999999943 0.00000000099999999943 
0.89207045428182052405 0.00000000099999999907 0.00000000099999999907 0.00000000099999999907 0.01084021234352995980 0.00000000099999999907 0.00000000099999999907 0.09708932637464973148 0.00000000099999999907 0.00000000099999999907 
0.84682025030289098666 0.00000000099999999918 0.00000000099999999918 0.00000000099999999918 0.00000000099999999918 0.00000000099999999918 0.00000000099999999918 0.15317974169710921184 0.00000000099999999918 0.00000000099999999918 
0.87188176519040194723 0.00000000099999999902 0.00000000099999999902 0.00000000099999999902 0.01998594479179463534 0.00000000099999999902 0.00000000099999999902 0.10813228301780346274 0.00000000099999999902 0.00000000099999999902 
0.85962085001284926911 0.00000000099999999918 0.00000000099999999918 0.00000000099999999918 0.00000000099999999918 0.00000000099999999918 0.00000000099999999918 0.14037914198715087388 0.00000000099999999918 0.00000000099999999918 
0.98507140812023841203 0.00000000099999999932 0.00000000099999999932 0.00000000099999999932 0.00000000099999999932 0.00000000099999999932 0.00000000099999999932 0.01492858387976175871 0.00000000099999999932 0.00000000099999999932 
0.95895548577726141826 0.00000000099999999933 0.00000000099999999933 0.00000000099999999933 0.00000000099999999933 0.00000000099999999933 0.00000000099999999933 0.04104450622273879412 0.00000000099999999933 0.00000000099999999933 
0.90824318573863649373 0.00000000099999999908 0.00000000099999999908 0.00000000099999999908 0.00000000099999999908 0.00000000099999999908 0.00000000099999999908 0.09175680626136369089 0.00000000099999999908 0.00000000099999999908 
0.91366787371285351771 0.00000000099999999920 0.00000000099999999920 0.00000000099999999920 0.00019320075563481720 0.00000000099999999920 0.00000000099999999920 0.08613891853151182942 0.00000000099999999920 0.00000000099999999920 
0.88945254864559375463 0.00000000099999999940 0.00000000099999999940 0.00000000099999999940 0.00000000099999999940 0.00000000099999999940 0.00000000099999999940 0.11054744335440630509 0.00000000099999999940 0.00000000099999999940 
0.94722653387610811215 0.00000000099999999936 0.00000000099999999936 0.00000000099999999936 0.00000000099999999936 0.00000000099999999936 0.00000000099999999936 0.05277345812389206553 0.00000000099999999936 0.00000000099999999936 
0.98160324588253855538 0.00000000099999999901 0.00000000099999999901 0.00000000099999999901 0.00000000099999999901 0.00000000099999999901 0.00000000099999999901 0.01839674611746165700 0.00000000099999999901 0.00000000099999999901 
0.97080631521010429807 0.00000000099999999934 0.00000000099999999934 0.00000000099999999934 0.00000000099999999934 0.00000000099999999934 0.00000000099999999934 0.02919367678989586573 0.00000000099999999934 0.00000000099999999934 
0.91954901085066220734 0.00000000099999999905 0.00000000099999999905 0.00000000099999999905 0.00000000099999999905 0.00000000099999999905 0.00000000099999999905 0.08045098114933788014 0.00000000099999999905 0.00000000099999999905 
0.90664585454893886762 0.00000000099999999949 0.00000000099999999949 0.00000000099999999949 0.00000000099999999949 0.00000000099999999949 0.00000000099999999949 0.09335413745106144190 0.00000000099999999949 0.00000000099999999949 
0.93955313528193717953 0.00000000099999999931 0.00000000099999999931 0.00000000099999999931 0.00000000099999999931 0.00000000099999999931 0.00000000099999999931 0.06044685671806295651 0.00000000099999999931 0.00000000099999999931 
0.93894862703282766514 0.00000000099999999945 0.00000000099999999945 0.00000000099999999945 0.00000000099999999945 0.00000000099999999945 0.00000000099999999945 0.06105136496717260275 0.00000000099999999945 0.00000000099999999945 
0.92768828957288196335 0.00000000099999999923 0.00000000099999999923 0.00000000099999999923 0.00000000099999999923 0.00000000099999999923 0.00000000099999999923 0.07231170242711819351 0.00000000099999999923 0.00000000099999999923 
0.90359808500810823162 0.00000000099999999966 0.00000000099999999966 0.00000000099999999966 0.00000000099999999966 0.00000000099999999966 0.00000000099999999966 0.09397741827584164820 0.00000000099999999966 0.00242448971605031382 
0.94188419518235333427 0.00271686623880567409 0.00000000099999999998 0.00392774468208832977 0.00561820552603128996 0.00000000099999999998 0.00272793710153930533 0.04311608655375685772 0.00000896171542521060 0.00000000099999999998 
0.89414195337151225473 0.00872865875497866664 0.00000000099999999962 0.00000000099999999962 0.00000000099999999962 0.00000000099999999962 0.00000000099999999962 0.09712938087350928007 0.00000000099999999962 0.00000000099999999962 
0.91538406110713776975 0.00706542204930493342 0.00000000099999999976 0.00000000099999999976 0.00000000099999999976 0.00000000099999999976 0.00000000099999999976 0.07755050984355744970 0.00000000099999999976 0.00000000099999999976 
0.94292923767531788837 0.00000000099999999973 0.00000000099999999973 0.00000000099999999973 0.00000000099999999973 0.00000000099999999973 0.00000000099999999973 0.05707075432468232401 0.00000000099999999973 0.00000000099999999973 
0.85103231493680830955 0.00369240312457984375 0.00000000099999999976 0.00000000099999999976 0.00169178546751319039 0.00000000099999999976 0.00026146769947532226 0.14332202372387448097 0.00000000099999999976 0.00000000104774889764 
0.94989246331154741920 0.00000000099999999983 0.00000000099999999983 0.00333715072278279725 0.00000012027385915959 0.00000000099999999983 0.00000000099999999983 0.04677025969181085319 0.00000000099999999983 0.00000000099999999983 
0.00000000099999999919 0.00000000099999999919 0.00000000099999999919 0.00000000099999999919 0.98881917041304312477 0.00000000099999999919 0.00000000099999999919 0.01118082158695700261 0.00000000099999999919 0.00000000099999999919 
0.00000000099999999916 0.00000000099999999916 0.00000000099999999916 0.00000000099999999916 0.99999999100000003249 0.00000000099999999916 0.00000000099999999916 0.00000000099999999916 0.00000000099999999916 0.00000000099999999916 
0.00187609769316108383 0.00000000099999999949 0.00000000099999999949 0.00000000099999999949 0.99162240801262080403 0.00000000099999999949 0.00000000099999999949 0.00650148729421809977 0.00000000099999999949 0.00000000099999999949 
0.00000000099999999978 0.00000000099999999978 0.00000000099999999978 0.00000000099999999978 0.99353704943139342642 0.00000000099999999978 0.00000000099999999978 0.00000000099999999978 0.00000000099999999978 0.00646294256860672611 
0.00000000099999999916 0.00000000099999999916 0.00000000099999999916 0.00000000099999999916 0.98346217815169645338 0.00000000099999999916 0.00000000099999999916 0.00329406876014104672 0.00000000099999999916 0.01324374608816274168 
0.00000000099999999932 0.00000000099999999932 0.00000000099999999932 0.00000000099999999932 0.99999922093063220441 0.00000000099999999932 0.00000000099999999932 0.00000077106936796567 0.00000000099999999932 0.00000000099999999932 
0.00000000099999999947 0.00000000099999999947 0.00000000099999999947 0.00000000099999999947 0.97058677566221218669 0.00000000099999999947 0.00000000099999999947 0.00861874106181254214 0.00000000099999999947 0.02079447627597545353 
0.00000000099999999935 0.00000000099999999935 0.00000000099999999935 0.00000000099999999935 0.99313069489406158308 0.00000000099999999935 0.00000000099999999935 0.00686929710593846363 0.00000000099999999935 0.00000000099999999935 
0.00000000099999999924 0.00000000099999999924 0.00000000099999999924 0.00000000099999999924 0.99668188133764856751 0.00000000099999999924 0.00000000099999999924 0.00331811066235159933 0.00000000099999999924 0.00000000099999999924 
0.00000000099999999961 0.00000000099999999961 0.00000000099999999961 0.00000000099999999961 0.99999999100000014352 0.00000000099999999961 0.00000000099999999961 0.00000000099999999961 0.00000000099999999961 0.00000000099999999961 
0.00000000099999999928 0.00000000099999999928 0.00000000099999999928 0.00000000099999999928 0.99549172392529117204 0.00000000099999999928 0.00000000099999999928 0.00000000099999999928 0.00000000099999999928 0.00450826807470898223 
0.00184285375975875112 0.00000000099999999914 0.00000000099999999914 0.00000000099999999914 0.95863481822590790316 0.00000000099999999914 0.00000000099999999914 0.00584774976702917733 0.00000000099999999914 0.03367457224730412146 
0.00000000099999999922 0.00000000099999999922 0.00000000099999999922 0.00000000099999999922 0.99999999100000003249 0.00000000099999999922 0.00000000099999999922 0.00000000099999999922 0.00000000099999999922 0.00000000099999999922 
0.00000000099999999935 0.00000000099999999935 0.00000000099999999935 0.00000000099999999935 0.99540805965013079426 0.00000000099999999935 0.00000000099999999935 0.00000000099999999935 0.00000000099999999935 0.00459193234986919174 
0.00000000099999999948 0.00000000099999999948 0.00000000099999999948 0.00000000099999999948 0.99999999100000003249 0.00000000099999999948 0.00000000099999999948 0.00000000099999999948 0.00000000099999999948 0.00000000099999999948 
0.00000000099999999936 0.00000000099999999936 0.00000000099999999936 0.00000000099999999936 0.96241639190661587566 0.00000000099999999936 0.00000000099999999936 0.03758360009338424651 0.00000000099999999936 0.00000000099999999936 
0.00698832658885044800 0.00000000099999999951 0.00000000099999999951 0.00000000099999999951 0.96776446959429174299 0.00000000099999999951 0.00000000099999999951 0.00016886381878658947 0.00000000099999999951 0.02507833399807118599 
0.00000000099999999896 0.00000000099999999896 0.00000000099999999896 0.00000000099999999896 0.99999999099999992147 0.00000000099999999896 0.00000000099999999896 0.00000000099999999896 0.00000000099999999896 0.00000000099999999896 
0.01305981692675766727 0.00000000099999999978 0.00000000099999999978 0.00303270604742740535 0.93545150584391112414 0.00000000099999999978 0.00000000099999999978 0.02825676178063859373 0.00000000099999999978 0.02019920440126534225 
0.00000000099999999963 0.00321332699428830823 0.00000000099999999963 0.00000000099999999963 0.90813435995484204089 0.00000000099999999963 0.00000000099999999963 0.07879301037410423036 0.00000000099999999963 0.00985929667676552560 
0.01698021694513341534 0.00000000099999999965 0.00000000099999999965 0.00000000099999999965 0.97795705094727725104 0.00000000099999999965 0.00000000099999999965 0.00000000099999999965 0.00000000099999999965 0.00506272510758940062 
0.00000000099999999983 0.00980682259289692576 0.00000000099999999983 0.00000000099999999983 0.91630773610392690642 0.00000000099999999983 0.00000000099999999983 0.07388543430317620619 0.00000000099999999983 0.00000000099999999983 
0.05655020025317486487 0.00406904898927724391 0.00000000099999999966 0.00000000099999999966 0.87836176073978000645 0.00000000099999999966 0.00000000099999999966 0.06101898401776782027 0.00000000099999999966 0.00000000099999999966 
0.00000000099999999968 0.00610926260542631570 0.00000000099999999968 0.00000000099999999968 0.89704943206588361182 0.00000000099999999968 0.00000000099999999968 0.07619210674503260061 0.00000000099999999968 0.02064919258365761900 
0.00000000099999999991 0.00000000099999999991 0.00000000099999999991 0.00000000099999999991 0.96654987773308032040 0.00000000099999999991 0.00000000099999999991 0.02133961943571244593 0.00125368722484365766 0.01085680960636361582 
0.00000000099999999977 0.00000000099999999977 0.00000000099999999977 0.00449436680428687806 0.88554453943654698467 0.00000000099999999977 0.00000000099999999977 0.07432874056719826483 0.00000000099999999977 0.03563234719196800571 
0.00000000099999999984 0.00000000099999999984 0.00000000099999999984 0.00296327880871679293 0.88427229339442925404 0.00000000099999999984 0.00000000099999999984 0.05741456588818927287 0.00000000099999999984 0.05534985590866463301 
0.00000000099999999957 0.00338016275581499602 0.00000000099999999957 0.00000000099999999957 0.94157456732880939754 0.00000000099999999957 0.00000000099999999957 0.05355259302914645858 0.00000000099999999957 0.00149267088622904239 
0.00000000099999999964 0.00213110768983811863 0.00000000099999999964 0.00000000099999999964 0.95386393871318297943 0.00000000099999999964 0.00000000099999999964 0.04400494659697903183 0.00000000099999999964 0.00000000099999999964 
0.00000000099999999964 0.00000000099999999964 0.00000000099999999964 0.00000000099999999964 0.90966866861357997820 0.00000000099999999964 0.00000000099999999964 0.09033115946751490988 0.00000000099999999964 0.00000016491890519121 
0.00000000099999999960 0.00358229872293489796 0.00000000099999999960 0.00000000099999999960 0.92277286866009233801 0.00000000099999999960 0.00000000099999999960 0.07049439490532435904 0.00000000099999999960 0.00315043171164846626 
0.00000000447686688840 0.00000000099999999985 0.00000000099999999985 0.00496496337292054619 0.86928356173117993233 0.00000000099999999985 0.00000000099999999985 0.05425850997566496192 0.00000000099999999985 0.07149295544336778385 
0.00000000099999999997 0.00195830164411508502 0.00000000099999999997 0.00095144859164936733 0.88283442400147904561 0.00342784756435837506 0.00000000099999999997 0.07454074324396915696 0.00080562569022794763 0.03548160626420088920 
0.00045757786339666658 0.00000000099999999975 0.00000000099999999975 0.00000000099999999975 0.91248833880873092550 0.00000000099999999975 0.00000000099999999975 0.04193041537404255253 0.00000000099999999975 0.04512366195383007983 
0.00000000099999999958 0.00000000099999999958 0.00000000099999999958 0.00000000099999999958 0.87046425467517885011 0.00000000099999999958 0.00000000099999999958 0.10706057632630208709 0.00000000099999999958 0.02247516199851908383 
0.02550629784780121534 0.00000000099999999937 0.00000000099999999937 0.00000000099999999937 0.87590498219405121816 0.00000000099999999937 0.00000000099999999937 0.08340491975207411923 0.00000000099999999937 0.01518379420607343308 
0.04638154387733037232 0.00000000099999999975 0.00000000099999999975 0.00000000099999999975 0.89287106880371036599 0.00000000099999999975 0.00000000099999999975 0.06074738031895936946 0.00000000099999999975 0.00000000099999999975 
0.13504256901807384916 0.01212505716785880830 0.00000000099999999996 0.00000000099999999996 0.79165671068261633803 0.00000000099999999996 0.00000000099999999996 0.06107522297669044919 0.00000000099999999996 0.00010043515476068513 
0.10736117260239230742 0.00000000099999999999 0.00000000099999999999 0.00368526283323612844 0.52944016510626357164 0.00000000099999999999 0.00000000099999999999 0.20804620503957321764 0.00000000099999999999 0.15146718941853487550 
0.22362589548372963089 0.03864666984935104938 0.00000000099999999998 0.00000000099999999998 0.65612225379700683803 0.00000000099999999998 0.00000000099999999998 0.08159812045523699708 0.00000000099999999998 0.00000705541467551394 
0.01290195255187900902 0.00000000099999999950 0.00000000099999999950 0.00000000099999999950 0.90623024558623999081 0.00000000099999999950 0.00617776640115732384 0.06704576839289058676 0.00000000099999999950 0.00764426206783321970 
0.01534793962867443858 0.02241377813340773156 0.00000000099999999997 0.00000000099999999997 0.79007587295766601443 0.00000000099999999997 0.00000000099999999997 0.11216987693137389637 0.00000000099999999997 0.05999252734887809690 
0.00139975397845604936 0.00000000099999999998 0.00133037114504373733 0.00000000099999999998 0.28903712415926152701 0.00000000099999999998 0.00000000099999999998 0.22725136285084712728 0.00000000099999999998 0.48098138286639152694 
0.02950846613685872977 0.00000000099999999977 0.00000000099999999977 0.00000000099999999977 0.95028597782712709297 0.00000000099999999977 0.00000000099999999977 0.01806130496369207777 0.00000000099999999977 0.00214424507232225791 
0.43909189618687527457 0.00000000099999999998 0.00000000099999999998 0.00000000099999999998 0.43480024652198745461 0.00000000099999999998 0.01065652649826147151 0.00000000099999999998 0.00000000099999999998 0.11545132479287589788 
0.00212340841448786788 0.00000000099999999976 0.00000000099999999976 0.00000000099999999976 0.90205986974653451504 0.00000000099999999976 0.01618880327806159619 0.03971107944130559259 0.00000000099999999976 0.03991683411961052808 
0.02439051599791257352 0.00000000099999999987 0.00000000099999999987 0.00000000099999999987 0.95471449534153607352 0.00000000099999999987 0.00191144318712580734 0.01484115577495948891 0.00000000099999999987 0.00414238469846612070 
0.06771702477214043558 0.00000000099999999950 0.00000000099999999950 0.00000000099999999950 0.88923327307436916822 0.00000000099999999950 0.00831958833059641759 0.01410000518399102780 0.00000000099999999950 0.02063010363890294130 
0.06696623761439482458 0.00000000099999999984 0.00000000099999999984 0.00000000099999999984 0.88455111290715149330 0.00000000099999999984 0.00189688038594500890 0.02170975996884460038 0.00000000099999999984 0.02487600412366419364 
0.02946336213510853536 0.00000000099999999913 0.00000000099999999913 0.00000000099999999913 0.90101694578639213162 0.00000000099999999913 0.00000000099999999913 0.04950511989613187031 0.00000000099999999913 0.02001456618236749710 
