0.00000000099999999834 0.00000000099999999834 0.00000000099999999834 0.00000000099999999834 0.00000000099999999834 0.99999999299999986491 0.00000000099999999834 0.00000000099999999834 
0.00000000099999999843 0.00000000099999999843 0.00000000099999999843 0.00000000099999999843 0.00000000099999999843 0.99999999299999986491 0.00000000099999999843 0.00000000099999999843 
0.00000000099999999838 0.00000000099999999838 0.00000000099999999838 0.00000000099999999838 0.00000000099999999838 0.99999999299999997593 0.00000000099999999838 0.00000000099999999838 
0.00000000099999999842 0.00000000099999999842 0.00000000099999999842 0.00000000099999999842 0.00000000099999999842 0.99999999299999986491 0.00000000099999999842 0.00000000099999999842 
0.00000000099999999847 0.00000000099999999847 0.00000000099999999847 0.00000000099999999847 0.00000000099999999847 0.99999999299999986491 0.00000000099999999847 0.00000000099999999847 
0.00000000099999999849 0.00000000099999999849 0.00000000099999999849 0.00000000099999999849 0.00000000099999999849 0.99999999299999986491 0.00000000099999999849 0.00000000099999999849 
0.00000000099999999839 0.00000000099999999839 0.00000000099999999839 0.00000000099999999839 0.00000000099999999839 0.99999999299999986491 0.00000000099999999839 0.00000000099999999839 
0.00000000099999999852 0.00000000099999999852 0.00000000099999999852 0.00000000099999999852 0.00000000099999999852 0.99999999299999997593 0.00000000099999999852 0.00000000099999999852 
0.00000000099999999843 0.00000000099999999843 0.00000000099999999843 0.00000000099999999843 0.00000000099999999843 0.99999999299999986491 0.00000000099999999843 0.00000000099999999843 
0.00000000099999999851 0.00000000099999999851 0.00000000099999999851 0.00000000099999999851 0.00000000099999999851 0.99999999299999986491 0.00000000099999999851 0.00000000099999999851 
0.00000000099999999846 0.00000000099999999846 0.00000000099999999846 0.00000000099999999846 0.00000000099999999846 0.99999999299999997593 0.00000000099999999846 0.00000000099999999846 
0.00000000099999999875 0.00000000099999999875 0.00000000099999999875 0.00000000099999999875 0.00000000099999999875 0.99999999299999986491 0.00000000099999999875 0.00000000099999999875 
0.00000000099999999846 0.00000000099999999846 0.00000000099999999846 0.00000000099999999846 0.00000000099999999846 0.99999999299999986491 0.00000000099999999846 0.00000000099999999846 
0.00000000099999999842 0.00000000099999999842 0.00000000099999999842 0.00000000099999999842 0.00000000099999999842 0.99999999299999986491 0.00000000099999999842 0.00000000099999999842 
0.00000000099999999845 0.00000000099999999845 0.00000000099999999845 0.00000000099999999845 0.00000000099999999845 0.99999999299999986491 0.00000000099999999845 0.00000000099999999845 
0.00000000099999999844 0.00000000099999999844 0.00000000099999999844 0.00000000099999999844 0.00000000099999999844 0.99999999299999997593 0.00000000099999999844 0.00000000099999999844 
0.00000000099999999843 0.00000000099999999843 0.00000000099999999843 0.00000000099999999843 0.00000000099999999843 0.99999999299999997593 0.00000000099999999843 0.00000000099999999843 
0.00000000099999999854 0.00000000099999999854 0.00000000099999999854 0.00000000099999999854 0.00000000099999999854 0.99999999299999986491 0.00000000099999999854 0.00000000099999999854 
0.00000000099999999857 0.00000000099999999857 0.00000000099999999857 0.00000000099999999857 0.00000000099999999857 0.99999999299999986491 0.00000000099999999857 0.00000000099999999857 
0.00000000099999999856 0.00000000099999999856 0.00000000099999999856 0.00000000099999999856 0.00000000099999999856 0.99999999299999997593 0.00000000099999999856 0.00000000099999999856 
0.00000000099999999848 0.00000000099999999848 0.00000000099999999848 0.00000000099999999848 0.00000000099999999848 0.99999999299999986491 0.00000000099999999848 0.00000000099999999848 
0.00000000099999999851 0.00000000099999999851 0.00000000099999999851 0.00000000099999999851 0.00000000099999999851 0.99999999299999997593 0.00000000099999999851 0.00000000099999999851 
0.00000000099999999849 0.00000000099999999849 0.00000000099999999849 0.00000000099999999849 0.00000000099999999849 0.99999999299999986491 0.00000000099999999849 0.00000000099999999849 
0.00000000099999999852 0.00000000099999999852 0.00000000099999999852 0.00000000099999999852 0.00000000099999999852 0.99999999299999997593 0.00000000099999999852 0.00000000099999999852 
0.00000000099999999894 0.00000000099999999894 0.00000000099999999894 0.00000000099999999894 0.00000000099999999894 0.99999999299999997593 0.00000000099999999894 0.00000000099999999894 
0.00000000099999999848 0.00000000099999999848 0.00000000099999999848 0.00000000099999999848 0.00000000099999999848 0.99999999299999986491 0.00000000099999999848 0.00000000099999999848 
0.00000000099999999853 0.00000000099999999853 0.00000000099999999853 0.00000000099999999853 0.00000000099999999853 0.99999999299999997593 0.00000000099999999853 0.00000000099999999853 
0.00000000099999999855 0.00000000099999999855 0.00000000099999999855 0.00000000099999999855 0.00000000099999999855 0.99999999299999997593 0.00000000099999999855 0.00000000099999999855 
0.00000000099999999857 0.00000000099999999857 0.00000000099999999857 0.00000000099999999857 0.00000000099999999857 0.99999999299999986491 0.00000000099999999857 0.00000000099999999857 
0.00000000099999999852 0.00000000099999999852 0.00000000099999999852 0.00000000099999999852 0.00000000099999999852 0.99999999299999997593 0.00000000099999999852 0.00000000099999999852 
0.00000000099999999874 0.00000000099999999874 0.00000000099999999874 0.00000000099999999874 0.00000000099999999874 0.99999999299999986491 0.00000000099999999874 0.00000000099999999874 
0.00000000099999999897 0.00000000099999999897 0.00000000099999999897 0.00000000099999999897 0.00000000099999999897 0.99999999299999997593 0.00000000099999999897 0.00000000099999999897 
0.00000000099999999867 0.00000000099999999867 0.00000000099999999867 0.00000000099999999867 0.00000000099999999867 0.99999999299999997593 0.00000000099999999867 0.00000000099999999867 
0.00000000099999999886 0.00000000099999999886 0.00000000099999999886 0.00000000099999999886 0.00000000099999999886 0.99999999299999986491 0.00000000099999999886 0.00000000099999999886 
0.00000000099999999867 0.00000000099999999867 0.00000000099999999867 0.00000000099999999867 0.00000000099999999867 0.99999999299999997593 0.00000000099999999867 0.00000000099999999867 
0.00000000099999999880 0.00000000099999999880 0.00000000099999999880 0.00000000099999999880 0.00000000099999999880 0.99999999299999986491 0.00000000099999999880 0.00000000099999999880 
0.00000000099999999872 0.00000000099999999872 0.00000000099999999872 0.00000000099999999872 0.00000000099999999872 0.99999999299999997593 0.00000000099999999872 0.00000000099999999872 
0.00000000099999999873 0.00000000099999999873 0.00000000099999999873 0.00000000099999999873 0.00000000099999999873 0.99999999299999986491 0.00000000099999999873 0.00000000099999999873 
0.00000000099999999879 0.00000000099999999879 0.00000000099999999879 0.00000000099999999879 0.00000000099999999879 0.99999999299999986491 0.00000000099999999879 0.00000000099999999879 
0.00000000099999999903 0.00000000099999999903 0.00000000099999999903 0.00000000099999999903 0.00000000099999999903 0.99999999299999997593 0.00000000099999999903 0.00000000099999999903 
0.00000000099999999870 0.00000000099999999870 0.00000000099999999870 0.00000000099999999870 0.00000000099999999870 0.99999999299999997593 0.00000000099999999870 0.00000000099999999870 
0.00000000099999999888 0.00000000099999999888 0.00000000099999999888 0.00000000099999999888 0.00000000099999999888 0.99999999299999986491 0.00000000099999999888 0.00000000099999999888 
0.00000000099999999874 0.00000000099999999874 0.00000000099999999874 0.00000000099999999874 0.00000000099999999874 0.99999999299999997593 0.00000000099999999874 0.00000000099999999874 
0.00000000099999999871 0.00000000099999999871 0.00000000099999999871 0.00000000099999999871 0.00000000099999999871 0.99999999299999986491 0.00000000099999999871 0.00000000099999999871 
0.00000000099999999885 0.00000000099999999885 0.00000000099999999885 0.00000000099999999885 0.00000000099999999885 0.99999999299999997593 0.00000000099999999885 0.00000000099999999885 
0.00000000099999999875 0.00000000099999999875 0.00000000099999999875 0.00000000099999999875 0.00000000099999999875 0.99999999299999997593 0.00000000099999999875 0.00000000099999999875 
0.00000000099999999881 0.00000000099999999881 0.00000000099999999881 0.00000000099999999881 0.00000000099999999881 0.99999999299999997593 0.00000000099999999881 0.00000000099999999881 
0.00000000099999999905 0.00000000099999999905 0.00000000099999999905 0.00000000099999999905 0.00000000099999999905 0.99999999300000008695 0.00000000099999999905 0.00000000099999999905 
0.00000000099999999909 0.00000000099999999909 0.00000000099999999909 0.00000000099999999909 0.00000000099999999909 0.99999999299999997593 0.00000000099999999909 0.00000000099999999909 
0.00000000099999999923 0.00000000099999999923 0.00000000099999999923 0.00000000099999999923 0.00000000099999999923 0.99999999300000008695 0.00000000099999999923 0.00000000099999999923 
0.00000000099999999955 0.00000000099999999955 0.00000000099999999955 0.00000000099999999955 0.00000000099999999955 0.99999999300000008695 0.00000000099999999955 0.00000000099999999955 
0.00000000099999999964 0.00000000099999999964 0.40141102256112959346 0.59816040812627024881 0.00042856431260023849 0.00000000099999999964 0.00000000099999999964 0.00000000099999999964 
0.00000000099999999928 0.00000000099999999928 0.44340787318682856055 0.55659212081317144261 0.00000000099999999928 0.00000000099999999928 0.00000000099999999928 0.00000000099999999928 
0.00000000099999999973 0.00000000099999999973 0.48499030723140851284 0.51457815453156274810 0.00043153323702883005 0.00000000099999999973 0.00000000099999999973 0.00000000099999999973 
0.00000000099999999897 0.00000000099999999897 0.39194450436675648541 0.60805548963324351774 0.00000000099999999897 0.00000000099999999897 0.00000000099999999897 0.00000000099999999897 
0.00000000099999999911 0.00000000099999999911 0.39514001328644415834 0.60485998071355595584 0.00000000099999999911 0.00000000099999999911 0.00000000099999999911 0.00000000099999999911 
0.00000000099999999898 0.00000000099999999898 0.40158763309951178710 0.59841236090048821605 0.00000000099999999898 0.00000000099999999898 0.00000000099999999898 0.00000000099999999898 
0.00000000099999999944 0.00000000099999999944 0.39447074536293125213 0.60552924863706880654 0.00000000099999999944 0.00000000099999999944 0.00000000099999999944 0.00000000099999999944 
0.00000000099999999910 0.00000000099999999910 0.37318110696508577373 0.62681888703491428494 0.00000000099999999910 0.00000000099999999910 0.00000000099999999910 0.00000000099999999910 
0.00000000099999999933 0.00000000099999999933 0.40406039202696331092 0.59593960197303674775 0.00000000099999999933 0.00000000099999999933 0.00000000099999999933 0.00000000099999999933 
0.00000000099999999960 0.00922818688988774442 0.39325989448812409544 0.59751191362198829982 0.00000000099999999960 0.00000000099999999960 0.00000000099999999960 0.00000000099999999960 
0.00000000099999999915 0.00000000099999999915 0.42483353015237607098 0.57516646384762393218 0.00000000099999999915 0.00000000099999999915 0.00000000099999999915 0.00000000099999999915 
0.00000000099999999909 0.00000000099999999909 0.42143887942570990024 0.57856111457429026945 0.00000000099999999909 0.00000000099999999909 0.00000000099999999909 0.00000000099999999909 
0.00000000099999999949 0.00958520671915947566 0.42223167398413391505 0.56818311429670675938 0.00000000099999999949 0.00000000099999999949 0.00000000099999999949 0.00000000099999999949 
0.00000000099999999930 0.00000000099999999930 0.42939468164406441320 0.57060531235593558996 0.00000000099999999930 0.00000000099999999930 0.00000000099999999930 0.00000000099999999930 
0.00000000099999999979 0.00000000099999999979 0.38452523378264857890 0.61547476021735147977 0.00000000099999999979 0.00000000099999999979 0.00000000099999999979 0.00000000099999999979 
0.00000000099999999900 0.00000000099999999900 0.39285272518814939868 0.60714726881185077101 0.00000000099999999900 0.00000000099999999900 0.00000000099999999900 0.00000000099999999900 
0.00000000099999999940 0.00000000099999999940 0.48780811754937225544 0.51219187645062791425 0.00000000099999999940 0.00000000099999999940 0.00000000099999999940 0.00000000099999999940 
0.00000000099999999976 0.00000000099999999976 0.48116026948854889733 0.51799255341256122964 0.00084717209888977754 0.00000000099999999976 0.00000000099999999976 0.00000000099999999976 
0.00000000099999999919 0.00000000099999999919 0.43099157119768632951 0.56900842280231378467 0.00000000099999999919 0.00000000099999999919 0.00000000099999999919 0.00000000099999999919 
0.00000000099999999920 0.00000000099999999920 0.41819502414037906801 0.58180496985962104617 0.00000000099999999920 0.00000000099999999920 0.00000000099999999920 0.00000000099999999920 
0.00000000099999999926 0.00000000099999999926 0.41016261834105183226 0.58983737565894811539 0.00000000099999999926 0.00000000099999999926 0.00000000099999999926 0.00000000099999999926 
0.00000000099999999899 0.00000000099999999899 0.40728457458551153847 0.59271541941448846469 0.00000000099999999899 0.00000000099999999899 0.00000000099999999899 0.00000000099999999899 
0.00000000099999999936 0.00000000099999999936 0.44250320111836288772 0.55749679288163722646 0.00000000099999999936 0.00000000099999999936 0.00000000099999999936 0.00000000099999999936 
0.00000000099999999927 0.00000000099999999927 0.46378428498487039855 0.53621570901512971563 0.00000000099999999927 0.00000000099999999927 0.00000000099999999927 0.00000000099999999927 
0.00000000099999999961 0.00000000099999999961 0.49387434586130168901 0.50612564813869842517 0.00000000099999999961 0.00000000099999999961 0.00000000099999999961 0.00000000099999999961 
0.00000000099999999915 0.00000000099999999915 0.40446258066114970653 0.59553741333885035214 0.00000000099999999915 0.00000000099999999915 0.00000000099999999915 0.00000000099999999915 
0.00000000099999999933 0.00000000099999999933 0.46525945147630581866 0.53474054252369418450 0.00000000099999999933 0.00000000099999999933 0.00000000099999999933 0.00000000099999999933 
0.00368829891220918017 0.00191209021789361740 0.45232207273930347124 0.54181234488648444270 0.00000000099999999985 0.00026519024410925186 0.00000000099999999985 0.00000000099999999985 
0.00000000099999999990 0.00138122017706213476 0.39727983726023513578 0.60133893743993682701 0.00000000112276595815 0.00000000099999999990 0.00000000099999999990 0.00000000099999999990 
0.00000000099999999936 0.00000000099999999936 0.44978170087322871806 0.55021829312677139612 0.00000000099999999936 0.00000000099999999936 0.00000000099999999936 0.00000000099999999936 
0.00000000099999999922 0.00000000099999999922 0.38255250212799590814 0.61744749187200420604 0.00000000099999999922 0.00000000099999999922 0.00000000099999999922 0.00000000099999999922 
0.00000000099999999973 0.00493428045582290989 0.42253244343714291276 0.57253327110703433611 0.00000000099999999973 0.00000000099999999973 0.00000000099999999973 0.00000000099999999973 
0.00000000099999999958 0.00000000099999999958 0.53834201711024121106 0.46165797688975884761 0.00000000099999999958 0.00000000099999999958 0.00000000099999999958 0.00000000099999999958 
0.00000000099999999950 0.00000000099999999950 0.45924911505464033334 0.54075087894535966981 0.00000000099999999950 0.00000000099999999950 0.00000000099999999950 0.00000000099999999950 
0.00000000099999999939 0.00000000099999999939 0.47138590797429152923 0.52861408602570847393 0.00000000099999999939 0.00000000099999999939 0.00000000099999999939 0.00000000099999999939 
0.00000000099999999953 0.00000000099999999953 0.42130907885658702705 0.57869091514341297611 0.00000000099999999953 0.00000000099999999953 0.00000000099999999953 0.00000000099999999953 
0.00000000099999999935 0.00000000099999999935 0.48353306163362019809 0.51646693236637986058 0.00000000099999999935 0.00000000099999999935 0.00000000099999999935 0.00000000099999999935 
0.00000000099999999945 0.00000000099999999945 0.47936911924072295177 0.52063087475927727343 0.00000000099999999945 0.00000000099999999945 0.00000000099999999945 0.00000000099999999945 
0.00000000099999999941 0.00000000099999999941 0.51815743598095909128 0.48184255801904107841 0.00000000099999999941 0.00000000099999999941 0.00000000099999999941 0.00000000099999999941 
0.00000000099999999978 0.00336459334514430802 0.41385528399394955201 0.58278011766090620505 0.00000000099999999978 0.00000000099999999978 0.00000000099999999978 0.00000000099999999978 
0.00000000099999999967 0.00000000099999999967 0.42390355746781172019 0.57609643653218833848 0.00000000099999999967 0.00000000099999999967 0.00000000099999999967 0.00000000099999999967 
0.00000000099999999982 0.00000000099999999982 0.43404898345186010422 0.56521753181447520475 0.00000000099999999982 0.00073347973366465853 0.00000000099999999982 0.00000000099999999982 
0.00000000099999999949 0.00000000099999999949 0.41132150433129960332 0.58867848966870051086 0.00000000099999999949 0.00000000099999999949 0.00000000099999999949 0.00000000099999999949 
0.00000000099999999919 0.00000000099999999919 0.47445607857911398231 0.52554391542088618738 0.00000000099999999919 0.00000000099999999919 0.00000000099999999919 0.00000000099999999919 
0.00000000099999999916 0.00000000099999999916 0.45480200025592032453 0.54519799374407973414 0.00000000099999999916 0.00000000099999999916 0.00000000099999999916 0.00000000099999999916 
0.00000000099999999922 0.00000000099999999922 0.47078696605274822362 0.52921302794725189056 0.00000000099999999922 0.00000000099999999922 0.00000000099999999922 0.00000000099999999922 
0.00000000099999999928 0.00000000099999999928 0.45257494154954852617 0.54742505245045158802 0.00000000099999999928 0.00000000099999999928 0.00000000099999999928 0.00000000099999999928 
0.00000000099999999962 0.00265370865098641176 0.47981405004531618719 0.51753223630369760144 0.00000000099999999962 0.00000000099999999962 0.00000000099999999962 0.00000000099999999962 
0.00000000099999999915 0.00000000099999999915 0.44767353124005088150 0.55232646275994912166 0.00000000099999999915 0.00000000099999999915 0.00000000099999999915 0.00000000099999999915 
0.00000000099999999947 0.00000000099999999947 0.49771131650563088522 0.50228867749436911794 0.00000000099999999947 0.00000000099999999947 0.00000000099999999947 0.00000000099999999947 
0.00000000099999999920 0.00000000099999999920 0.43367322133385860505 0.56632677266614150913 0.00000000099999999920 0.00000000099999999920 0.00000000099999999920 0.00000000099999999920 
0.00000000099999999930 0.00000000099999999930 0.48822822140154931159 0.51177177259845085810 0.00000000099999999930 0.00000000099999999930 0.00000000099999999930 0.00000000099999999930 
0.00000000099999999946 0.00000000099999999946 0.46145906788969875967 0.53854092611030146553 0.00000000099999999946 0.00000000099999999946 0.00000000099999999946 0.00000000099999999946 
0.00000000099999999949 0.00000000099999999949 0.41876504457155783179 0.58123494942844222688 0.00000000099999999949 0.00000000099999999949 0.00000000099999999949 0.00000000099999999949 
0.00000000099999999930 0.00000000099999999930 0.44298027963297748055 0.55701971436702257812 0.00000000099999999930 0.00000000099999999930 0.00000000099999999930 0.00000000099999999930 
0.00000000099999999937 0.00000000099999999937 0.42521382384933065213 0.57478617015066946205 0.00000000099999999937 0.00000000099999999937 0.00000000099999999937 0.00000000099999999937 
0.00000000099999999959 0.00000000099999999959 0.43542086026465748327 0.56457913373534263091 0.00000000099999999959 0.00000000099999999959 0.00000000099999999959 0.00000000099999999959 
0.00000000099999999959 0.00000000099999999959 0.45312097593005029594 0.54578486576663698404 0.00000000099999999959 0.00109415330331289352 0.00000000099999999959 0.00000000099999999959 
0.00000000099999999927 0.00000000099999999927 0.44079316306575777595 0.55920683093424228272 0.00000000099999999927 0.00000000099999999927 0.00000000099999999927 0.00000000099999999927 
0.00000000099999999958 0.00000000099999999958 0.42625131235028268506 0.57374868164971737361 0.00000000099999999958 0.00000000099999999958 0.00000000099999999958 0.00000000099999999958 
0.00000000099999999916 0.00000000099999999916 0.46752665856669095579 0.53247333543330910288 0.00000000099999999916 0.00000000099999999916 0.00000000099999999916 0.00000000099999999916 
0.00000000099999999973 0.00000000099999999973 0.49205618392796734994 0.50794381007203270872 0.00000000099999999973 0.00000000099999999973 0.00000000099999999973 0.00000000099999999973 
0.00000000099999999960 0.00000000099999999960 0.46235604243479172526 0.53592575487888149954 0.00000000099999999960 0.00171819768632684397 0.00000000099999999960 0.00000000099999999960 
0.00000000099999999977 0.00000000099999999977 0.47713923528002372132 0.52179880745190221347 0.00000000099999999977 0.00000000099999999977 0.00000000099999999977 0.00106195226807413202 
0.00000000099999999962 0.00000000099999999962 0.43279025651691294119 0.56720973748308722850 0.00000000099999999962 0.00000000099999999962 0.00000000099999999962 0.00000000099999999962 
0.00000000099999999973 0.00000000099999999973 0.49909736153177525209 0.50090263246822486209 0.00000000099999999973 0.00000000099999999973 0.00000000099999999973 0.00000000099999999973 
0.00000000099999999985 0.00000000099999999985 0.38556606466662790567 0.60249993647573585331 0.00000000099999999985 0.00241431281096150590 0.00000000099999999985 0.00951968204667479577 
0.00000000099999999983 0.00000000099999999983 0.43835091447131141473 0.55485001377404530309 0.00000000099999999983 0.00000000099999999983 0.00679906675464335419 0.00000000099999999983 
0.00000000099999999992 0.00000000099999999992 0.44819044810557079339 0.54635900337948306582 0.00000000099999999992 0.00000000099999999992 0.00000000099999999992 0.00545054351494619026 
0.00000000099999999989 0.00000000099999999989 0.46122290682679167872 0.53657716351121964582 0.00000000099999999989 0.00000000099999999989 0.00219992466198873880 0.00000000099999999989 
0.00162320055218327240 0.00001724981709054071 0.46771286617147739273 0.52755594032111796654 0.00000000099999999997 0.00309073829344773225 0.00000000284468314323 0.00000000099999999997 
0.00000000099999999978 0.00482740129092330307 0.42340882329065337997 0.57134384269466464978 0.00000000099999999978 0.00041992872375857886 0.00000000099999999978 0.00000000099999999978 
0.00000000099999999938 0.00000000099999999938 0.00952322524308684554 0.99047676875691326170 0.00000000099999999938 0.00000000099999999938 0.00000000099999999938 0.00000000099999999938 
0.00000000099999999931 0.00000000099999999931 0.00000000099999999931 0.99999999299999997593 0.00000000099999999931 0.00000000099999999931 0.00000000099999999931 0.00000000099999999931 
0.00000000099999999966 0.00000000099999999966 0.00689821006341915458 0.99310178393658099516 0.00000000099999999966 0.00000000099999999966 0.00000000099999999966 0.00000000099999999966 
0.00000000099999999987 0.00000000099999999987 0.00000000099999999987 0.99999999299999997593 0.00000000099999999987 0.00000000099999999987 0.00000000099999999987 0.00000000099999999987 
0.00000000099999999922 0.00000000099999999922 0.00000000099999999922 0.99999999299999997593 0.00000000099999999922 0.00000000099999999922 0.00000000099999999922 0.00000000099999999922 
0.00000000099999999936 0.00000000099999999936 0.00000000099999999936 0.99999999300000008695 0.00000000099999999936 0.00000000099999999936 0.00000000099999999936 0.00000000099999999936 
0.00000000099999999950 0.00000000099999999950 0.00133927872718192726 0.99866071527281807807 0.00000000099999999950 0.00000000099999999950 0.00000000099999999950 0.00000000099999999950 
0.00000000099999999950 0.00000000099999999950 0.00592818263029648747 0.99407181136970357294 0.00000000099999999950 0.00000000099999999950 0.00000000099999999950 0.00000000099999999950 
0.00000000099999999936 0.00000000099999999936 0.00187308887920851520 0.99812690512079149663 0.00000000099999999936 0.00000000099999999936 0.00000000099999999936 0.00000000099999999936 
0.00000000099999999974 0.00000000099999999974 0.00000000099999999974 0.99911965155209847556 0.00000000099999999974 0.00088034244790157607 0.00000000099999999974 0.00000000099999999974 
0.00000000099999999934 0.00000000099999999934 0.00000000099999999934 0.99999999299999997593 0.00000000099999999934 0.00000000099999999934 0.00000000099999999934 0.00000000099999999934 
0.00000000099999999919 0.00000000099999999919 0.00375376701373964037 0.99624622698626030814 0.00000000099999999919 0.00000000099999999919 0.00000000099999999919 0.00000000099999999919 
0.00000000099999999934 0.00000000099999999934 0.00000000099999999934 0.99999999300000008695 0.00000000099999999934 0.00000000099999999934 0.00000000099999999934 0.00000000099999999934 
0.00000000099999999937 0.00000000099999999937 0.00000000099999999937 0.99999999300000008695 0.00000000099999999937 0.00000000099999999937 0.00000000099999999937 0.00000000099999999937 
0.00000000099999999964 0.00000000099999999964 0.00000000099999999964 0.99870043071672343071 0.00000000099999999964 0.00129956328327651043 0.00000000099999999964 0.00000000099999999964 
0.00000000099999999945 0.00000000099999999945 0.03019091818665855034 0.96980907581334163670 0.00000000099999999945 0.00000000099999999945 0.00000000099999999945 0.00000000099999999945 
0.00000000099999999951 0.00000000099999999951 0.00255670998576326778 0.99744328401423676400 0.00000000099999999951 0.00000000099999999951 0.00000000099999999951 0.00000000099999999951 
0.00000000099999999906 0.00000000099999999906 0.00000000099999999906 0.99999999300000008695 0.00000000099999999906 0.00000000099999999906 0.00000000099999999906 0.00000000099999999906 
0.00000000099999999972 0.00000000099999999972 0.01120372714305626315 0.98545129868544656393 0.00000000099999999972 0.00000000099999999972 0.00334496917149718249 0.00000000099999999972 
0.00000000099999999977 0.00000000099999999977 0.05125317871956566046 0.94619073769926065332 0.00000000099999999977 0.00000000099999999977 0.00255607858117365590 0.00000000099999999977 
0.00000000099999999981 0.00000000099999999981 0.00000000099999999981 0.99999999299999997593 0.00000000099999999981 0.00000000099999999981 0.00000000099999999981 0.00000000099999999981 
0.00000000099999999989 0.00000000099999999989 0.04966672474753127536 0.94221307256747954817 0.00000000099999999989 0.00000000099999999989 0.00812019768498922420 0.00000000099999999989 
0.00000000099999999975 0.00000000099999999975 0.06750586400068028792 0.92872826651412154764 0.00000000099999999975 0.00000000099999999975 0.00000000099999999975 0.00376586448519825555 
0.00109971116920514248 0.00000000099999999989 0.06210327281809683436 0.93325536681211562762 0.00000000099999999989 0.00000000099999999989 0.00000000100596213486 0.00354164519462032328 
0.00128869362460122842 0.00000000099999999991 0.01136133798127384430 0.98734991243710279463 0.00000000099999999991 0.00000005195702219927 0.00000000099999999991 0.00000000099999999991 
0.00000000099999999979 0.00000000099999999979 0.05953829567186549182 0.93566704167328751396 0.00000000099999999979 0.00000000099999999979 0.00000000099999999979 0.00479465765484719895 
0.00000000099999999981 0.00375537624023847012 0.03568477470260850853 0.96055984405715311159 0.00000000099999999981 0.00000000099999999981 0.00000000099999999981 0.00000000099999999981 
0.00000000099999999962 0.00000000099999999962 0.03080442639665298757 0.96634209283544969527 0.00000000099999999962 0.00000000099999999962 0.00285347576789722526 0.00000000099999999962 
0.00000000099999999992 0.00013243797848108880 0.02474458192518014590 0.97362476302266665051 0.00000000099999999992 0.00000016611946515839 0.00088743261424025269 0.00061061633996684528 
0.00000000099999999976 0.00000000099999999976 0.05955383345910991721 0.94044616054089003043 0.00000000099999999976 0.00000000099999999976 0.00000000099999999976 0.00000000099999999976 
0.00000000099999999968 0.00335084614547078146 0.03916296448307088340 0.95748618437145827098 0.00000000099999999968 0.00000000099999999968 0.00000000099999999968 0.00000000099999999968 
0.00000000099999999983 0.00530757819302825947 0.03823314963082534435 0.95645926717614648815 0.00000000099999999983 0.00000000099999999983 0.00000000099999999983 0.00000000099999999983 
0.00000000099999999980 0.00000000099999999980 0.05451707418522047655 0.93630962999108147127 0.00000000099999999980 0.00000000099999999980 0.00917329082369817625 0.00000000099999999980 
0.00000000099999999971 0.00118221937623748797 0.02108862763885889502 0.97772914798490362376 0.00000000099999999971 0.00000000099999999971 0.00000000099999999971 0.00000000099999999971 
0.00000000099999999967 0.00000000099999999967 0.05984770586276907250 0.94015228813723084045 0.00000000099999999967 0.00000000099999999967 0.00000000099999999967 0.00000000099999999967 
0.00000000099999999948 0.00000000099999999948 0.07780573877351068535 0.92219425522648934557 0.00000000099999999948 0.00000000099999999948 0.00000000099999999948 0.00000000099999999948 
0.00000000099999999982 0.00000000099999999982 0.04210052712155706867 0.95655110364102491349 0.00000000099999999982 0.00000000099999999982 0.00000000099999999982 0.00134836423741795304 
0.00000000099999999998 0.00000000099999999998 0.07815094199968647404 0.91136765008269571275 0.00073899726751891753 0.00000000099999999998 0.00000000099999999998 0.00974240665009899927 
0.00000000099999999999 0.00000000099999999999 0.12090012813112181733 0.87539174932570984478 0.00000000099999999999 0.00000000099999999999 0.00370810778771621385 0.00000001075545229223 
0.00000000099999999998 0.00000000099999999998 0.14323103192312108822 0.83079938008682863160 0.00000000099999999998 0.00000000099999999998 0.00000000099999999998 0.02596958299005034526 
0.00000000099999999955 0.00000000099999999955 0.06006987470261896528 0.93391428100760398578 0.00000000099999999955 0.00601583928977708886 0.00000000099999999955 0.00000000099999999955 
0.00000000099999999997 0.00000000099999999997 0.10620465162828766903 0.87137467819748171127 0.00000000099999999997 0.00000000099999999997 0.00000000099999999997 0.02242066517423063968 
0.00000000099999999998 0.00000000099999999998 0.22432996833892873689 0.77255683333376912181 0.00311319332730220031 0.00000000099999999998 0.00000000099999999998 0.00000000099999999998 
0.00000000099999999988 0.00000000099999999988 0.00711885195447896704 0.99221432614115745441 0.00000000099999999988 0.00066681690436354920 0.00000000099999999988 0.00000000099999999988 
0.00000000099999999999 0.00448149968496101402 0.00083073884539113863 0.98816306754283989022 0.00000000099999999999 0.00652459520265361286 0.00000009572415441682 0.00000000099999999999 
0.00000000099999999979 0.00000000099999999979 0.03460558123154077598 0.94950912021943512098 0.00000000099999999979 0.01588529354902414384 0.00000000099999999979 0.00000000099999999979 
0.00000000099999999988 0.00000000099999999988 0.01910718359849291476 0.97914716598967177497 0.00000000099999999988 0.00174564541183539921 0.00000000099999999988 0.00000000099999999988 
0.00000000099999999952 0.00000000099999999952 0.01766962898721584005 0.97401389141159633311 0.00000000099999999952 0.00831647460118801855 0.00000000099999999952 0.00000000099999999952 
0.00000000099999999989 0.00000000099999999989 0.02248069438999965655 0.97532126572960542443 0.00000000099999999989 0.00219803488039486006 0.00000000099999999989 0.00000000099999999989 
0.00000000099999999922 0.00000000099999999922 0.03917225949035407773 0.96082773450964598094 0.00000000099999999922 0.00000000099999999922 0.00000000099999999922 0.00000000099999999922 
0.00000000099999999950 0.00000000099999999950 0.00689611241742572878 0.99310388158257423274 0.00000000099999999950 0.00000000099999999950 0.00000000099999999950 0.00000000099999999950 
0.00000000099999999967 0.00409686425369700132 0.24101410926159763659 0.75488902148470549136 0.00000000099999999967 0.00000000099999999967 0.00000000099999999967 0.00000000099999999967 
0.00000000099999999975 0.00101115327774893289 0.22040370310848689250 0.77780816627786153461 0.00000000099999999975 0.00077697333590266390 0.00000000099999999975 0.00000000099999999975 
0.24389325434400058179 0.06654937660799332966 0.09382765540896777223 0.57020153685896035611 0.02552817378007802077 0.00000000099999999996 0.00000000099999999996 0.00000000099999999996 
0.00084689349600861226 0.00385452763318176175 0.27160763196657955465 0.71863641539478073650 0.00000000099999999992 0.00457354809655695273 0.00000000099999999992 0.00048098141289240658 
0.00000000099999999971 0.00876942954427518788 0.23823512476742819688 0.75297400116961687999 0.00000000099999999971 0.00002144051867995754 0.00000000099999999971 0.00000000099999999971 
0.25197059625320894494 0.09847710289270894535 0.09135808916220572451 0.54365298727427269210 0.01454122141760372938 0.00000000099999999994 0.00000000099999999994 0.00000000099999999994 
0.18742440212364513963 0.10328664950300721348 0.15009737765590905334 0.55887725946840016711 0.00031430824903856859 0.00000000099999999993 0.00000000099999999993 0.00000000099999999993 
0.19834491233425241563 0.08972518444504438972 0.09526537944662762103 0.61666451977407565899 0.00000000099999999993 0.00000000099999999993 0.00000000099999999993 0.00000000099999999993 
0.18366148497550968677 0.08798071668109960775 0.12265937756717104623 0.60520979772808847219 0.00000000099999999992 0.00048862004813103556 0.00000000099999999992 0.00000000099999999992 
0.17840458432154804314 0.08687037021898307010 0.14792978109799306830 0.58578755540570504046 0.00000000099999999993 0.00093977029793222732 0.00006793665783869959 0.00000000099999999993 
0.00000000099999999976 0.00074396391473702500 0.23634454751299863173 0.76291148357226434840 0.00000000099999999976 0.00000000099999999976 0.00000000099999999976 0.00000000099999999976 
0.21215083958237715422 0.12084411978172239499 0.08362231196116493015 0.58338272467473550886 0.00000000099999999986 0.00000000099999999986 0.00000000099999999986 0.00000000099999999986 
0.00000000099999999967 0.01383305769502939098 0.21758086081189878525 0.76416972238251656968 0.00000000099999999967 0.00441635511055522845 0.00000000099999999967 0.00000000099999999967 
0.16511378980759908175 0.24108819356313690441 0.10548721254040638318 0.48831080008885768828 0.00000000099999999980 0.00000000099999999980 0.00000000099999999980 0.00000000099999999980 
0.00000000099999999970 0.00000000099999999970 0.25703172839799309779 0.74020881381077219263 0.00000000099999999970 0.00275945279123456996 0.00000000099999999970 0.00000000099999999970 
0.00000000099999999964 0.00000000099999999964 0.26950679211569661398 0.73049320188430344469 0.00000000099999999964 0.00000000099999999964 0.00000000099999999964 0.00000000099999999964 
0.22097421886669801894 0.12738250996964917139 0.12153789096788936153 0.52340828994738031188 0.00000000099999999989 0.00669708724838313785 0.00000000099999999989 0.00000000099999999989 
0.00000000099999999950 0.00221697665457871443 0.21632276525680296797 0.78146025308861832848 0.00000000099999999950 0.00000000099999999950 0.00000000099999999950 0.00000000099999999950 
0.00000000099999999964 0.00573636234118429702 0.24768804307515296381 0.74657558958366287971 0.00000000099999999964 0.00000000099999999964 0.00000000099999999964 0.00000000099999999964 
0.00000000099999999997 0.00000000099999999997 0.11920420737630263441 0.87459615200226192844 0.00000000099999999997 0.00000000099999999997 0.00036210323760959889 0.00583753338382577997 
0.00000000099999999999 0.00000000099999999999 0.01432256691283066014 0.90863658927647661390 0.00000000099999999999 0.00000000099999999999 0.07704083881069273554 0.00000000099999999999 
0.00000000099999999990 0.00000000099999999990 0.07198344360692225663 0.92117162614690739630 0.00000000099999999990 0.00000000099999999990 0.00000000099999999990 0.00684492524617035577 
0.00000000099999999983 0.00000000099999999983 0.00269733095808759966 0.99358329918490839727 0.00000000099999999983 0.00000000099999999983 0.00000000099999999983 0.00371936485700415619 
0.00000000099999999964 0.00000000099999999964 0.03541115984527758165 0.92183492025975433126 0.00000000099999999964 0.00000000099999999964 0.04275391489496817299 0.00000000099999999964 
0.00000000099999999935 0.00000000099999999935 0.00000000099999999935 0.99999999300000008695 0.00000000099999999935 0.00000000099999999935 0.00000000099999999935 0.00000000099999999935 
0.00000000099999999962 0.00000000099999999962 0.00000000099999999962 0.99885928243871358045 0.00000000099999999962 0.00000000099999999962 0.00000000099999999962 0.00114071156128638129 
0.09469016957716751282 0.00000000099999999991 0.00000000099999999991 0.82464322102783360613 0.00000000099999999991 0.00226297603561121611 0.00000000099999999991 0.07840362935938759159 
0.00000000099999999965 0.00000000099999999965 0.00000000099999999965 0.99743477728784635250 0.00000000099999999965 0.00000000099999999965 0.00000000099999999965 0.00256521671215371614 
0.00000000099999999965 0.00000000099999999965 0.00000000099999999965 0.99753736097665313132 0.00000000099999999965 0.00000000099999999965 0.00000000099999999965 0.00246263302334695684 
0.00000000099999999877 0.00000000099999999877 0.00000000099999999877 0.99999999299999997593 0.00000000099999999877 0.00000000099999999877 0.00000000099999999877 0.00000000099999999877 
0.00000000099999999913 0.00000000099999999913 0.00061602916736171805 0.99938396483263847170 0.00000000099999999913 0.00000000099999999913 0.00000000099999999913 0.00000000099999999913 
0.00000000099999999915 0.00000000099999999915 0.00115704518788280111 0.99884294881211721506 0.00000000099999999915 0.00000000099999999915 0.00000000099999999915 0.00000000099999999915 
0.00000000099999999922 0.00000000099999999922 0.00000000099999999922 0.99999999299999997593 0.00000000099999999922 0.00000000099999999922 0.00000000099999999922 0.00000000099999999922 
0.00000000099999999896 0.00000000099999999896 0.00000000099999999896 0.99999999299999997593 0.00000000099999999896 0.00000000099999999896 0.00000000099999999896 0.00000000099999999896 
0.00000000099999999940 0.00000000099999999940 0.00825229183659899508 0.99174770216340102369 0.00000000099999999940 0.00000000099999999940 0.00000000099999999940 0.00000000099999999940 
0.00000000099999999966 0.00000000099999999966 0.00296419591732463095 0.99703579808267539519 0.00000000099999999966 0.00000000099999999966 0.00000000099999999966 0.00000000099999999966 
0.00000000099999999929 0.00000000099999999929 0.00000000099999999929 0.99999999299999997593 0.00000000099999999929 0.00000000099999999929 0.00000000099999999929 0.00000000099999999929 
0.00418011433341132933 0.00000000099999999998 0.00000000099999999998 0.99244226094114329495 0.00000000099999999998 0.00000000099999999998 0.00286229113621774616 0.00051532958922772816 
0.00000000099999999973 0.00000000099999999973 0.03293987042444619651 0.96672285974174021472 0.00000000099999999973 0.00033726483381356207 0.00000000099999999973 0.00000000099999999973 
0.00000000099999999950 0.00000000099999999950 0.00641355052847639769 0.99358644347152369480 0.00000000099999999950 0.00000000099999999950 0.00000000099999999950 0.00000000099999999950 
0.00000000099999999975 0.00000000099999999975 0.00639592021327531519 0.99227069198766171265 0.00133338279906307432 0.00000000099999999975 0.00000000099999999975 0.00000000099999999975 
0.00000000099999999914 0.00000000099999999914 0.00000000099999999914 0.99999999300000008695 0.00000000099999999914 0.00000000099999999914 0.00000000099999999914 0.00000000099999999914 
