0.00000000099999999889 0.00000000099999999889 0.99999999499999980834 0.00000000099999999889 0.00000000099999999889 0.00000000099999999889 
0.00000000099999999894 0.00000000099999999894 0.99999999499999991937 0.00000000099999999894 0.00000000099999999894 0.00000000099999999894 
0.00000000099999999892 0.00000000099999999892 0.99999999499999991937 0.00000000099999999892 0.00000000099999999892 0.00000000099999999892 
0.00000000099999999893 0.00000000099999999893 0.99999999499999991937 0.00000000099999999893 0.00000000099999999893 0.00000000099999999893 
0.00000000099999999897 0.00000000099999999897 0.99999999499999980834 0.00000000099999999897 0.00000000099999999897 0.00000000099999999897 
0.00000000099999999897 0.00000000099999999897 0.99999999499999980834 0.00000000099999999897 0.00000000099999999897 0.00000000099999999897 
0.00000000099999999890 0.00000000099999999890 0.99999999499999980834 0.00000000099999999890 0.00000000099999999890 0.00000000099999999890 
0.00000000099999999899 0.00000000099999999899 0.99999999499999991937 0.00000000099999999899 0.00000000099999999899 0.00000000099999999899 
0.00000000099999999893 0.00000000099999999893 0.99999999499999991937 0.00000000099999999893 0.00000000099999999893 0.00000000099999999893 
0.00000000099999999899 0.00000000099999999899 0.99999999499999991937 0.00000000099999999899 0.00000000099999999899 0.00000000099999999899 
0.00000000099999999896 0.00000000099999999896 0.99999999499999980834 0.00000000099999999896 0.00000000099999999896 0.00000000099999999896 
0.00000000099999999915 0.00000000099999999915 0.99999999500000003039 0.00000000099999999915 0.00000000099999999915 0.00000000099999999915 
0.00000000099999999896 0.00000000099999999896 0.99999999499999980834 0.00000000099999999896 0.00000000099999999896 0.00000000099999999896 
0.00000000099999999893 0.00000000099999999893 0.99999999499999991937 0.00000000099999999893 0.00000000099999999893 0.00000000099999999893 
0.00000000099999999895 0.00000000099999999895 0.99999999499999991937 0.00000000099999999895 0.00000000099999999895 0.00000000099999999895 
0.00000000099999999895 0.00000000099999999895 0.99999999499999980834 0.00000000099999999895 0.00000000099999999895 0.00000000099999999895 
0.00000000099999999894 0.00000000099999999894 0.99999999499999991937 0.00000000099999999894 0.00000000099999999894 0.00000000099999999894 
0.00000000099999999902 0.00000000099999999902 0.99999999500000003039 0.00000000099999999902 0.00000000099999999902 0.00000000099999999902 
0.00000000099999999903 0.00000000099999999903 0.99999999500000003039 0.00000000099999999903 0.00000000099999999903 0.00000000099999999903 
0.00000000099999999901 0.00000000099999999901 0.99999999499999991937 0.00000000099999999901 0.00000000099999999901 0.00000000099999999901 
0.00000000099999999897 0.00000000099999999897 0.99999999499999991937 0.00000000099999999897 0.00000000099999999897 0.00000000099999999897 
0.00000000099999999899 0.00000000099999999899 0.99999999499999980834 0.00000000099999999899 0.00000000099999999899 0.00000000099999999899 
0.00000000099999999898 0.00000000099999999898 0.99999999499999980834 0.00000000099999999898 0.00000000099999999898 0.00000000099999999898 
0.00000000099999999899 0.00000000099999999899 0.99999999499999980834 0.00000000099999999899 0.00000000099999999899 0.00000000099999999899 
0.00000000099999999927 0.00000000099999999927 0.99999999500000003039 0.00000000099999999927 0.00000000099999999927 0.00000000099999999927 
0.00000000099999999897 0.00000000099999999897 0.99999999499999991937 0.00000000099999999897 0.00000000099999999897 0.00000000099999999897 
0.00000000099999999901 0.00000000099999999901 0.99999999500000003039 0.00000000099999999901 0.00000000099999999901 0.00000000099999999901 
0.00000000099999999903 0.00000000099999999903 0.99999999500000003039 0.00000000099999999903 0.00000000099999999903 0.00000000099999999903 
0.00000000099999999904 0.00000000099999999904 0.99999999500000003039 0.00000000099999999904 0.00000000099999999904 0.00000000099999999904 
0.00000000099999999901 0.00000000099999999901 0.99999999499999991937 0.00000000099999999901 0.00000000099999999901 0.00000000099999999901 
0.00000000099999999915 0.00000000099999999915 0.99999999499999991937 0.00000000099999999915 0.00000000099999999915 0.00000000099999999915 
0.00000000099999999930 0.00000000099999999930 0.99999999499999991937 0.00000000099999999930 0.00000000099999999930 0.00000000099999999930 
0.00000000099999999911 0.00000000099999999911 0.99999999499999991937 0.00000000099999999911 0.00000000099999999911 0.00000000099999999911 
0.00000000099999999924 0.00000000099999999924 0.99999999499999991937 0.00000000099999999924 0.00000000099999999924 0.00000000099999999924 
0.00000000099999999911 0.00000000099999999911 0.99999999499999991937 0.00000000099999999911 0.00000000099999999911 0.00000000099999999911 
0.00000000099999999919 0.00000000099999999919 0.99999999499999991937 0.00000000099999999919 0.00000000099999999919 0.00000000099999999919 
0.00000000099999999913 0.00000000099999999913 0.99999999499999991937 0.00000000099999999913 0.00000000099999999913 0.00000000099999999913 
0.00000000099999999914 0.00000000099999999914 0.99999999500000003039 0.00000000099999999914 0.00000000099999999914 0.00000000099999999914 
0.00000000099999999917 0.00000000099999999917 0.99999999499999991937 0.00000000099999999917 0.00000000099999999917 0.00000000099999999917 
0.00000000099999999934 0.00000000099999999934 0.99999999499999991937 0.00000000099999999934 0.00000000099999999934 0.00000000099999999934 
0.00000000099999999912 0.00000000099999999912 0.99999999499999991937 0.00000000099999999912 0.00000000099999999912 0.00000000099999999912 
0.00000000099999999922 0.00000000099999999922 0.99999999500000003039 0.00000000099999999922 0.00000000099999999922 0.00000000099999999922 
0.00000000099999999915 0.00000000099999999915 0.99999999499999991937 0.00000000099999999915 0.00000000099999999915 0.00000000099999999915 
0.00000000099999999913 0.00000000099999999913 0.99999999500000003039 0.00000000099999999913 0.00000000099999999913 0.00000000099999999913 
0.00000000099999999922 0.00000000099999999922 0.99999999500000003039 0.00000000099999999922 0.00000000099999999922 0.00000000099999999922 
0.00000000099999999915 0.00000000099999999915 0.99999999499999991937 0.00000000099999999915 0.00000000099999999915 0.00000000099999999915 
0.00000000099999999919 0.00000000099999999919 0.99999999500000003039 0.00000000099999999919 0.00000000099999999919 0.00000000099999999919 
0.00000000099999999936 0.00000000099999999936 0.99999999499999991937 0.00000000099999999936 0.00000000099999999936 0.00000000099999999936 
0.00000000099999999939 0.00000000099999999939 0.99999999499999991937 0.00000000099999999939 0.00000000099999999939 0.00000000099999999939 
0.00000000099999999947 0.00000000099999999947 0.99999999499999991937 0.00000000099999999947 0.00000000099999999947 0.00000000099999999947 
0.00000000099999999970 0.00000000099999999970 0.99999999500000003039 0.00000000099999999970 0.00000000099999999970 0.00000000099999999970 
0.00000000099999999980 0.40277987262625242204 0.00000000099999999980 0.00000000099999999980 0.59722012337374741353 0.00000000099999999980 
0.00000000099999999951 0.44368031617110043063 0.00000000099999999951 0.00000000099999999951 0.55631967982889929392 0.00000000099999999951 
0.00000000099999999982 0.48832037122240545823 0.00000000099999999982 0.00000000099999999982 0.51167962477759443285 0.00000000099999999982 
0.00000000099999999930 0.39249469373010115181 0.00000000099999999930 0.00000000099999999930 0.60750530226989862825 0.00000000099999999930 
0.00000000099999999940 0.39555693859237039955 0.00000000099999999940 0.00000000099999999940 0.60444305740762949153 0.00000000099999999940 
0.00000000099999999928 0.40219598026653441414 0.00000000099999999928 0.00000000099999999928 0.59780401573346553246 0.00000000099999999928 
0.00000000099999999960 0.39496814699691507045 0.00000000099999999960 0.00000000099999999960 0.60503184900308493166 0.00000000099999999960 
0.00000000099999999936 0.37356612757386603585 0.00000000099999999936 0.00000000099999999936 0.62643386842613391075 0.00000000099999999936 
0.00000000099999999951 0.40531898587923509414 0.00000000099999999951 0.00000000099999999951 0.59468101012076468592 0.00000000099999999951 
0.00455951922851034579 0.39805292746697046313 0.00000000099999999995 0.00000000099999999995 0.59738755030451906602 0.00000000099999999995 
0.00000000099999999943 0.42558060501000377629 0.00000000099999999943 0.00000000099999999943 0.57441939098999605928 0.00000000099999999943 
0.00000000099999999937 0.42164259068634979410 0.00000000099999999937 0.00000000099999999937 0.57835740531365009698 0.00000000099999999937 
0.00462209071974881147 0.42628104630001556474 0.00000000099999999989 0.00000000099999999989 0.56909685998023551434 0.00000000099999999989 
0.00000000099999999950 0.43011385909392318982 0.00000000099999999950 0.00000000099999999950 0.56988613690607670126 0.00000000099999999950 
0.00000000099999999986 0.38441509651991306873 0.00000000099999999986 0.00000000099999999986 0.61558489948008676684 0.00000000099999999986 
0.00000000099999999929 0.39248654064818305764 0.00000000099999999929 0.00000000099999999929 0.60751345535181677793 0.00000000099999999929 
0.00000000099999999960 0.48843058386305271412 0.00000000099999999960 0.00000000099999999960 0.51156941213694717696 0.00000000099999999960 
0.00000000099999999982 0.48226171609102341797 0.00000000099999999982 0.00000000099999999982 0.51773827990897647311 0.00000000099999999982 
0.00000000099999999943 0.43170181210214358947 0.00000000099999999943 0.00000000099999999943 0.56829818389785635713 0.00000000099999999943 
0.00000000099999999946 0.41821615740455053700 0.00000000099999999946 0.00000000099999999946 0.58178383859544935408 0.00000000099999999946 
0.00000000099999999950 0.41102221850327375074 0.00000000099999999950 0.00000000099999999950 0.58897777749672608483 0.00000000099999999950 
0.00000000099999999929 0.40758358651947879103 0.00000000099999999929 0.00000000099999999929 0.59241640948052110005 0.00000000099999999929 
0.00000000099999999952 0.44318206756804906510 0.00000000099999999952 0.00000000099999999952 0.55681792843195077047 0.00000000099999999952 
0.00000000099999999949 0.46468640789476123309 0.00000000099999999949 0.00000000099999999949 0.53531358810523865799 0.00000000099999999949 
0.00000000099999999971 0.49377957935974192694 0.00000000099999999971 0.00000000099999999971 0.50622041664025785312 0.00000000099999999971 
0.00000000099999999942 0.40514748562162256063 0.00000000099999999942 0.00000000099999999942 0.59485251037837738597 0.00000000099999999942 
0.00000000099999999953 0.46608852654147847616 0.00000000099999999953 0.00000000099999999953 0.53391146945852141492 0.00000000099999999953 
0.00461885526336499545 0.45374968299807627581 0.00043551731922205391 0.00000000099999999992 0.54119594241933655088 0.00000000099999999992 
0.00000000099999999995 0.39846971967134725556 0.00000000099999999995 0.00126809997138377481 0.60026217735726883351 0.00000000099999999995 
0.00000000099999999956 0.44996269262714932990 0.00000000099999999956 0.00000000099999999956 0.55003730337285050567 0.00000000099999999956 
0.00000000099999999945 0.38326964898418602878 0.00000000099999999945 0.00000000099999999945 0.61673034701581386230 0.00000000099999999945 
0.00000000099999999990 0.42508422607637469381 0.00049811481067413657 0.00000000099999999990 0.57081504912682645703 0.00360260798612461498 
0.00000000099999999973 0.53939988843694797183 0.00000000099999999973 0.00000000099999999973 0.46060010756305214130 0.00000000099999999973 
0.00000000099999999967 0.46007414482644964915 0.00000000099999999967 0.00000000099999999967 0.53992585117355018642 0.00000000099999999967 
0.00000000099999999958 0.47240935403387263047 0.00000000099999999958 0.00000000099999999958 0.52759064196612726061 0.00000000099999999958 
0.00000000099999999968 0.42162431172331982232 0.00000000099999999968 0.00000000099999999968 0.57837568427668017979 0.00000000099999999968 
0.00000000099999999958 0.48343813040718552898 0.00000000099999999958 0.00000000099999999958 0.51656186559281425108 0.00000000099999999958 
0.00000000099999999963 0.48137697569970028244 0.00000000099999999963 0.00000000099999999963 0.51862302030029949762 0.00000000099999999963 
0.00000000099999999960 0.51826345588874556114 0.00000000099999999960 0.00000000099999999960 0.48173654011125444097 0.00000000099999999960 
0.00000000099999999995 0.42226038553710854018 0.00000000099999999995 0.00000000099999999995 0.57590583069957257401 0.00183378076331886051 
0.00000000099999999977 0.42482992545670716922 0.00000000099999999977 0.00000000099999999977 0.57517007054329272187 0.00000000099999999977 
0.00000000099999999988 0.43569924463766757095 0.00000000099999999988 0.00000000099999999988 0.56430075136233237565 0.00000000099999999988 
0.00000000099999999966 0.41207511754067638332 0.00000000099999999966 0.00000000099999999966 0.58792487845932350776 0.00000000099999999966 
0.00000000099999999945 0.47524620676452200563 0.00000000099999999945 0.00000000099999999945 0.52475378923547799648 0.00000000099999999945 
0.00000000099999999943 0.45533023099966035696 0.00000000099999999943 0.00000000099999999943 0.54466976500033936759 0.00000000099999999943 
0.00000000099999999948 0.47144328245628169816 0.00000000099999999948 0.00000000099999999948 0.52855671354371824844 0.00000000099999999948 
0.00000000099999999949 0.45346484033656037083 0.00000000099999999949 0.00000000099999999949 0.54653515566343946475 0.00000000099999999949 
0.00000000099999999984 0.49646444408557877104 0.00000000099999999984 0.00000000099999999984 0.50353555191442112005 0.00000000099999999984 
0.00000000099999999944 0.44763167133450582069 0.00000000099999999944 0.00000000099999999944 0.55236832466549412590 0.00000000099999999944 
0.00000000099999999965 0.49851011325612976099 0.00000000099999999965 0.00000000099999999965 0.50148988274387018560 0.00000000099999999965 
0.00000000099999999948 0.43373228807791519568 0.00000000099999999948 0.00000000099999999948 0.56626770792208469540 0.00000000099999999948 
0.00000000099999999954 0.48797371494755764632 0.00000000099999999954 0.00000000099999999954 0.51202628105244207823 0.00000000099999999954 
0.00000000099999999965 0.46176691715627771195 0.00000000099999999965 0.00000000099999999965 0.53823307884372206811 0.00000000099999999965 
0.00000000099999999967 0.41943887875777319252 0.00000000099999999967 0.00000000099999999967 0.58056111724222669856 0.00000000099999999967 
0.00000000099999999953 0.44373202806074746318 0.00000000099999999953 0.00000000099999999953 0.55626796793925237239 0.00000000099999999953 
0.00000000099999999955 0.42585423020497720215 0.00000000099999999955 0.00000000099999999955 0.57414576579502263343 0.00000000099999999955 
0.00000000099999999971 0.43616149801064113545 0.00000000099999999971 0.00000000099999999971 0.56383849798935870012 0.00000000099999999971 
0.00000000099999999974 0.45475985721579686993 0.00095364578592750139 0.00000000099999999974 0.54428649399827566668 0.00000000099999999974 
0.00000000099999999947 0.44116099778597928083 0.00000000099999999947 0.00000000099999999947 0.55883899821402049923 0.00000000099999999947 
0.00000000099999999972 0.42754749667001301638 0.00000000099999999972 0.00000000099999999972 0.57245249932998687470 0.00000000099999999972 
0.00000000099999999944 0.46940263522090780457 0.00000000099999999944 0.00000000099999999944 0.53059736077909203100 0.00000000099999999944 
0.00000000099999999984 0.49124747383822742197 0.00000000099999999984 0.00000000099999999984 0.50875252216177235809 0.00000000099999999984 
0.00000000099999999975 0.46367342087505758474 0.00162118436007869550 0.00000000099999999975 0.53470539176486353572 0.00000000099999999975 
0.00000000099999999988 0.47759661805245517963 0.00000000099999999988 0.00109703532657731847 0.52130634362096739398 0.00000000099999999988 
0.00000000099999999971 0.43265383012998537282 0.00000000099999999971 0.00000000099999999971 0.56734616587001451826 0.00000000099999999971 
0.00000000099999999983 0.50012342339333792918 0.00000000099999999983 0.00000000099999999983 0.49987657260666201742 0.00000000099999999983 
0.00398898232031784199 0.38612086908624748682 0.00408981786744884706 0.00037985005263706961 0.60467566448708687243 0.00074481618626188084 
0.00384799588799639852 0.43845440367255317238 0.00146384592627026326 0.00000000099999999999 0.55623375251318007972 0.00000000099999999999 
0.00208120274048577284 0.44640864239135269464 0.00028607429423163671 0.00174115258480060826 0.54948292698912926113 0.00000000100000000000 
0.00000000099999999997 0.46373555916882763794 0.00049260199140293084 0.00000000099999999997 0.53410415909658581768 0.00166767774318354596 
0.00000000099999999998 0.47378084300765654913 0.00336721212959806846 0.00198753658651957795 0.52086440627622576649 0.00000000099999999998 
0.00080616426376758769 0.42841042540279544726 0.00233352112782980303 0.00000000099999999996 0.56647818995683785204 0.00197169824876932201 
0.00000000099999999957 0.00949298103467900375 0.00000000099999999957 0.00000000099999999957 0.99050701496532089774 0.00000000099999999957 
0.00000000099999999956 0.00000000099999999956 0.00000000099999999956 0.00000000099999999956 0.99999999499999991937 0.00000000099999999956 
0.00000000099999999972 0.00707284843704428668 0.00000000099999999972 0.00000000099999999972 0.99292714756295563650 0.00000000099999999972 
0.00000000099999999993 0.00000000099999999993 0.00000000099999999993 0.00000000099999999993 0.99999999500000003039 0.00000000099999999993 
0.00000000099999999949 0.00000000099999999949 0.00000000099999999949 0.00000000099999999949 0.99999999500000003039 0.00000000099999999949 
0.00000000099999999958 0.00000000099999999958 0.00000000099999999958 0.00000000099999999958 0.99999999500000003039 0.00000000099999999958 
0.00000000099999999966 0.00164419116699314341 0.00000000099999999966 0.00000000099999999966 0.99835580483300689902 0.00000000099999999966 
0.00000000099999999967 0.00596658983254161335 0.00000000099999999967 0.00000000099999999967 0.99403340616745827774 0.00000000099999999967 
0.00000000099999999958 0.00165785963272758389 0.00000000099999999958 0.00000000099999999958 0.99834213636727242580 0.00000000099999999958 
0.00000000099999999984 0.00000000099999999984 0.00078639127264117277 0.00000000099999999984 0.99921360472735876179 0.00000000099999999984 
0.00000000099999999956 0.00000000099999999956 0.00000000099999999956 0.00000000099999999956 0.99999999499999991937 0.00000000099999999956 
0.00000000099999999948 0.00374235983590216889 0.00000000099999999948 0.00000000099999999948 0.99625763616409779289 0.00000000099999999948 
0.00000000099999999956 0.00000000099999999956 0.00000000099999999956 0.00000000099999999956 0.99999999499999991937 0.00000000099999999956 
0.00000000099999999962 0.00133807099291143516 0.00000000099999999962 0.00000000099999999962 0.99866192500708850233 0.00000000099999999962 
0.00000000099999999974 0.00000000099999999974 0.00126322506821719923 0.00000000099999999974 0.99873677093178281350 0.00000000099999999974 
0.00000000099999999963 0.03019543601944003203 0.00000000099999999963 0.00000000099999999963 0.96980455998056003253 0.00000000099999999963 
0.00000000099999999969 0.00278169982065672736 0.00000000099999999969 0.00000000099999999969 0.99721829617934321099 0.00000000099999999969 
0.00000000099999999940 0.00000000099999999940 0.00000000099999999940 0.00000000099999999940 0.99999999500000003039 0.00000000099999999940 
0.00134353994864001001 0.01135428417841329377 0.00038004698249092839 0.00000000099999999998 0.98610732078419482960 0.00081480710626093719 
0.00000000099999999996 0.05129550632029940965 0.00000000099999999996 0.00225868578223908109 0.94644580489746155116 0.00000000099999999996 
0.00000000099999999985 0.00000000099999999985 0.00000000099999999985 0.00000000099999999985 0.99999999500000003039 0.00000000099999999985 
0.00000000099999999992 0.04950415593934857916 0.00000000099999999992 0.00000000099999999992 0.94104753530561147112 0.00944830575503999293 
0.00000000099999999976 0.06322944352429417381 0.00000000099999999976 0.00000000099999999976 0.93205991961629641729 0.00471063385940940788 
0.00296231087438405226 0.06332211078747590483 0.00000000099999999995 0.00000000099999999995 0.93332818456751920344 0.00038739177062079781 
0.00110082654418204497 0.00977173693715589937 0.00006720913601038779 0.00000000099999999995 0.98906022538265170319 0.00000000099999999995 
0.00230824890240349584 0.06005144144991756555 0.00000000099999999997 0.00000000099999999997 0.93725091340937227713 0.00038939423830671631 
0.00003554114763820912 0.03613807613964951232 0.00077420886754081075 0.00000000099999999996 0.96032379318825578096 0.00272837965691572317 
0.00000000099999999975 0.02918987325626836576 0.00000000099999999975 0.00000000099999999975 0.96740429271611727557 0.00340583102761448124 
0.00000000099999999985 0.02267825436842972261 0.00000000099999999985 0.00000000099999999985 0.97516911374501769050 0.00215262888655257199 
0.00000000099999999984 0.05980078075082201350 0.00000000099999999984 0.00000000099999999984 0.94019921524917793310 0.00000000099999999984 
0.00000000099999999972 0.03513596086205898056 0.00000000099999999972 0.00000000099999999972 0.96010928074190649006 0.00475475539603457779 
0.00000000099999999982 0.03494010487583070618 0.00000000099999999982 0.00000000099999999982 0.95778913897399930999 0.00727075315016994898 
0.00000000099999999979 0.05005127749154548999 0.00000000099999999979 0.00000000099999999979 0.93724633627819298187 0.01270238323026152451 
0.00000000099999999992 0.02112290940592164920 0.00000000099999999992 0.00000000099999999992 0.97837410388239332004 0.00050298371168485778 
0.00000000099999999978 0.05923237007384560271 0.00000000099999999978 0.00000000099999999978 0.94076762592615437164 0.00000000099999999978 
0.00000000099999999966 0.07827410761010868134 0.00000000099999999966 0.00000000099999999966 0.92172588838989133464 0.00000000099999999966 
0.00000000099999999986 0.04340956119419422249 0.00000000099999999986 0.00000000099999999986 0.95512370433685400695 0.00146673146895187970 
0.00000000099999999998 0.07446565227227579242 0.00000000099999999998 0.00000000099999999998 0.91461318669477731369 0.01092115803294697353 
0.00000000099999999999 0.12001481989263955430 0.00000000099999999999 0.00000000099999999999 0.87614835651688061091 0.00383682059047983593 
0.00000000099999999999 0.17648971021680592841 0.00000000099999999999 0.00000000099999999999 0.79066910524349443001 0.03284118153969971948 
0.00000000099999999970 0.05926557347383018537 0.00596871369329587433 0.00000000099999999970 0.93476570983287388117 0.00000000099999999970 
0.00000000099999999998 0.10681684538666148809 0.00000000099999999998 0.00000000099999999998 0.87024160170707254292 0.02294154990626597404 
0.00000000099999999999 0.22901822035896399199 0.00000000099999999999 0.00286261215903636920 0.76811916448199946128 0.00000000099999999999 
0.00000000099999999991 0.00623183638075937730 0.00067080845310095579 0.00000000099999999991 0.99309735216613959086 0.00000000099999999991 
0.00000000099999999999 0.00273606279507434408 0.00514445801896732703 0.00000000099999999999 0.98617124770672892620 0.00594822947922942023 
0.00000000099999999987 0.03445943983409621714 0.01574489288358244324 0.00000000099999999987 0.94979566428232120590 0.00000000099999999987 
0.00000000099999999993 0.01918969232721033646 0.00173735675903498137 0.00000000099999999993 0.97907294791375465426 0.00000000099999999993 
0.00000000099999999972 0.01751285442096192982 0.00821578023117093374 0.00000000099999999972 0.97427136234786704261 0.00000000099999999972 
0.00000000099999999991 0.02157385328650223907 0.00218692769265165041 0.00000000099999999991 0.97623921602084606786 0.00000000099999999991 
0.00000000099999999948 0.03884416486442093114 0.00000000099999999948 0.00000000099999999948 0.96115583113557911954 0.00000000099999999948 
0.00000000099999999966 0.00593339410369258212 0.00000000099999999966 0.00000000099999999966 0.99406660189630735580 0.00000000099999999966 
0.00113558605898986492 0.24920033436453789544 0.00000000099999999998 0.00000000099999999998 0.74960566388006755201 0.00005841369640464731 
0.00000000099999999984 0.22233410609662956903 0.00139934443204482620 0.00000000099999999984 0.77626654647132542486 0.00000000099999999984 
0.25712815106368391849 0.11927278846259084522 0.00000000099999999997 0.06194362471737658443 0.56165543375634863210 0.00000000099999999997 
0.00202275157591704164 0.27621235542357952530 0.00450750713845926229 0.00142841168080098881 0.71582897318124316666 0.00000000099999999993 
0.00239592752175420620 0.25019509949821955308 0.00225237313647979383 0.00090930053380647638 0.74424729830973990197 0.00000000099999999997 
0.28189939238909444974 0.11282693190485440504 0.00000000099999999997 0.05705309134193833204 0.54822058236411264076 0.00000000099999999997 
0.21401028909721017679 0.17359916217780191339 0.00000000099999999996 0.05869177437699896194 0.55369877234798903221 0.00000000099999999996 
0.23285303930996695265 0.12330035251914614469 0.00040396784311028046 0.02647871659599189409 0.61696392273178479737 0.00000000099999999998 
0.23101347469245758770 0.14791278264400764542 0.00614600031120509857 0.00000000099999999996 0.61492774035232966590 0.00000000099999999996 
0.22432777056872069132 0.17368768579125776208 0.00355744390408971236 0.00000000124926182071 0.59842709748667000103 0.00000000099999999999 
0.00000000099999999982 0.24185446506424723712 0.00000000099999999982 0.00000000099999999982 0.75814553093575265397 0.00000000099999999982 
0.27468058583501792080 0.12994136557970717427 0.00550823381271696444 0.00000000099999999997 0.58986981277255778888 0.00000000099999999997 
0.00517202608814985691 0.23538181042883066230 0.00676032798945460072 0.00050228423499680932 0.75218355025856808993 0.00000000099999999998 
0.28406871262318555971 0.15161100067285246396 0.00310056954391568903 0.03118565418244116996 0.53003406197760516427 0.00000000099999999999 
0.00000000099999999975 0.25863974306270587356 0.00273144412856292113 0.00000000099999999975 0.73862880980873102388 0.00000000099999999975 
0.00000000099999999973 0.26923014029989617013 0.00000000099999999973 0.00000000099999999973 0.73076985570010366544 0.00000000099999999973 
0.28977658567774577936 0.15579090273824974799 0.01091690375214583557 0.00000000099999999997 0.54351560583185853925 0.00000000099999999997 
0.00000000099999999982 0.22581850407390782753 0.00055457468254622132 0.00000000099999999982 0.77362691824354579140 0.00000000099999999982 
0.00182402839423877455 0.25794873011342894786 0.00000000099999999995 0.00089007043578755900 0.73933716905654467411 0.00000000099999999995 
0.00000000099999999997 0.12202842645604984606 0.00000000099999999997 0.00000000099999999997 0.87091077313153109074 0.00706079741241903269 
0.00000000099999999999 0.01946129048409342074 0.00000000099999999999 0.00000000099999999999 0.87733255105076324298 0.10320615546514327887 
0.00000000099999999994 0.06905661415316421969 0.00000000099999999994 0.00000000099999999994 0.92322970102333823395 0.00771368182349758437 
0.00000000099999999988 0.00148279898722606610 0.00000000099999999988 0.00000000099999999988 0.99425290224257389937 0.00426429577019985569 
0.02168495741083154016 0.05125895752254775589 0.00000000099999999997 0.00000000099999999997 0.91936502463630065396 0.00769105843031999987 
0.00000000099999999958 0.00000000099999999958 0.00000000099999999958 0.00000000099999999958 0.99999999500000003039 0.00000000099999999958 
0.00000000099999999974 0.00000000099999999974 0.00000000099999999974 0.00000000099999999974 0.99845186204870173263 0.00154813395129836575 
0.11252566913152187156 0.00000000099999999998 0.00463682682588875249 0.00000000099999999998 0.84432476249297494508 0.03851273954961452473 
0.00000000099999999968 0.00000000099999999968 0.00000000099999999968 0.00000000099999999968 0.99636942990503241102 0.00363056609496762491 
0.00000000099999999969 0.00000000099999999969 0.00000000099999999969 0.00000000099999999969 0.99674076338844330714 0.00325923261155666244 
0.00000000099999999917 0.00000000099999999917 0.00000000099999999917 0.00000000099999999917 0.99999999500000003039 0.00000000099999999917 
0.00000000099999999942 0.00074205266470148438 0.00000000099999999942 0.00000000099999999942 0.99925794333529838198 0.00000000099999999942 
0.00000000099999999944 0.00115567729216982233 0.00000000099999999944 0.00000000099999999944 0.99884431870783008112 0.00000000099999999944 
0.00000000099999999954 0.00000000099999999954 0.00000000099999999954 0.00000000099999999954 0.99999999499999991937 0.00000000099999999954 
0.00000000099999999935 0.00000000099999999935 0.00000000099999999935 0.00000000099999999935 0.99999999500000003039 0.00000000099999999935 
0.00000000099999999961 0.00834094049464370428 0.00000000099999999961 0.00000000099999999961 0.99165905550535637936 0.00000000099999999961 
0.00000000099999999980 0.00300467745579622312 0.00000000099999999980 0.00000000099999999980 0.99699531854420375687 0.00000000099999999980 
0.00000000099999999951 0.00000000099999999951 0.00000000099999999951 0.00000000099999999951 0.99999999499999991937 0.00000000099999999951 
0.00255066899692155688 0.00000000099999999996 0.00000000099999999996 0.00000000099999999996 0.99130919169845999050 0.00614013630461836529 
0.00000000099999999984 0.03317276808603836918 0.00036079266176552928 0.00000000099999999984 0.96646643625219608165 0.00000000099999999984 
0.00000000099999999969 0.00639275012501035276 0.00000000099999999969 0.00000000099999999969 0.99360724587498949756 0.00000000099999999969 
0.00000000099999999987 0.00640459356997371502 0.00000000099999999987 0.00119135230224125428 0.99240405112778495855 0.00000000099999999987 
0.00000000099999999942 0.00000000099999999942 0.00000000099999999942 0.00000000099999999942 0.99999999500000003039 0.00000000099999999942 
0.00000000099999999965 0.00000000099999999965 0.00000000099999999965 0.00000000099999999965 0.99999999499999991937 0.00000000099999999965 
0.00000000099999999986 0.00694509243595068694 0.00000000099999999986 0.00138542595907811773 0.99166947860497112188 0.00000000099999999986 
0.00000000099999999992 0.03931405354150863118 0.00000000099999999992 0.00000000099999999992 0.95226860220594433670 0.00841734125254691400 
0.00000000099999999970 0.00944834229323100044 0.00000000099999999970 0.00000000099999999970 0.99055165370676889758 0.00000000099999999970 
0.00000000099999999968 0.00656293584871010891 0.00000000099999999968 0.00000000099999999968 0.99343706015128996345 0.00000000099999999968 
0.00000000099999999933 0.00000000099999999933 0.00000000099999999933 0.00000000099999999933 0.99999999499999991937 0.00000000099999999933 
0.00000000099999999961 0.00449350210488128673 0.00000000099999999961 0.00000000099999999961 0.99550649389511858267 0.00000000099999999961 
0.00000000099999999963 0.02337980295600673025 0.00000000099999999963 0.00000000099999999963 0.97662019304399327879 0.00000000099999999963 
0.00000000099999999976 0.00711997425330775178 0.00000000099999999976 0.00000000099999999976 0.99288002174669232058 0.00000000099999999976 
0.00000000099999999993 0.07590614767958368814 0.00163397840701426313 0.00000000099999999993 0.92157119289614519708 0.00088867901725688632 
0.00000000099999999986 0.01120225289417159896 0.00000000099999999986 0.00000000099999999986 0.98501454452619485735 0.00378319957963358039 
0.00000000099999999985 0.00000000099999999985 0.00000000099999999985 0.00000000099999999985 0.99829370389461336011 0.00170629210538672245 
0.00000000099999999986 0.05226487564108230066 0.00000000099999999986 0.00000000099999999986 0.94540232579775995703 0.00233279556115777815 
0.00000000099999999981 0.00000000099999999981 0.00138187322671160808 0.00000000099999999981 0.99861812277328831922 0.00000000099999999981 
0.00000000099999999983 0.00000000099999999983 0.00000000099999999983 0.00000000099999999983 0.99070834261927886999 0.00929165338072109569 
0.00206057767476007731 0.00000000099999999996 0.00000000099999999996 0.00000000099999999996 0.99793941832523991309 0.00000000099999999996 
0.00000000099999999991 0.00664317775109113471 0.00346759970181498853 0.00000000099999999991 0.97596580291288514974 0.01392341763420868947 
0.00193917979342336159 0.00000000099999999991 0.00000000099999999991 0.00000000099999999991 0.99004881227266072763 0.00801200493391577249 
0.00000000099999999984 0.00000000099999999984 0.00000000099999999984 0.00000000099999999984 0.99534081156748144270 0.00465918443251858803 
0.00000000099999999979 0.01024446946377318562 0.00000000099999999979 0.00000000099999999979 0.98975552653622678179 0.00000000099999999979 
0.00000000099999999980 0.00460652858043540930 0.00000000099999999980 0.00000000099999999980 0.99539346741956458153 0.00000000099999999980 
0.00000000099999999971 0.03137964044910016709 0.00000000099999999971 0.00000000099999999971 0.96862035555089975869 0.00000000099999999971 
0.00000000099999999996 0.00095232128451047042 0.00315382821232662982 0.00210357544952730546 0.99379027305363565326 0.00000000099999999996 
0.00000000099999999969 0.00000000099999999969 0.00000000099999999969 0.00000000099999999969 0.99999999499999991937 0.00000000099999999969 
0.00000000099999999994 0.00000309005752279741 0.00191037782641319373 0.00368141659957834299 0.99440511351648563920 0.00000000099999999994 
0.00000000099999999997 0.13600030498832105241 0.00306177573741924511 0.00000000099999999997 0.86093791627425964030 0.00000000099999999997 
0.00000000099999999974 0.07000502481625382745 0.00000000099999999974 0.00000000099999999974 0.92999497118374618854 0.00000000099999999974 
0.00000000099999999992 0.00069355721272630459 0.00000000099999999992 0.00000000099999999992 0.99600448126647656011 0.00330195852079707758 
0.00000000099999999992 0.00000000099999999992 0.00000000099999999992 0.00000000099999999992 0.99999999499999991937 0.00000000099999999992 
0.00000000099999999994 0.00000000099999999994 0.00266786894141433787 0.00000000099999999994 0.99733212705858553804 0.00000000099999999994 
0.00000000099999999987 0.00000000099999999987 0.00275522536982367562 0.00000000099999999987 0.99169492918840962403 0.00554984244176677174 
0.00000000099999999987 0.01992939883133406503 0.00000000099999999987 0.00000000099999999987 0.98007059716866595789 0.00000000099999999987 
0.00000000099999999980 0.00024074805704583777 0.00000000099999999980 0.00000000099999999980 0.99975924794295423226 0.00000000099999999980 
0.00000000099999999979 0.04258682080482508597 0.00000000099999999979 0.00000000099999999979 0.95741317519517488144 0.00000000099999999979 
0.00000000099999999987 0.00000000099999999987 0.00213598207619197832 0.00000000099999999987 0.99786401392380796871 0.00000000099999999987 
0.00000000099999999973 0.00000000099999999973 0.00000000099999999973 0.00000000099999999973 0.99999999499999991937 0.00000000099999999973 
0.00000000099999999963 0.00000000099999999963 0.00000000099999999963 0.00000000099999999963 0.99999999500000003039 0.00000000099999999963 
0.00000000099999999994 0.00000000099999999994 0.00000000099999999994 0.00000000099999999994 0.98590646328151898548 0.01409353271848098020 
0.00000000099999999967 0.00000000099999999967 0.00000000099999999967 0.00000000099999999967 0.99999999500000003039 0.00000000099999999967 
0.00000000099999999990 0.01253675069113580065 0.00000000099999999990 0.00000000099999999990 0.98560677166447974162 0.00185647464438440336 
0.00000000099999999957 0.00000000099999999957 0.00000000099999999957 0.00000000099999999957 0.99999999500000003039 0.00000000099999999957 
0.00000000099999999978 0.00000000099999999978 0.00000000099999999978 0.00000000099999999978 0.99681531757697305896 0.00318467842302697438 
0.00000000099999999987 0.00217316110307358076 0.00000000099999999987 0.00000000099999999987 0.99527672982373838195 0.00255010607318817330 
0.00000000099999999991 0.01505020275244584732 0.00001209314088897277 0.00000000099999999991 0.97708435316387010072 0.00785334894279509158 
0.00135312138852048932 0.00000000099999999997 0.00000000099999999997 0.00000000099999999997 0.99864687461147949588 0.00000000099999999997 
0.00000000099999999989 0.00000000099999999989 0.00000000099999999989 0.00000000099999999989 0.99999999499999991937 0.00000000099999999989 
0.00092051838009962403 0.00602344646168636536 0.00000000099999999992 0.00000000099999999992 0.99280956515435714316 0.00024646800385703244 
0.00070668081812324548 0.01605381790312223819 0.00000000099999999993 0.00000000099999999993 0.98323949827875445351 0.00000000099999999993 
0.00000000099999999993 0.00895658656530212878 0.00000000099999999993 0.00000000099999999993 0.99104340943469793057 0.00000000099999999993 
0.00000000099999999992 0.00000000099999999992 0.00206694601542381029 0.00000000099999999992 0.99793304998457621480 0.00000000099999999992 
0.00855108046239952922 0.00073203587920077048 0.00000000099999999997 0.00000000099999999997 0.99071688065839969006 0.00000000099999999997 
0.00222109233015251257 0.00000000099999999996 0.00116840942844507979 0.00000000099999999996 0.99508333006584070990 0.00152716617556164502 
0.00000000099999999996 0.00516702832096097454 0.00423769969728860028 0.00000000099999999996 0.98955009583235697956 0.00104517414939327472 
0.00023198495968098786 0.07747434602141328730 0.00498099229100479064 0.00000000099999999999 0.89510148077007278822 0.02221119495782813980 
0.00000000099999999983 0.00000002156283199491 0.00000000099999999983 0.00000000099999999983 0.99390837939552800773 0.00609159604164011791 
0.00247657466864528893 0.02920969414567412339 0.00000000099999999999 0.00039521945612720283 0.96791850972955328913 0.00000000099999999999 
0.00000000099999999985 0.00000000099999999985 0.00000000099999999985 0.00000000099999999985 0.99999999500000003039 0.00000000099999999985 
0.00000000099999999964 0.00000000099999999964 0.00000000099999999964 0.00000000099999999964 0.99999999499999991937 0.00000000099999999964 
0.00000000099999999979 0.00000000099999999979 0.00096328436646791527 0.00000000099999999979 0.99903671163353213736 0.00000000099999999979 
0.00000000099999999993 0.00592594768763165559 0.00000002219380882317 0.00000000099999999993 0.99343005076812262999 0.00064397735043683917 
0.00000000099999999985 0.01026355908038781295 0.00000000099999999985 0.00000000099999999985 0.98973643691961210589 0.00000000099999999985 
0.00000000099999999977 0.00000000099999999977 0.00000000099999999977 0.00000000099999999977 0.99705896038647401358 0.00294103561352601498 
0.00000000099999999987 0.00000000099999999987 0.00000000099999999987 0.00000000099999999987 0.99016725008988559775 0.00983274591011451711 
0.00000000099999999993 0.00000000099999999993 0.00000000099999999993 0.00000000099999999993 0.99999999499999991937 0.00000000099999999993 
0.00000000099999999992 0.00000000099999999992 0.00000000099999999992 0.00000000099999999992 0.98923804391621661392 0.01076195208378335003 
0.00000000099999999994 0.00443188200776881321 0.00000000099999999994 0.00000000099999999994 0.99124724880390024939 0.00432086618833097454 
0.00000000099999999991 0.00000004086816092495 0.00000000099999999991 0.00000000099999999991 0.98822241133955046610 0.01177754479228866613 
0.00000000099999999997 0.00000000099999999997 0.00926041419737174201 0.00000000099999999997 0.98158706483919022645 0.00915251796343794118 
0.00000000099999999992 0.00096961233751608096 0.00000000099999999992 0.00000000099999999992 0.97642901700526740782 0.02260136765721663596 
0.00000000099999999984 0.00025756168251432978 0.00000000099999999984 0.00000000099999999984 0.99770355597066595621 0.00203887934681962636 
0.00000000099999999973 0.00000000099999999973 0.00000000099999999973 0.00000000099999999973 0.99999999499999991937 0.00000000099999999973 
