0.00000000099999999833 0.00000000099999999833 0.00000000099999999833 0.00000000099999999833 0.99999999299999997593 0.00000000099999999833 0.00000000099999999833 0.00000000099999999833 
0.00000000099999999842 0.00000000099999999842 0.00000000099999999842 0.00000000099999999842 0.99999999299999997593 0.00000000099999999842 0.00000000099999999842 0.00000000099999999842 
0.00000000099999999838 0.00000000099999999838 0.00000000099999999838 0.00000000099999999838 0.99999999299999997593 0.00000000099999999838 0.00000000099999999838 0.00000000099999999838 
0.00000000099999999840 0.00000000099999999840 0.00000000099999999840 0.00000000099999999840 0.99999999299999997593 0.00000000099999999840 0.00000000099999999840 0.00000000099999999840 
0.00000000099999999846 0.00000000099999999846 0.00000000099999999846 0.00000000099999999846 0.99999999299999997593 0.00000000099999999846 0.00000000099999999846 0.00000000099999999846 
0.00000000099999999847 0.00000000099999999847 0.00000000099999999847 0.00000000099999999847 0.99999999299999997593 0.00000000099999999847 0.00000000099999999847 0.00000000099999999847 
0.00000000099999999837 0.00000000099999999837 0.00000000099999999837 0.00000000099999999837 0.99999999299999986491 0.00000000099999999837 0.00000000099999999837 0.00000000099999999837 
0.00000000099999999850 0.00000000099999999850 0.00000000099999999850 0.00000000099999999850 0.99999999299999997593 0.00000000099999999850 0.00000000099999999850 0.00000000099999999850 
0.00000000099999999842 0.00000000099999999842 0.00000000099999999842 0.00000000099999999842 0.99999999299999986491 0.00000000099999999842 0.00000000099999999842 0.00000000099999999842 
0.00000000099999999850 0.00000000099999999850 0.00000000099999999850 0.00000000099999999850 0.99999999299999997593 0.00000000099999999850 0.00000000099999999850 0.00000000099999999850 
0.00000000099999999845 0.00000000099999999845 0.00000000099999999845 0.00000000099999999845 0.99999999299999997593 0.00000000099999999845 0.00000000099999999845 0.00000000099999999845 
0.00000000099999999874 0.00000000099999999874 0.00000000099999999874 0.00000000099999999874 0.99999999299999986491 0.00000000099999999874 0.00000000099999999874 0.00000000099999999874 
0.00000000099999999845 0.00000000099999999845 0.00000000099999999845 0.00000000099999999845 0.99999999299999997593 0.00000000099999999845 0.00000000099999999845 0.00000000099999999845 
0.00000000099999999840 0.00000000099999999840 0.00000000099999999840 0.00000000099999999840 0.99999999299999997593 0.00000000099999999840 0.00000000099999999840 0.00000000099999999840 
0.00000000099999999844 0.00000000099999999844 0.00000000099999999844 0.00000000099999999844 0.99999999299999997593 0.00000000099999999844 0.00000000099999999844 0.00000000099999999844 
0.00000000099999999844 0.00000000099999999844 0.00000000099999999844 0.00000000099999999844 0.99999999299999986491 0.00000000099999999844 0.00000000099999999844 0.00000000099999999844 
0.00000000099999999842 0.00000000099999999842 0.00000000099999999842 0.00000000099999999842 0.99999999299999997593 0.00000000099999999842 0.00000000099999999842 0.00000000099999999842 
0.00000000099999999853 0.00000000099999999853 0.00000000099999999853 0.00000000099999999853 0.99999999299999997593 0.00000000099999999853 0.00000000099999999853 0.00000000099999999853 
0.00000000099999999855 0.00000000099999999855 0.00000000099999999855 0.00000000099999999855 0.99999999299999986491 0.00000000099999999855 0.00000000099999999855 0.00000000099999999855 
0.00000000099999999853 0.00000000099999999853 0.00000000099999999853 0.00000000099999999853 0.99999999299999986491 0.00000000099999999853 0.00000000099999999853 0.00000000099999999853 
0.00000000099999999847 0.00000000099999999847 0.00000000099999999847 0.00000000099999999847 0.99999999299999986491 0.00000000099999999847 0.00000000099999999847 0.00000000099999999847 
0.00000000099999999850 0.00000000099999999850 0.00000000099999999850 0.00000000099999999850 0.99999999299999997593 0.00000000099999999850 0.00000000099999999850 0.00000000099999999850 
0.00000000099999999847 0.00000000099999999847 0.00000000099999999847 0.00000000099999999847 0.99999999299999997593 0.00000000099999999847 0.00000000099999999847 0.00000000099999999847 
0.00000000099999999850 0.00000000099999999850 0.00000000099999999850 0.00000000099999999850 0.99999999299999997593 0.00000000099999999850 0.00000000099999999850 0.00000000099999999850 
0.00000000099999999894 0.00000000099999999894 0.00000000099999999894 0.00000000099999999894 0.99999999299999997593 0.00000000099999999894 0.00000000099999999894 0.00000000099999999894 
0.00000000099999999848 0.00000000099999999848 0.00000000099999999848 0.00000000099999999848 0.99999999299999997593 0.00000000099999999848 0.00000000099999999848 0.00000000099999999848 
0.00000000099999999852 0.00000000099999999852 0.00000000099999999852 0.00000000099999999852 0.99999999299999997593 0.00000000099999999852 0.00000000099999999852 0.00000000099999999852 
0.00000000099999999855 0.00000000099999999855 0.00000000099999999855 0.00000000099999999855 0.99999999299999997593 0.00000000099999999855 0.00000000099999999855 0.00000000099999999855 
0.00000000099999999856 0.00000000099999999856 0.00000000099999999856 0.00000000099999999856 0.99999999299999986491 0.00000000099999999856 0.00000000099999999856 0.00000000099999999856 
0.00000000099999999851 0.00000000099999999851 0.00000000099999999851 0.00000000099999999851 0.99999999299999997593 0.00000000099999999851 0.00000000099999999851 0.00000000099999999851 
0.00000000099999999875 0.00000000099999999875 0.00000000099999999875 0.00000000099999999875 0.99999999299999986491 0.00000000099999999875 0.00000000099999999875 0.00000000099999999875 
0.00000000099999999897 0.00000000099999999897 0.00000000099999999897 0.00000000099999999897 0.99999999299999986491 0.00000000099999999897 0.00000000099999999897 0.00000000099999999897 
0.00000000099999999868 0.00000000099999999868 0.00000000099999999868 0.00000000099999999868 0.99999999299999986491 0.00000000099999999868 0.00000000099999999868 0.00000000099999999868 
0.00000000099999999886 0.00000000099999999886 0.00000000099999999886 0.00000000099999999886 0.99999999299999997593 0.00000000099999999886 0.00000000099999999886 0.00000000099999999886 
0.00000000099999999866 0.00000000099999999866 0.00000000099999999866 0.00000000099999999866 0.99999999299999997593 0.00000000099999999866 0.00000000099999999866 0.00000000099999999866 
0.00000000099999999880 0.00000000099999999880 0.00000000099999999880 0.00000000099999999880 0.99999999299999986491 0.00000000099999999880 0.00000000099999999880 0.00000000099999999880 
0.00000000099999999871 0.00000000099999999871 0.00000000099999999871 0.00000000099999999871 0.99999999299999986491 0.00000000099999999871 0.00000000099999999871 0.00000000099999999871 
0.00000000099999999871 0.00000000099999999871 0.00000000099999999871 0.00000000099999999871 0.99999999299999997593 0.00000000099999999871 0.00000000099999999871 0.00000000099999999871 
0.00000000099999999877 0.00000000099999999877 0.00000000099999999877 0.00000000099999999877 0.99999999299999986491 0.00000000099999999877 0.00000000099999999877 0.00000000099999999877 
0.00000000099999999900 0.00000000099999999900 0.00000000099999999900 0.00000000099999999900 0.99999999299999997593 0.00000000099999999900 0.00000000099999999900 0.00000000099999999900 
0.00000000099999999869 0.00000000099999999869 0.00000000099999999869 0.00000000099999999869 0.99999999299999986491 0.00000000099999999869 0.00000000099999999869 0.00000000099999999869 
0.00000000099999999886 0.00000000099999999886 0.00000000099999999886 0.00000000099999999886 0.99999999299999997593 0.00000000099999999886 0.00000000099999999886 0.00000000099999999886 
0.00000000099999999873 0.00000000099999999873 0.00000000099999999873 0.00000000099999999873 0.99999999299999986491 0.00000000099999999873 0.00000000099999999873 0.00000000099999999873 
0.00000000099999999870 0.00000000099999999870 0.00000000099999999870 0.00000000099999999870 0.99999999299999997593 0.00000000099999999870 0.00000000099999999870 0.00000000099999999870 
0.00000000099999999883 0.00000000099999999883 0.00000000099999999883 0.00000000099999999883 0.99999999299999986491 0.00000000099999999883 0.00000000099999999883 0.00000000099999999883 
0.00000000099999999873 0.00000000099999999873 0.00000000099999999873 0.00000000099999999873 0.99999999299999986491 0.00000000099999999873 0.00000000099999999873 0.00000000099999999873 
0.00000000099999999879 0.00000000099999999879 0.00000000099999999879 0.00000000099999999879 0.99999999299999986491 0.00000000099999999879 0.00000000099999999879 0.00000000099999999879 
0.00000000099999999906 0.00000000099999999906 0.00000000099999999906 0.00000000099999999906 0.99999999300000008695 0.00000000099999999906 0.00000000099999999906 0.00000000099999999906 
0.00000000099999999909 0.00000000099999999909 0.00000000099999999909 0.00000000099999999909 0.99999999299999997593 0.00000000099999999909 0.00000000099999999909 0.00000000099999999909 
0.00000000099999999922 0.00000000099999999922 0.00000000099999999922 0.00000000099999999922 0.99999999300000008695 0.00000000099999999922 0.00000000099999999922 0.00000000099999999922 
0.00000000099999999954 0.00000000099999999954 0.00000000099999999954 0.00000000099999999954 0.99999999299999997593 0.00000000099999999954 0.00000000099999999954 0.00000000099999999954 
0.00048510254907226742 0.00000000099999999954 0.00000000099999999954 0.00000000099999999954 0.00000000099999999954 0.00000000099999999954 0.39948047944223580297 0.60003441300869198027 
0.00000000099999999920 0.00000000099999999920 0.00000000099999999920 0.00000000099999999920 0.00000000099999999920 0.00000000099999999920 0.44295114390688666850 0.55704885009311344568 
0.00020756521323806124 0.00000000099999999970 0.00000000099999999970 0.00000000099999999970 0.00000000099999999970 0.00000000099999999970 0.48678696555223816000 0.51300546423452375588 
0.00000000099999999891 0.00000000099999999891 0.00000000099999999891 0.00000000099999999891 0.00000000099999999891 0.00000000099999999891 0.39236820351792167649 0.60763179048207838218 
0.00000000099999999908 0.00000000099999999908 0.00000000099999999908 0.00000000099999999908 0.00000000099999999908 0.00000000099999999908 0.39524643133691100827 0.60475356266308888387 
0.00000000099999999887 0.00000000099999999887 0.00000000099999999887 0.00000000099999999887 0.00000000099999999887 0.00000000099999999887 0.40178656211675900511 0.59821343188324094253 
0.00000000099999999938 0.00000000099999999938 0.00000000099999999938 0.00000000099999999938 0.00000000099999999938 0.00000000099999999938 0.39490320852637678106 0.60509678547362322210 
0.00000000099999999903 0.00000000099999999903 0.00000000099999999903 0.00000000099999999903 0.00000000099999999903 0.00000000099999999903 0.37348540628569448785 0.62651458771430568184 
0.00000000099999999927 0.00000000099999999927 0.00000000099999999927 0.00000000099999999927 0.00000000099999999927 0.00000000099999999927 0.40398803981559283649 0.59601195418440722218 
0.00000000099999999972 0.00000000099999999972 0.00000000099999999972 0.00000000099999999972 0.00000000099999999972 0.00613240128895075048 0.39704743979203088733 0.59682015391901843682 
0.00000000099999999912 0.00000000099999999912 0.00000000099999999912 0.00000000099999999912 0.00000000099999999912 0.00000000099999999912 0.42493524809899896333 0.57506474590100109534 
0.00000000099999999909 0.00000000099999999909 0.00000000099999999909 0.00000000099999999909 0.00000000099999999909 0.00000000099999999909 0.42165685530274304993 0.57834313869725684221 
0.00000000099999999961 0.00000000099999999961 0.00000000099999999961 0.00000000099999999961 0.00000000099999999961 0.00632028206551610294 0.42623762675111565024 0.56744208618336822170 
0.00000000099999999923 0.00000000099999999923 0.00000000099999999923 0.00000000099999999923 0.00000000099999999923 0.00000000099999999923 0.43011198509588616234 0.56988800890411395184 
0.00000000099999999973 0.00000000099999999973 0.00000000099999999973 0.00132110854637403378 0.00000000099999999973 0.00000000099999999973 0.37548784549616182060 0.62319104095746424843 
0.00000000099999999893 0.00000000099999999893 0.00000000099999999893 0.00000000099999999893 0.00000000099999999893 0.00000000099999999893 0.39210111134880099026 0.60789888265119906841 
0.00000000099999999938 0.00000000099999999938 0.00000000099999999938 0.00000000099999999938 0.00000000099999999938 0.00000000099999999938 0.48724226591413982712 0.51275772808586017604 
0.00000000099999999978 0.00000000099999999978 0.00000000099999999978 0.00000000099999999978 0.00000000099999999978 0.00000000099999999978 0.48677200307735418727 0.51322799092264570486 
0.00000000099999999913 0.00000000099999999913 0.00000000099999999913 0.00000000099999999913 0.00000000099999999913 0.00000000099999999913 0.43128342022705062897 0.56871657377294948521 
0.00000000099999999914 0.00000000099999999914 0.00000000099999999914 0.00000000099999999914 0.00000000099999999914 0.00000000099999999914 0.41903814982133680278 0.58096184417866314487 
0.00000000099999999919 0.00000000099999999919 0.00000000099999999919 0.00000000099999999919 0.00000000099999999919 0.00000000099999999919 0.41052512989218020723 0.58947486410781979593 
0.00000000099999999890 0.00000000099999999890 0.00000000099999999890 0.00000000099999999890 0.00000000099999999890 0.00000000099999999890 0.40724490380515493415 0.59275509019484518003 
0.00000000099999999929 0.00000000099999999929 0.00000000099999999929 0.00000000099999999929 0.00000000099999999929 0.00000000099999999929 0.44284015752545963229 0.55715983647454048189 
0.00000000099999999918 0.00000000099999999918 0.00000000099999999918 0.00000000099999999918 0.00000000099999999918 0.00000000099999999918 0.46411332675291294692 0.53588666724708711175 
0.00000000099999999955 0.00000000099999999955 0.00000000099999999955 0.00000000099999999955 0.00000000099999999955 0.00000000099999999955 0.49508098530698757544 0.50491900869301242771 
0.00000000099999999906 0.00000000099999999906 0.00000000099999999906 0.00000000099999999906 0.00000000099999999906 0.00000000099999999906 0.40488474235804083889 0.59511525164195899773 
0.00000000099999999927 0.00000000099999999927 0.00000000099999999927 0.00000000099999999927 0.00000000099999999927 0.00000000099999999927 0.46537486236224279157 0.53462513163775715608 
0.00000000099999999982 0.00000000099999999982 0.00000000099999999982 0.00000000099999999982 0.00000000099999999982 0.00612879726565379590 0.45263639447280223926 0.54123480326154393971 
0.00110009510102753913 0.00000000099999999992 0.00000000099999999992 0.00000000099999999992 0.00000000099999999992 0.00000000099999999992 0.39885074825455768543 0.60004915164441474662 
0.00000000099999999936 0.00000000099999999936 0.00000000099999999936 0.00000000099999999936 0.00000000099999999936 0.00000000099999999936 0.45034577314569868012 0.54965422085430137855 
0.00000000099999999911 0.00000000099999999911 0.00000000099999999911 0.00000000099999999911 0.00000000099999999911 0.00000000099999999911 0.38327982254129128181 0.61672017145870883237 
0.00000000099999999991 0.00000000099999999991 0.00000000099999999991 0.00000000099999999991 0.00110738854503938033 0.00275185808918306787 0.42465524288228490013 0.57148550648349261127 
0.00000000099999999957 0.00000000099999999957 0.00000000099999999957 0.00000000099999999957 0.00000000099999999957 0.00000000099999999957 0.53849327615156650229 0.46150671784843333434 
0.00000000099999999948 0.00000000099999999948 0.00000000099999999948 0.00000000099999999948 0.00000000099999999948 0.00000000099999999948 0.45878077669284633711 0.54121921730715372156 
0.00000000099999999934 0.00000000099999999934 0.00000000099999999934 0.00000000099999999934 0.00000000099999999934 0.00000000099999999934 0.47147550127692716693 0.52852449272307289174 
0.00000000099999999950 0.00000000099999999950 0.00000000099999999950 0.00000000099999999950 0.00000000099999999950 0.00000000099999999950 0.42054378389525676196 0.57945621010474324120 
0.00000000099999999933 0.00000000099999999933 0.00000000099999999933 0.00000000099999999933 0.00000000099999999933 0.00000000099999999933 0.48315350550856178691 0.51684648849143832727 
0.00000000099999999939 0.00000000099999999939 0.00000000099999999939 0.00000000099999999939 0.00000000099999999939 0.00000000099999999939 0.48110818774826158428 0.51889180625173847439 
0.00000000099999999937 0.00000000099999999937 0.00000000099999999937 0.00000000099999999937 0.00000000099999999937 0.00000000099999999937 0.51769001287020943725 0.48230998112979062142 
0.00000000099999999990 0.00000000099999999990 0.00227125101645622284 0.00000000099999999990 0.00000000099999999990 0.00000000099999999990 0.41578930952773690555 0.58193943445580675888 
0.00000000099999999965 0.00000000099999999965 0.00000000099999999965 0.00000000099999999965 0.00000000099999999965 0.00000000099999999965 0.42382649234444363939 0.57617350165555647479 
0.00000000099999999981 0.00000000099999999981 0.00000000099999999981 0.00000000099999999981 0.00000000175332121001 0.00000000099999999981 0.43461284397914390354 0.56538714926753486090 
0.00000000099999999949 0.00000000099999999949 0.00000000099999999949 0.00000000099999999949 0.00000000099999999949 0.00000000099999999949 0.41260503611113202860 0.58739495788886808558 
0.00000000099999999915 0.00000000099999999915 0.00000000099999999915 0.00000000099999999915 0.00000000099999999915 0.00000000099999999915 0.47475226953820093279 0.52524772446179912588 
0.00000000099999999912 0.00000000099999999912 0.00000000099999999912 0.00000000099999999912 0.00000000099999999912 0.00000000099999999912 0.45487114639364478741 0.54512884760635527126 
0.00000000099999999920 0.00000000099999999920 0.00000000099999999920 0.00000000099999999920 0.00000000099999999920 0.00000000099999999920 0.47069688625349614952 0.52930310774650379813 
0.00000000099999999920 0.00000000099999999920 0.00000000099999999920 0.00000000099999999920 0.00000000099999999920 0.00000000099999999920 0.45287835999639997064 0.54712163400360003251 
0.00000000099999999979 0.00000000099999999979 0.00000000099999999979 0.00000000099999999979 0.00000000099999999979 0.00134638197774957706 0.48350904644274733668 0.51514456657950302709 
0.00000000099999999913 0.00000000099999999913 0.00000000099999999913 0.00000000099999999913 0.00000000099999999913 0.00000000099999999913 0.44673458797246407004 0.55326540602753582210 
0.00000000099999999943 0.00000000099999999943 0.00000000099999999943 0.00000000099999999943 0.00000000099999999943 0.00000000099999999943 0.49828340098796863877 0.50171659301203130887 
0.00000000099999999915 0.00000000099999999915 0.00000000099999999915 0.00000000099999999915 0.00000000099999999915 0.00000000099999999915 0.43347233136676349696 0.56652766263323650620 
0.00000000099999999927 0.00000000099999999927 0.00000000099999999927 0.00000000099999999927 0.00000000099999999927 0.00000000099999999927 0.48735079251295937430 0.51264920148704062886 
0.00000000099999999943 0.00000000099999999943 0.00000000099999999943 0.00000000099999999943 0.00000000099999999943 0.00000000099999999943 0.46155279026244000473 0.53844720373755994292 
0.00000000099999999950 0.00000000099999999950 0.00000000099999999950 0.00000000099999999950 0.00000000099999999950 0.00000000099999999950 0.41881261921655593694 0.58118737478344406622 
0.00000000099999999926 0.00000000099999999926 0.00000000099999999926 0.00000000099999999926 0.00000000099999999926 0.00000000099999999926 0.44300139561601298288 0.55699859838398690925 
0.00000000099999999929 0.00000000099999999929 0.00000000099999999929 0.00000000099999999929 0.00000000099999999929 0.00000000099999999929 0.42494564726725164716 0.57505434673274824497 
0.00000000099999999955 0.00000000099999999955 0.00000000099999999955 0.00000000099999999955 0.00000000099999999955 0.00000000099999999955 0.43525107776833171780 0.56474891623166834087 
0.00000000099999999952 0.00000000099999999952 0.00000000099999999952 0.00000000099999999952 0.00104774691089960120 0.00000000099999999952 0.45330930692751258970 0.54564294116158784664 
0.00000000099999999920 0.00000000099999999920 0.00000000099999999920 0.00000000099999999920 0.00000000099999999920 0.00000000099999999920 0.44043504099369967797 0.55956495300630026968 
0.00000000099999999954 0.00000000099999999954 0.00000000099999999954 0.00000000099999999954 0.00000000099999999954 0.00000000099999999954 0.42578689607554182084 0.57421309792445807130 
0.00000000099999999912 0.00000000099999999912 0.00000000099999999912 0.00000000099999999912 0.00000000099999999912 0.00000000099999999912 0.46831241023747804952 0.53168758376252189812 
0.00000000099999999970 0.00000000099999999970 0.00000000099999999970 0.00000000099999999970 0.00000000099999999970 0.00000000099999999970 0.48965799139561655418 0.51034200260438344898 
0.00000000099999999960 0.00000000099999999960 0.00000000099999999960 0.00000000099999999960 0.00168595898472222519 0.00000000099999999960 0.46282970508847803837 0.53548433092679970091 
0.00000000099999999981 0.00000000099999999981 0.00000000099999999981 0.00000000099999999981 0.00020262308060523925 0.00000000099999999981 0.47867544102759196356 0.52112193089180292027 
0.00000000099999999955 0.00000000099999999955 0.00000000099999999955 0.00000000099999999955 0.00000000099999999955 0.00000000099999999955 0.43208571023001340894 0.56791428376998653871 
0.00000000099999999973 0.00000000099999999973 0.00000000099999999973 0.00000000099999999973 0.00000000099999999973 0.00000000099999999973 0.49866509648205781247 0.50133489751794213518 
0.00000000099999999996 0.00000000099999999996 0.00616546733935997154 0.00000000099999999996 0.00332733752977366990 0.00000000099999999996 0.38670252787930264882 0.60380466325156378904 
0.00000000099999999997 0.00173800860368153454 0.00175576321078534233 0.00000000099999999997 0.00111981319411506093 0.00089466636166222135 0.43737130422960063258 0.55712044240015512475 
0.00000000099999999996 0.00000000099999999996 0.00368723669424108474 0.00000000099999999996 0.00089074668576528222 0.00000000099999999996 0.44572874785225180538 0.54969326476774171830 
0.00000000099999999994 0.00000000099999999994 0.00017161648109554036 0.00200887012727035859 0.00036175554577383954 0.00000000099999999994 0.46062357262758746312 0.53683418221827283734 
0.00000000099999999991 0.00000000099999999991 0.00000000099999999991 0.00000000099999999991 0.00270280721493161525 0.00215501267308157310 0.46786108698029765796 0.52728108913168925120 
0.00000000099999999988 0.00000000099999999988 0.00309879769570682280 0.00000000099999999988 0.00212013428202529036 0.00000000099999999988 0.42538645684360459898 0.56939460717866330342 
0.00000000099999999934 0.00000000099999999934 0.00000000099999999934 0.00000000099999999934 0.00000000099999999934 0.00000000099999999934 0.00956052364627464797 0.99043947035372525978 
0.00000000099999999929 0.00000000099999999929 0.00000000099999999929 0.00000000099999999929 0.00000000099999999929 0.00000000099999999929 0.00000000099999999929 0.99999999299999997593 
0.00000000099999999960 0.00000000099999999960 0.00000000099999999960 0.00000000099999999960 0.00000000099999999960 0.00000000099999999960 0.00709136752634452992 0.99290862647365552007 
0.00000000099999999988 0.00000000099999999988 0.00000000099999999988 0.00000000099999999988 0.00000000099999999988 0.00000000099999999988 0.00000000099999999988 0.99999999299999997593 
0.00000000099999999923 0.00000000099999999923 0.00000000099999999923 0.00000000099999999923 0.00000000099999999923 0.00000000099999999923 0.00000000099999999923 0.99999999300000008695 
0.00000000099999999933 0.00000000099999999933 0.00000000099999999933 0.00000000099999999933 0.00000000099999999933 0.00000000099999999933 0.00000000099999999933 0.99999999299999997593 
0.00000000099999999953 0.00000000099999999953 0.00000000099999999953 0.00000000099999999953 0.00000000099999999953 0.00000000099999999953 0.00088463481265298009 0.99911535918734695194 
0.00000000099999999944 0.00000000099999999944 0.00000000099999999944 0.00000000099999999944 0.00000000099999999944 0.00000000099999999944 0.00591901720606212260 0.99408097679393792045 
0.00000000099999999934 0.00000000099999999934 0.00000000099999999934 0.00000000099999999934 0.00000000099999999934 0.00000000099999999934 0.00160212558267620897 0.99839786841732369727 
0.00000000099999999972 0.00000000099999999972 0.00000000099999999972 0.00000000099999999972 0.00096631938459797997 0.00000000099999999972 0.00000000099999999972 0.99903367461540204530 
0.00000000099999999932 0.00000000099999999932 0.00000000099999999932 0.00000000099999999932 0.00000000099999999932 0.00000000099999999932 0.00000000099999999932 0.99999999299999997593 
0.00000000099999999916 0.00000000099999999916 0.00000000099999999916 0.00000000099999999916 0.00000000099999999916 0.00000000099999999916 0.00377250670534431736 0.99622748729465571138 
0.00000000099999999929 0.00000000099999999929 0.00000000099999999929 0.00000000099999999929 0.00000000099999999929 0.00000000099999999929 0.00000000099999999929 0.99999999299999997593 
0.00000000099999999937 0.00000000099999999937 0.00000000099999999937 0.00000000099999999937 0.00000000099999999937 0.00000000099999999937 0.00136557245270357494 0.99863442154729642475 
0.00000000099999999959 0.00000000099999999959 0.00000000099999999959 0.00000000099999999959 0.00126810944912901687 0.00000000099999999959 0.00000000099999999959 0.99873188455087102966 
0.00000000099999999943 0.00000000099999999943 0.00000000099999999943 0.00000000099999999943 0.00000000099999999943 0.00000000099999999943 0.02991962697681531391 0.97008036702318467537 
0.00000000099999999951 0.00000000099999999951 0.00000000099999999951 0.00000000099999999951 0.00000000099999999951 0.00000000099999999951 0.00268645844995092338 0.99731353555004909062 
0.00000000099999999901 0.00000000099999999901 0.00000000099999999901 0.00000000099999999901 0.00000000099999999901 0.00000000099999999901 0.00000000099999999901 0.99999999299999997593 
0.00000000099999999987 0.00000000099999999987 0.00000000099999999987 0.00000000099999999987 0.00000000099999999987 0.00236165320416707476 0.01135189319568601952 0.98628644860014691442 
0.00000000099999999991 0.00000000099999999991 0.00000000099999999991 0.00000000099999999991 0.00000000099999999991 0.00187858155116704174 0.05093567659502440392 0.94718573685380869076 
0.00000000099999999977 0.00000000099999999977 0.00000000099999999977 0.00000000099999999977 0.00000000099999999977 0.00000000099999999977 0.00000000099999999977 0.99999999299999997593 
0.00000000099999999981 0.00000000099999999981 0.00000000099999999981 0.01141735791514066241 0.00000000099999999981 0.00000000099999999981 0.04627345192560622378 0.94230918515925321532 
0.00000000099999999958 0.00000000099999999958 0.00000000099999999958 0.00518741115481190923 0.00000000099999999958 0.00000000099999999958 0.06279397662951219372 0.93201860721567575396 
0.00000000099999999991 0.00323729906511331308 0.00000000099999999991 0.00000000099999999991 0.00000000099999999991 0.00000000099999999991 0.06362190570412439017 0.93314079023076235142 
0.00000000099999999986 0.00000000099999999986 0.00000000099999999986 0.00000000099999999986 0.00000000099999999986 0.00157879814407895836 0.01181641708824272309 0.98660477976767835262 
0.00000000099999999995 0.00000000099999999995 0.00000000099999999995 0.00034798007425708362 0.00027309984748707792 0.00283273634625348918 0.06024212029873674684 0.93630406043326563914 
0.00000000099999999992 0.00001177740269177620 0.00170724148818714801 0.00105280850136087417 0.00000000099999999992 0.00000000099999999992 0.03792234592544326682 0.95930582368231698265 
0.00000000099999999988 0.00000000099999999988 0.00120056322247640164 0.00033606303422234831 0.00000000099999999988 0.00000000099999999988 0.02993692541161840220 0.96852644433168277871 
0.00000000099999999972 0.00000000099999999972 0.00000000099999999972 0.00192344000162619094 0.00000000099999999972 0.00000000099999999972 0.02394734383565301494 0.97412921116272077615 
0.00000000099999999971 0.00000000099999999971 0.00000000099999999971 0.00000000099999999971 0.00000000099999999971 0.00000000099999999971 0.05890011413567126930 0.94109987986432874774 
0.00000000099999999994 0.00000000099999999994 0.00152764362291805652 0.00072320825594197067 0.00000000099999999994 0.00000000099999999994 0.04026589367128204783 0.95748325044985793664 
0.00000000099999999997 0.00000000099999999997 0.00175865984339266764 0.00000000099999999997 0.00128149080115852183 0.00178243150415448000 0.04002994077411442531 0.95514747407717992544 
0.00000000099999999997 0.00355266832978464418 0.00275918833596743929 0.00000022262834987662 0.00000000099999999997 0.00000000099999999997 0.05605656855537904937 0.93763134915051893348 
0.00000000099999999992 0.00000000099999999992 0.00000213945364966396 0.00000000099999999992 0.00000000099999999992 0.00000000099999999992 0.02106909027681563157 0.97892876526953476191 
0.00000000099999999965 0.00000000099999999965 0.00000000099999999965 0.00000000099999999965 0.00000000099999999965 0.00000000099999999965 0.05917137149298049015 0.94082862250701959628 
0.00000000099999999946 0.00000000099999999946 0.00000000099999999946 0.00000000099999999946 0.00000000099999999946 0.00000000099999999946 0.07720316931286884399 0.92279682468713108978 
0.00000000099999999991 0.00000000099999999991 0.00000000235955620106 0.00000000099999999991 0.00000000099999999991 0.00077898528684537921 0.04342418656628409257 0.95579682178731428799 
0.00000000099999999995 0.00000000099999999995 0.00000000099999999995 0.01554637291604690948 0.00000000099999999995 0.00000000099999999995 0.06972076131228374662 0.91473286077166937602 
0.00000000099999999999 0.00000000099999999999 0.00309133042705951643 0.00000014327729237776 0.00026921252335490321 0.00000000099999999999 0.11940667749200560566 0.87723263328028755481 
0.00000000099999999997 0.00000000099999999997 0.00000000099999999997 0.04789505274104803589 0.00000000099999999997 0.00000000099999999997 0.14914376534246237549 0.80296117691648960513 
0.00000000099999999949 0.00000000099999999949 0.00000000099999999949 0.00000000099999999949 0.00599878621095444563 0.00000000099999999949 0.05971631248044260987 0.93428489630860289683 
0.00000000099999999996 0.00000000099999999996 0.00000000099999999996 0.02878699379637198255 0.00000000099999999996 0.00000000099999999996 0.10205529266334247007 0.86915770854028551184 
0.00315658500594484439 0.00000000099999999998 0.00000000099999999998 0.00000000099999999998 0.00000000099999999998 0.00000000099999999998 0.22791336090225630673 0.76893004909179885065 
0.00000000099999999987 0.00000000099999999987 0.00000000099999999987 0.00000000099999999987 0.00065765172216687229 0.00000000099999999987 0.00593074143898494367 0.99341160183884824608 
0.00000000099999999998 0.00000000099999999998 0.00000000099999999998 0.01118556077326921666 0.00000504125840604060 0.00000000099999999998 0.00025026006354127237 0.98855913390478344915 
0.00000000099999999977 0.00000000099999999977 0.00000000099999999977 0.00000000099999999977 0.01585730229666213950 0.00000000099999999977 0.03529075028004930586 0.94885194242328851910 
0.00000000099999999988 0.00000000099999999988 0.00000000099999999988 0.00000000099999999988 0.00174397455608253150 0.00000000099999999988 0.01900434812335772758 0.97925167232055965183 
0.00000000099999999952 0.00000000099999999952 0.00000000099999999952 0.00000000099999999952 0.00827032657114893689 0.00000000099999999952 0.01731244487388486700 0.97441722355496629415 
0.00000000099999999987 0.00000000099999999987 0.00000000099999999987 0.00000000099999999987 0.00217626741336733164 0.00000000099999999987 0.02205079882179397655 0.97577292876483867623 
0.00000000099999999913 0.00000000099999999913 0.00000000099999999913 0.00000000099999999913 0.00000000099999999913 0.00000000099999999913 0.03882669402143247572 0.96117329997856748580 
0.00000000099999999947 0.00000000099999999947 0.00000000099999999947 0.00000000099999999947 0.00000000099999999947 0.00000000099999999947 0.00625766394607493986 0.99374233005392509366 
0.00000000099999999971 0.00000000099999999971 0.00263924577593548917 0.00000000099999999971 0.00000000099999999971 0.00000000099999999971 0.24502146491682127993 0.75233928430724317238 
0.00000000099999999980 0.00000000099999999980 0.00000000099999999980 0.00000000099999999980 0.00133192671702251340 0.00000000099999999980 0.22378277935423215861 0.77488528892874530829 
0.00000000099999999982 0.01531675131940886739 0.35847649567859840580 0.00000000099999999982 0.00000000099999999982 0.00000000099999999982 0.09486361305157885171 0.53134313595041382516 
0.00000000099999999984 0.00000000099999999984 0.00472998879051604853 0.00000000099999999984 0.00360492994405994110 0.00000000099999999984 0.27205676899172925864 0.71960830827369481888 
0.00000000099999999991 0.00000000099999999991 0.00415407807398926639 0.00000000099999999991 0.00289186515432654848 0.00000000099999999991 0.24550291412671748636 0.74745113864496659506 
0.00000000099999999992 0.11567848619978784996 0.26388794404360810253 0.00000000099999999992 0.00000000099999999992 0.00000000099999999992 0.09374479508095188984 0.52668877067565211814 
0.00000000099999999989 0.07101307152720977289 0.23296030313265317369 0.00000000099999999989 0.00000000099999999989 0.00000000099999999989 0.15296021767809642178 0.54306640366204050885 
0.00000000099999999982 0.01041873741737060939 0.31064752398045603066 0.00000000099999999982 0.00000000099999999982 0.00000000099999999982 0.08625822379306802290 0.59267551080910529926 
0.00000000099999999985 0.00184850094468035531 0.30052357171628502064 0.00000000099999999985 0.00000000099999999985 0.00000000099999999985 0.11142476083641765505 0.58620316250261683688 
0.00000000099999999983 0.00152832971286348453 0.00000000099999999983 0.00000000099999999983 0.00000000099999999983 0.29395799995474208854 0.15313620152084067572 0.55137746481155369693 
0.00000000099999999974 0.00000000099999999974 0.00041442286437606672 0.00000000099999999974 0.00000000099999999974 0.00000000099999999974 0.23997456419209881040 0.75961100794352520715 
0.00000000099999999979 0.00234729377154207965 0.00000000099999999979 0.00000000099999999979 0.00054276831495057073 0.35544322241688069974 0.09809041516115096782 0.54357629733547563333 
0.00000000099999999991 0.00000000099999999991 0.00863972322273316717 0.00000000099999999991 0.00577811182599202895 0.00016392933833813515 0.22524935517592320489 0.76016887743701344604 
0.00000000099999999985 0.00672687656421181324 0.38175538208484349756 0.00000000099999999985 0.00000000099999999985 0.00000000099999999985 0.11537681436335255059 0.49614092298759215893 
0.00000000099999999966 0.00000000099999999966 0.00000000099999999966 0.00000000099999999966 0.00260973377056075402 0.00000000099999999966 0.25884570728769901171 0.73854455394174023386 
0.00000000099999999959 0.00000000099999999959 0.00000000099999999959 0.00000000099999999959 0.00000000099999999959 0.00000000099999999959 0.26915989822813463084 0.73084009577186548334 
0.00000000099999999989 0.09511929281638957512 0.00000000099999999989 0.00000000099999999989 0.00097437951946973615 0.25840753337130134559 0.13215991909100421875 0.51333887220183493927 
0.00000000099999999975 0.00000000099999999975 0.00093955309225171200 0.00000000099999999975 0.00000000099999999975 0.00000000099999999975 0.22276012604888623114 0.77630031585886205558 
0.00000000099999999976 0.00000000099999999976 0.00402768157985525493 0.00000000099999999976 0.00000000099999999976 0.00000000099999999976 0.25268975114419528483 0.74328256227594935446 
0.00292815336065302325 0.00000000099999999998 0.00000000270648731736 0.00000000099999999998 0.00000000099999999998 0.00259603223160052811 0.11831931546636480224 0.87615649323489430689 
0.00000000099999999999 0.00000000099999999999 0.00000000099999999999 0.01370191879864120395 0.00000000099999999999 0.04716287096935980333 0.04012659673005945782 0.89900860950193950405 
0.00000000099999999987 0.00000000099999999987 0.00000000099999999987 0.00999597729807841576 0.00000000099999999987 0.00000000099999999987 0.06902934020827676542 0.92097467749364492207 
0.00000000099999999983 0.00000000099999999983 0.00000000099999999983 0.00357859942248003405 0.00000000099999999983 0.00000000099999999983 0.00541319993802755976 0.99100819563949249513 
0.00000000099999999992 0.02345456446006120160 0.00000000099999999992 0.00667105834645390604 0.00000000099999999992 0.00000000099999999992 0.05145261396747566329 0.91842175922600932658 
0.00000000099999999934 0.00000000099999999934 0.00000000099999999934 0.00000000099999999934 0.00000000099999999934 0.00000000099999999934 0.00000000099999999934 0.99999999300000008695 
0.00000000099999999960 0.00000000099999999960 0.00000000099999999960 0.00000000099999999960 0.00000000099999999960 0.00000000099999999960 0.00000000099999999960 0.99999999300000008695 
0.00000000099999999986 0.00394094491621970952 0.16739772374801770161 0.00000000099999999986 0.00000000099999999986 0.00000000099999999986 0.00000002761708788282 0.82866129971867474868 
0.00000000099999999984 0.00000000099999999984 0.00000000099999999984 0.00028926482637243176 0.00000000099999999984 0.00093248062564230984 0.00000000099999999984 0.99877824954798521961 
0.00000000099999999965 0.00000000099999999965 0.00000000099999999965 0.00173689640616399971 0.00000000099999999965 0.00000000099999999965 0.00000000099999999965 0.99826309759383602405 
0.00000000099999999868 0.00000000099999999868 0.00000000099999999868 0.00000000099999999868 0.00000000099999999868 0.00000000099999999868 0.00000000099999999868 0.99999999300000008695 
0.00000000099999999913 0.00000000099999999913 0.00000000099999999913 0.00000000099999999913 0.00000000099999999913 0.00000000099999999913 0.00037076154669157102 0.99962923245330836952 
0.00000000099999999911 0.00000000099999999911 0.00000000099999999911 0.00000000099999999911 0.00000000099999999911 0.00000000099999999911 0.00108233488431455963 0.99891765911568553005 
0.00000000099999999917 0.00000000099999999917 0.00000000099999999917 0.00000000099999999917 0.00000000099999999917 0.00000000099999999917 0.00000000099999999917 0.99999999300000008695 
0.00000000099999999892 0.00000000099999999892 0.00000000099999999892 0.00000000099999999892 0.00000000099999999892 0.00000000099999999892 0.00000000099999999892 0.99999999300000008695 
0.00000000099999999936 0.00000000099999999936 0.00000000099999999936 0.00000000099999999936 0.00000000099999999936 0.00000000099999999936 0.00829108894769977831 0.99170890505230024914 
0.00000000099999999965 0.00000000099999999965 0.00000000099999999965 0.00000000099999999965 0.00000000099999999965 0.00000000099999999965 0.00300302793217545154 0.99699696606782461927 
0.00000000099999999926 0.00000000099999999926 0.00000000099999999926 0.00000000099999999926 0.00000000099999999926 0.00000000099999999926 0.00000000099999999926 0.99999999299999997593 
0.00000000099999999988 0.00000000099999999988 0.00818271463834596181 0.00000000099999999988 0.00000000099999999988 0.00000000099999999988 0.00000000099999999988 0.99181727936165409165 
0.00000000099999999974 0.00000000099999999974 0.00000000099999999974 0.00000000099999999974 0.00035429890758985344 0.00000000099999999974 0.03275354033876930887 0.96689215575364084732 
0.00000000099999999954 0.00000000099999999954 0.00000000099999999954 0.00000000099999999954 0.00000000099999999954 0.00000000099999999954 0.00628879844086228674 0.99371119555913778321 
0.00133365230384450994 0.00000000099999999968 0.00000000099999999968 0.00000000099999999968 0.00000000099999999968 0.00000000099999999968 0.00658817531559034979 0.99207816738056509021 
0.00000000099999999909 0.00000000099999999909 0.00000000099999999909 0.00000000099999999909 0.00000000099999999909 0.00000000099999999909 0.00000000099999999909 0.99999999300000008695 
