0.00000000099999999874 0.00000000099999999874 0.00000000099999999874 0.00000000099999999874 0.99999999399999983662 0.00000000099999999874 0.00000000099999999874 
0.00000000099999999880 0.00000000099999999880 0.00000000099999999880 0.00000000099999999880 0.99999999399999983662 0.00000000099999999880 0.00000000099999999880 
0.00000000099999999877 0.00000000099999999877 0.00000000099999999877 0.00000000099999999877 0.99999999399999983662 0.00000000099999999877 0.00000000099999999877 
0.00000000099999999879 0.00000000099999999879 0.00000000099999999879 0.00000000099999999879 0.99999999399999983662 0.00000000099999999879 0.00000000099999999879 
0.00000000099999999883 0.00000000099999999883 0.00000000099999999883 0.00000000099999999883 0.99999999399999983662 0.00000000099999999883 0.00000000099999999883 
0.00000000099999999885 0.00000000099999999885 0.00000000099999999885 0.00000000099999999885 0.99999999399999983662 0.00000000099999999885 0.00000000099999999885 
0.00000000099999999876 0.00000000099999999876 0.00000000099999999876 0.00000000099999999876 0.99999999399999983662 0.00000000099999999876 0.00000000099999999876 
0.00000000099999999887 0.00000000099999999887 0.00000000099999999887 0.00000000099999999887 0.99999999399999983662 0.00000000099999999887 0.00000000099999999887 
0.00000000099999999879 0.00000000099999999879 0.00000000099999999879 0.00000000099999999879 0.99999999399999994765 0.00000000099999999879 0.00000000099999999879 
0.00000000099999999886 0.00000000099999999886 0.00000000099999999886 0.00000000099999999886 0.99999999399999994765 0.00000000099999999886 0.00000000099999999886 
0.00000000099999999883 0.00000000099999999883 0.00000000099999999883 0.00000000099999999883 0.99999999399999983662 0.00000000099999999883 0.00000000099999999883 
0.00000000099999999905 0.00000000099999999905 0.00000000099999999905 0.00000000099999999905 0.99999999399999994765 0.00000000099999999905 0.00000000099999999905 
0.00000000099999999882 0.00000000099999999882 0.00000000099999999882 0.00000000099999999882 0.99999999399999994765 0.00000000099999999882 0.00000000099999999882 
0.00000000099999999880 0.00000000099999999880 0.00000000099999999880 0.00000000099999999880 0.99999999399999994765 0.00000000099999999880 0.00000000099999999880 
0.00000000099999999881 0.00000000099999999881 0.00000000099999999881 0.00000000099999999881 0.99999999399999983662 0.00000000099999999881 0.00000000099999999881 
0.00000000099999999882 0.00000000099999999882 0.00000000099999999882 0.00000000099999999882 0.99999999399999994765 0.00000000099999999882 0.00000000099999999882 
0.00000000099999999881 0.00000000099999999881 0.00000000099999999881 0.00000000099999999881 0.99999999399999994765 0.00000000099999999881 0.00000000099999999881 
0.00000000099999999888 0.00000000099999999888 0.00000000099999999888 0.00000000099999999888 0.99999999399999983662 0.00000000099999999888 0.00000000099999999888 
0.00000000099999999890 0.00000000099999999890 0.00000000099999999890 0.00000000099999999890 0.99999999399999994765 0.00000000099999999890 0.00000000099999999890 
0.00000000099999999889 0.00000000099999999889 0.00000000099999999889 0.00000000099999999889 0.99999999399999983662 0.00000000099999999889 0.00000000099999999889 
0.00000000099999999884 0.00000000099999999884 0.00000000099999999884 0.00000000099999999884 0.99999999399999994765 0.00000000099999999884 0.00000000099999999884 
0.00000000099999999886 0.00000000099999999886 0.00000000099999999886 0.00000000099999999886 0.99999999399999994765 0.00000000099999999886 0.00000000099999999886 
0.00000000099999999884 0.00000000099999999884 0.00000000099999999884 0.00000000099999999884 0.99999999399999994765 0.00000000099999999884 0.00000000099999999884 
0.00000000099999999887 0.00000000099999999887 0.00000000099999999887 0.00000000099999999887 0.99999999399999994765 0.00000000099999999887 0.00000000099999999887 
0.00000000099999999919 0.00000000099999999919 0.00000000099999999919 0.00000000099999999919 0.99999999400000005867 0.00000000099999999919 0.00000000099999999919 
0.00000000099999999884 0.00000000099999999884 0.00000000099999999884 0.00000000099999999884 0.99999999399999994765 0.00000000099999999884 0.00000000099999999884 
0.00000000099999999888 0.00000000099999999888 0.00000000099999999888 0.00000000099999999888 0.99999999399999994765 0.00000000099999999888 0.00000000099999999888 
0.00000000099999999891 0.00000000099999999891 0.00000000099999999891 0.00000000099999999891 0.99999999399999983662 0.00000000099999999891 0.00000000099999999891 
0.00000000099999999892 0.00000000099999999892 0.00000000099999999892 0.00000000099999999892 0.99999999399999994765 0.00000000099999999892 0.00000000099999999892 
0.00000000099999999888 0.00000000099999999888 0.00000000099999999888 0.00000000099999999888 0.99999999399999994765 0.00000000099999999888 0.00000000099999999888 
0.00000000099999999904 0.00000000099999999904 0.00000000099999999904 0.00000000099999999904 0.99999999400000005867 0.00000000099999999904 0.00000000099999999904 
0.00000000099999999922 0.00000000099999999922 0.00000000099999999922 0.00000000099999999922 0.99999999399999994765 0.00000000099999999922 0.00000000099999999922 
0.00000000099999999899 0.00000000099999999899 0.00000000099999999899 0.00000000099999999899 0.99999999399999983662 0.00000000099999999899 0.00000000099999999899 
0.00000000099999999913 0.00000000099999999913 0.00000000099999999913 0.00000000099999999913 0.99999999399999994765 0.00000000099999999913 0.00000000099999999913 
0.00000000099999999900 0.00000000099999999900 0.00000000099999999900 0.00000000099999999900 0.99999999399999994765 0.00000000099999999900 0.00000000099999999900 
0.00000000099999999908 0.00000000099999999908 0.00000000099999999908 0.00000000099999999908 0.99999999399999994765 0.00000000099999999908 0.00000000099999999908 
0.00000000099999999902 0.00000000099999999902 0.00000000099999999902 0.00000000099999999902 0.99999999399999994765 0.00000000099999999902 0.00000000099999999902 
0.00000000099999999903 0.00000000099999999903 0.00000000099999999903 0.00000000099999999903 0.99999999400000005867 0.00000000099999999903 0.00000000099999999903 
0.00000000099999999907 0.00000000099999999907 0.00000000099999999907 0.00000000099999999907 0.99999999400000005867 0.00000000099999999907 0.00000000099999999907 
0.00000000099999999923 0.00000000099999999923 0.00000000099999999923 0.00000000099999999923 0.99999999400000005867 0.00000000099999999923 0.00000000099999999923 
0.00000000099999999901 0.00000000099999999901 0.00000000099999999901 0.00000000099999999901 0.99999999399999994765 0.00000000099999999901 0.00000000099999999901 
0.00000000099999999912 0.00000000099999999912 0.00000000099999999912 0.00000000099999999912 0.99999999399999994765 0.00000000099999999912 0.00000000099999999912 
0.00000000099999999904 0.00000000099999999904 0.00000000099999999904 0.00000000099999999904 0.99999999400000005867 0.00000000099999999904 0.00000000099999999904 
0.00000000099999999902 0.00000000099999999902 0.00000000099999999902 0.00000000099999999902 0.99999999399999994765 0.00000000099999999902 0.00000000099999999902 
0.00000000099999999912 0.00000000099999999912 0.00000000099999999912 0.00000000099999999912 0.99999999399999994765 0.00000000099999999912 0.00000000099999999912 
0.00000000099999999904 0.00000000099999999904 0.00000000099999999904 0.00000000099999999904 0.99999999400000005867 0.00000000099999999904 0.00000000099999999904 
0.00000000099999999908 0.00000000099999999908 0.00000000099999999908 0.00000000099999999908 0.99999999399999994765 0.00000000099999999908 0.00000000099999999908 
0.00000000099999999928 0.00000000099999999928 0.00000000099999999928 0.00000000099999999928 0.99999999399999994765 0.00000000099999999928 0.00000000099999999928 
0.00000000099999999930 0.00000000099999999930 0.00000000099999999930 0.00000000099999999930 0.99999999400000005867 0.00000000099999999930 0.00000000099999999930 
0.00000000099999999940 0.00000000099999999940 0.00000000099999999940 0.00000000099999999940 0.99999999399999994765 0.00000000099999999940 0.00000000099999999940 
0.00000000099999999966 0.00000000099999999966 0.00000000099999999966 0.00000000099999999966 0.99999999400000005867 0.00000000099999999966 0.00000000099999999966 
0.40292087785317359794 0.59707911714682637694 0.00000000099999999971 0.00000000099999999971 0.00000000099999999971 0.00000000099999999971 0.00000000099999999971 
0.44406800583839489693 0.55593198916160502243 0.00000000099999999937 0.00000000099999999937 0.00000000099999999937 0.00000000099999999937 0.00000000099999999937 
0.48808581113902815840 0.51191418386097187199 0.00000000099999999977 0.00000000099999999977 0.00000000099999999977 0.00000000099999999977 0.00000000099999999977 
0.39256341346210998910 0.60743658153789004128 0.00000000099999999912 0.00000000099999999912 0.00000000099999999912 0.00000000099999999912 0.00000000099999999912 
0.39593239019515225063 0.60406760480484777975 0.00000000099999999926 0.00000000099999999926 0.00000000099999999926 0.00000000099999999926 0.00000000099999999926 
0.40252242487913658664 0.59747757012086333273 0.00000000099999999911 0.00000000099999999911 0.00000000099999999911 0.00000000099999999911 0.00000000099999999911 
0.39441955130608202795 0.60558044369391794692 0.00000000099999999949 0.00000000099999999949 0.00000000099999999949 0.00000000099999999949 0.00000000099999999949 
0.37396402420155649970 0.62603597079844353068 0.00000000099999999921 0.00000000099999999921 0.00000000099999999921 0.00000000099999999921 0.00000000099999999921 
0.40556059710612696323 0.59443939789387312267 0.00000000099999999943 0.00000000099999999943 0.00000000099999999943 0.00000000099999999943 0.00000000099999999943 
0.39823173825716134955 0.59691436771513228798 0.00059562660616263444 0.00000000099999999992 0.00000000099999999992 0.00425826442154369610 0.00000000099999999992 
0.42568945643757166719 0.57431053856242830769 0.00000000099999999926 0.00000000099999999926 0.00000000099999999926 0.00000000099999999926 0.00000000099999999926 
0.42225863230349303112 0.57774136269650711029 0.00000000099999999922 0.00000000099999999922 0.00000000099999999922 0.00000000099999999922 0.00000000099999999922 
0.42698069138050365190 0.56834392307566106162 0.00000000099999999987 0.00000000099999999987 0.00000000099999999987 0.00467538154383531548 0.00000000099999999987 
0.43041101075326793080 0.56958898424673209959 0.00000000099999999939 0.00000000099999999939 0.00000000099999999939 0.00000000099999999939 0.00000000099999999939 
0.38447558709213075501 0.61552440790786921987 0.00000000099999999982 0.00000000099999999982 0.00000000099999999982 0.00000000099999999982 0.00000000099999999982 
0.39257671691306333939 0.60742327808693663549 0.00000000099999999912 0.00000000099999999912 0.00000000099999999912 0.00000000099999999912 0.00000000099999999912 
0.48872754040890858951 0.51127245459109149639 0.00000000099999999950 0.00000000099999999950 0.00000000099999999950 0.00000000099999999950 0.00000000099999999950 
0.48303346398443025578 0.51696653101556988563 0.00000000099999999979 0.00000000099999999979 0.00000000099999999979 0.00000000099999999979 0.00000000099999999979 
0.43201977934691782046 0.56798021565308220993 0.00000000099999999929 0.00000000099999999929 0.00000000099999999929 0.00000000099999999929 0.00000000099999999929 
0.41846765621520903844 0.58153233878479104746 0.00000000099999999933 0.00000000099999999933 0.00000000099999999933 0.00000000099999999933 0.00000000099999999933 
0.41131906124707762196 0.58868093375292240843 0.00000000099999999936 0.00000000099999999936 0.00000000099999999936 0.00000000099999999936 0.00000000099999999936 
0.40809927155972153257 0.59190072344027855333 0.00000000099999999912 0.00000000099999999912 0.00000000099999999912 0.00000000099999999912 0.00000000099999999912 
0.44360344408767177216 0.55639655091232842477 0.00000000099999999942 0.00000000099999999942 0.00000000099999999942 0.00000000099999999942 0.00000000099999999942 
0.46494359095303561258 0.53505640404696441781 0.00000000099999999937 0.00000000099999999937 0.00000000099999999937 0.00000000099999999937 0.00000000099999999937 
0.49381754495093460600 0.50618245004906547990 0.00000000099999999963 0.00000000099999999963 0.00000000099999999963 0.00000000099999999963 0.00000000099999999963 
0.40534705987884817047 0.59465293512115202645 0.00000000099999999927 0.00000000099999999927 0.00000000099999999927 0.00000000099999999927 0.00000000099999999927 
0.46652025366544369600 0.53347974133455644541 0.00000000099999999940 0.00000000099999999940 0.00000000099999999940 0.00000000099999999940 0.00000000099999999940 
0.45403208833776242948 0.54086748089658120975 0.00000000099999999987 0.00000000099999999987 0.00048292450187907950 0.00461750326377729885 0.00000000099999999987 
0.39931373278826143292 0.59961356885359162749 0.00000000099999999993 0.00107269435814700371 0.00000000099999999993 0.00000000099999999993 0.00000000099999999993 
0.45104400813000156134 0.54895598686999858007 0.00000000099999999946 0.00000000099999999946 0.00000000099999999946 0.00000000099999999946 0.00000000099999999946 
0.38336963044577199167 0.61663036455422803872 0.00000000099999999930 0.00000000099999999930 0.00000000099999999930 0.00000000099999999930 0.00000000099999999930 
0.42559931915927529111 0.56983127710974368352 0.00000000099999999988 0.00000000099999999988 0.00108428959891628983 0.00000000099999999988 0.00348511113206485118 
0.53996372700540007372 0.46003626799459995667 0.00000000099999999965 0.00000000099999999965 0.00000000099999999965 0.00000000099999999965 0.00000000099999999965 
0.46044363252396636188 0.53955636247603377953 0.00000000099999999959 0.00000000099999999959 0.00000000099999999959 0.00000000099999999959 0.00000000099999999959 
0.47238006984902369823 0.52761992515097644318 0.00000000099999999946 0.00000000099999999946 0.00000000099999999946 0.00000000099999999946 0.00000000099999999946 
0.42205618521329379966 0.57794380978670611970 0.00000000099999999962 0.00000000099999999962 0.00000000099999999962 0.00000000099999999962 0.00000000099999999962 
0.48357101771160104775 0.51642897728839898264 0.00000000099999999948 0.00000000099999999948 0.00000000099999999948 0.00000000099999999948 0.00000000099999999948 
0.48160161897688025245 0.51839837602311988896 0.00000000099999999952 0.00000000099999999952 0.00000000099999999952 0.00000000099999999952 0.00000000099999999952 
0.51877546387871131817 0.48122453112128876773 0.00000000099999999949 0.00000000099999999949 0.00000000099999999949 0.00000000099999999949 0.00000000099999999949 
0.42319934531414621359 0.57477108715383617987 0.00000000099999999991 0.00202956353201773484 0.00000000099999999991 0.00000000099999999991 0.00000000099999999991 
0.42480611765792652967 0.57519387734207361174 0.00000000099999999970 0.00000000099999999970 0.00000000099999999970 0.00000000099999999970 0.00000000099999999970 
0.43603533602495558874 0.56396465897504444165 0.00000000099999999985 0.00000000099999999985 0.00000000099999999985 0.00000000099999999985 0.00000000099999999985 
0.41169361109622254480 0.58830638390377754110 0.00000000099999999955 0.00000000099999999955 0.00000000099999999955 0.00000000099999999955 0.00000000099999999955 
0.47555841434831463976 0.52444158065168533511 0.00000000099999999931 0.00000000099999999931 0.00000000099999999931 0.00000000099999999931 0.00000000099999999931 
0.45551888465081252777 0.54448111034918744711 0.00000000099999999930 0.00000000099999999930 0.00000000099999999930 0.00000000099999999930 0.00000000099999999930 
0.47143540148146023672 0.52856459351853979367 0.00000000099999999935 0.00000000099999999935 0.00000000099999999935 0.00000000099999999935 0.00000000099999999935 
0.45339728507776921873 0.54660270992223092268 0.00000000099999999938 0.00000000099999999938 0.00000000099999999938 0.00000000099999999938 0.00000000099999999938 
0.49704272803487820065 0.50295726696512188525 0.00000000099999999981 0.00000000099999999981 0.00000000099999999981 0.00000000099999999981 0.00000000099999999981 
0.44806573857087667045 0.55193425642912341544 0.00000000099999999928 0.00000000099999999928 0.00000000099999999928 0.00000000099999999928 0.00000000099999999928 
0.49854754409261226034 0.50145245090738788107 0.00000000099999999956 0.00000000099999999956 0.00000000099999999956 0.00000000099999999956 0.00000000099999999956 
0.43413947398206437223 0.56586052101793560265 0.00000000099999999933 0.00000000099999999933 0.00000000099999999933 0.00000000099999999933 0.00000000099999999933 
0.48789229701958652941 0.51210769798041344547 0.00000000099999999943 0.00000000099999999943 0.00000000099999999943 0.00000000099999999943 0.00000000099999999943 
0.46120392152457939661 0.53879607347542057827 0.00000000099999999957 0.00000000099999999957 0.00000000099999999957 0.00000000099999999957 0.00000000099999999957 
0.41878124400568855767 0.58121875099431141720 0.00000000099999999960 0.00000000099999999960 0.00000000099999999960 0.00000000099999999960 0.00000000099999999960 
0.44373893660784524684 0.55626105839215478355 0.00000000099999999942 0.00000000099999999942 0.00000000099999999942 0.00000000099999999942 0.00000000099999999942 
0.42570005904511271089 0.57429993595488737501 0.00000000099999999946 0.00000000099999999946 0.00000000099999999946 0.00000000099999999946 0.00000000099999999946 
0.43670906277351845270 0.56329093222648163319 0.00000000099999999964 0.00000000099999999964 0.00000000099999999964 0.00000000099999999964 0.00000000099999999964 
0.45383334011473208669 0.54510536084412564151 0.00000000099999999966 0.00000000099999999966 0.00106129504114242852 0.00000000099999999966 0.00000000099999999966 
0.44135025008921435763 0.55864974491078567276 0.00000000099999999936 0.00000000099999999936 0.00000000099999999936 0.00000000099999999936 0.00000000099999999936 
0.42749258841558857025 0.57250740658441146014 0.00000000099999999964 0.00000000099999999964 0.00000000099999999964 0.00000000099999999964 0.00000000099999999964 
0.46938229564826616791 0.53061769935173386248 0.00000000099999999930 0.00000000099999999930 0.00000000099999999930 0.00000000099999999930 0.00000000099999999930 
0.49054942919670058155 0.50945056580329950435 0.00000000099999999977 0.00000000099999999977 0.00000000099999999977 0.00000000099999999977 0.00000000099999999977 
0.46283868378450848668 0.53547065094925461182 0.00000000099999999970 0.00000000099999999970 0.00169066126623686457 0.00000000099999999970 0.00000000099999999970 
0.48020555810387799411 0.51949443829764696545 0.00000000099999999985 0.00024884042618160748 0.00005116017229359324 0.00000000099999999985 0.00000000099999999985 
0.43365937404571969216 0.56634062095428028272 0.00000000099999999965 0.00000000099999999965 0.00000000099999999965 0.00000000099999999965 0.00000000099999999965 
0.49952787564422002076 0.50047211935578017616 0.00000000099999999978 0.00000000099999999978 0.00000000099999999978 0.00000000099999999978 0.00000000099999999978 
0.38501497655360472638 0.60514313362355587333 0.00000000099999999999 0.00212975974114491340 0.00419606979338757544 0.00349997491391468166 0.00001608437439221607 
0.43773608821434900618 0.55656225414317550548 0.00000000099999999998 0.00024145768692310178 0.00146361234928213835 0.00328902788699687604 0.00070755871927332228 
0.44598224431700650428 0.54974440093752774406 0.00000000099999999998 0.00153061466963458630 0.00066574165198575105 0.00207697737370882412 0.00000002005013683325 
0.46010634371806824472 0.53765104519076933887 0.00224260709116246579 0.00000000099999999989 0.00000000099999999989 0.00000000099999999989 0.00000000099999999989 
0.47011808964573853498 0.52526295838652303782 0.00122733864098928565 0.00000000099999999995 0.00265439922603417791 0.00073721210071483014 0.00000000099999999995 
0.42802763731030579741 0.56665623175330803729 0.00000000099999999991 0.00000000099999999991 0.00174089962573237235 0.00000000099999999991 0.00357522831065390338 
0.00952739669708246341 0.99047259830291756177 0.00000000099999999949 0.00000000099999999949 0.00000000099999999949 0.00000000099999999949 0.00000000099999999949 
0.00000000099999999946 0.99999999400000005867 0.00000000099999999946 0.00000000099999999946 0.00000000099999999946 0.00000000099999999946 0.00000000099999999946 
0.00707418675853590303 0.99292580824146414731 0.00000000099999999966 0.00000000099999999966 0.00000000099999999966 0.00000000099999999966 0.00000000099999999966 
0.00000000099999999989 0.99999999400000005867 0.00000000099999999989 0.00000000099999999989 0.00000000099999999989 0.00000000099999999989 0.00000000099999999989 
0.00000000099999999936 0.99999999400000005867 0.00000000099999999936 0.00000000099999999936 0.00000000099999999936 0.00000000099999999936 0.00000000099999999936 
0.00000000099999999949 0.99999999400000016969 0.00000000099999999949 0.00000000099999999949 0.00000000099999999949 0.00000000099999999949 0.00000000099999999949 
0.00155947020247654885 0.99844052479752354312 0.00000000099999999957 0.00000000099999999957 0.00000000099999999957 0.00000000099999999957 0.00000000099999999957 
0.00598052111558907470 0.99401947388441103115 0.00000000099999999957 0.00000000099999999957 0.00000000099999999957 0.00000000099999999957 0.00000000099999999957 
0.00172493669811735152 0.99827505830188278946 0.00000000099999999947 0.00000000099999999947 0.00000000099999999947 0.00000000099999999947 0.00000000099999999947 
0.00000000099999999979 0.99909086674819513885 0.00000000099999999979 0.00000000099999999979 0.00090912825180495312 0.00000000099999999979 0.00000000099999999979 
0.00000000099999999946 0.99999999400000005867 0.00000000099999999946 0.00000000099999999946 0.00000000099999999946 0.00000000099999999946 0.00000000099999999946 
0.00376186762940933879 0.99623812737059069811 0.00000000099999999935 0.00000000099999999935 0.00000000099999999935 0.00000000099999999935 0.00000000099999999935 
0.00000000099999999945 0.99999999400000016969 0.00000000099999999945 0.00000000099999999945 0.00000000099999999945 0.00000000099999999945 0.00000000099999999945 
0.00136699012666613396 0.99863300487333384048 0.00000000099999999948 0.00000000099999999948 0.00000000099999999948 0.00000000099999999948 0.00000000099999999948 
0.00000000099999999971 0.99880742634937991209 0.00000000099999999971 0.00000000099999999971 0.00119256865062014909 0.00000000099999999971 0.00000000099999999971 
0.03026861506776215224 0.96973137993223790243 0.00000000099999999954 0.00000000099999999954 0.00000000099999999954 0.00000000099999999954 0.00000000099999999954 
0.00374451082000252632 0.99625548417999754136 0.00000000099999999961 0.00000000099999999961 0.00000000099999999961 0.00000000099999999961 0.00000000099999999961 
0.00000000099999999923 0.99999999400000005867 0.00000000099999999923 0.00000000099999999923 0.00000000099999999923 0.00000000099999999923 0.00000000099999999923 
0.01049596054416036296 0.98509265793567224456 0.00000000099999999968 0.00000000099999999968 0.00000000099999999968 0.00000000099999999968 0.00441137752016761142 
0.05154201261660303762 0.94650518283352369497 0.00000000099999999996 0.00172417856711479353 0.00000000099999999996 0.00022862298275844433 0.00000000099999999996 
0.00000000099999999981 0.99999999400000016969 0.00000000099999999981 0.00000000099999999981 0.00000000099999999981 0.00000000099999999981 0.00000000099999999981 
0.04527161795780770132 0.94435662455933333526 0.00000000099999999989 0.00000000099999999989 0.00000000099999999989 0.00000000099999999989 0.01037175348285905054 
0.06398676671288107409 0.93125884263522418216 0.00000000099999999969 0.00000000099999999969 0.00000000099999999969 0.00000000099999999969 0.00475438665189503729 
0.06309382203824656643 0.93330381409224016931 0.00000000099999999995 0.00000000099999999995 0.00000000099999999995 0.00274163346490730129 0.00086072740460601356 
0.00832426676390402714 0.98998784437140252557 0.00000000099999999990 0.00000000099999999990 0.00000003403473442692 0.00001208657965089437 0.00167576625030824264 
0.05875371402831382900 0.93774096509310256309 0.00000000099999999996 0.00000000099999999996 0.00009219881544527466 0.00175503170487735006 0.00165808835826103439 
0.03481442642986419533 0.96127688547701495292 0.00000000099999999996 0.00000000099999999996 0.00065902189758006917 0.00000078249146391662 0.00324888170407672565 
0.02808720576365610760 0.96836851003188850751 0.00000000099999999970 0.00000000099999999970 0.00000000099999999970 0.00000000099999999970 0.00354428020445552707 
0.02291680338650162879 0.97485534619416414071 0.00000000099999999981 0.00000000099999999981 0.00000000099999999981 0.00000000099999999981 0.00222784641933440695 
0.05898175343523609504 0.94101824156476387984 0.00000000099999999980 0.00000000099999999980 0.00000000099999999980 0.00000000099999999980 0.00000000099999999980 
0.03328782122870347499 0.96134780776855666140 0.00000000099999999957 0.00000000099999999957 0.00000000099999999957 0.00000000099999999957 0.00536436700273999322 
0.03816973504701030862 0.95612788839943940733 0.00000000099999999996 0.00000000099999999996 0.00105798013945085584 0.00155557256144236858 0.00308882185265705201 
0.04621640216548231900 0.93962926971998361747 0.00000000099999999970 0.00000000099999999970 0.00000000099999999970 0.00000000099999999970 0.01415432411453409860 
0.02139924020815884426 0.97847416481566584778 0.00000000099999999993 0.00000000099999999993 0.00012659097617527388 0.00000000099999999993 0.00000000099999999993 
0.05958486363687319487 0.94041513136312682164 0.00000000099999999974 0.00000000099999999974 0.00000000099999999974 0.00000000099999999974 0.00000000099999999974 
0.07793540439659599195 0.92206459060340406619 0.00000000099999999956 0.00000000099999999956 0.00000000099999999956 0.00000000099999999956 0.00000000099999999956 
0.04278246096772005125 0.95535657708135623967 0.00000000099999999978 0.00000000099999999978 0.00000000099999999978 0.00000000099999999978 0.00186095795092372984 
0.07440793889067828792 0.91422380591008800543 0.00000000099999999998 0.00000000099999999998 0.00000000099999999998 0.00000000099999999998 0.01136825119923387528 
0.12266380434593218696 0.87296942761082985118 0.00000000099999999999 0.00000000099999999999 0.00000000099999999999 0.00000000099999999999 0.00436676404323817560 
0.17131544355217373510 0.79450835600145586213 0.00000000099999999998 0.00000000099999999998 0.00000000099999999998 0.00000000099999999998 0.03417619644637045345 
0.05948031216118241510 0.93454017347957329953 0.00000000099999999963 0.00000000099999999963 0.00597951035924440544 0.00000000099999999963 0.00000000099999999963 
0.10302112264301545308 0.87273558530675132694 0.00000000099999999998 0.00000000099999999998 0.00000000099999999998 0.00000000099999999998 0.02424328805023319433 
0.22828117753862806061 0.76977318503823866092 0.00000000099999999999 0.00000057207395160848 0.00000000099999999999 0.00000000099999999999 0.00194506234918175773 
0.00648111014448897026 0.99285133958984894686 0.00000000099999999988 0.00000000099999999988 0.00066754626566217453 0.00000000099999999988 0.00000000099999999988 
0.00307461956210415728 0.98294512751430485054 0.00000000099999999999 0.00000000099999999999 0.00913866843489262275 0.00000000099999999999 0.00484158148869845775 
0.03450066208359127418 0.94968213147820979003 0.00000000099999999983 0.00000000099999999983 0.01581720243819899688 0.00000000099999999983 0.00000000099999999983 
0.01916732103957252686 0.97909404714934811231 0.00000000099999999990 0.00000000099999999990 0.00173862781107948631 0.00000000099999999990 0.00000000099999999990 
0.01744963577812925701 0.97427220789954915858 0.00000000099999999967 0.00000000099999999967 0.00827815232232177907 0.00000000099999999967 0.00000000099999999967 
0.02140523751345160472 0.97641254943590449766 0.00000000099999999990 0.00000000099999999990 0.00218220905064388758 0.00000000099999999990 0.00000000099999999990 
0.03913297830194769483 0.96086701669805241188 0.00000000099999999931 0.00000000099999999931 0.00000000099999999931 0.00000000099999999931 0.00000000099999999931 
0.00645845359714196203 0.99354154140285810826 0.00000000099999999957 0.00000000099999999957 0.00000000099999999957 0.00000000099999999957 0.00000000099999999957 
0.24861478728608543687 0.74989806974654649174 0.00000000099999999993 0.00053490035581174513 0.00000000099999999993 0.00095223961155628989 0.00000000099999999993 
0.22202254328418150053 0.77637968080662711490 0.00000000099999999980 0.00034458966629128329 0.00125318324290006958 0.00000000099999999980 0.00000000099999999980 
0.10906168594242356129 0.55576734849547926309 0.00000000099999999994 0.09413939551389381710 0.00000000099999999994 0.24103156704820344336 0.00000000099999999994 
0.27421967658427426340 0.71534974947203999740 0.00000000099999999989 0.00510790424697658320 0.00532266669670916712 0.00000000099999999989 0.00000000099999999989 
0.24603223039218508061 0.74562339321421233773 0.00000000099999999989 0.00591804723910357034 0.00242632615449904021 0.00000000099999999989 0.00000000099999999989 
0.10046049771367950021 0.53919293941576862395 0.00000000099999999993 0.10057960300616110294 0.00000000099999999993 0.25976695686439083000 0.00000000099999999993 
0.16735774530931890602 0.54748901035880781496 0.00000000099999999993 0.08591302271114675815 0.00000000099999999993 0.19924021862072657796 0.00000000099999999993 
0.11168418247481010086 0.60698019505165456966 0.00000000099999999994 0.06939628220044166684 0.00000000099999999994 0.21193933727309360870 0.00000000099999999994 
0.15229051716600372490 0.60913999772545535105 0.00000000099999999998 0.00000070847226644728 0.00319386390911044135 0.23537491072716418272 0.00000000099999999998 
0.17334583857607216428 0.58599337636292236908 0.00000000099999999998 0.02473097263734654744 0.00132301128909502073 0.21460679913456387480 0.00000000099999999998 
0.24221184414111568417 0.75778815085888429071 0.00000000099999999980 0.00000000099999999980 0.00000000099999999980 0.00000000099999999980 0.00000000099999999980 
0.13198543620462813153 0.58768216963400199404 0.00000000099999999997 0.00000000099999999997 0.00001615715387275393 0.28031623400749700048 0.00000000099999999997 
0.23114944631278225295 0.75387693817226020254 0.00000000099999999993 0.00547308287469472615 0.00673589993655836650 0.00276463070370450191 0.00000000099999999993 
0.14710816937255066783 0.51724389042201734945 0.00000000099999999995 0.06689086436810122438 0.00017794957128080920 0.26857912426604990674 0.00000000099999999995 
0.25890616223320561673 0.73830542656508457711 0.00000000099999999972 0.00000000099999999972 0.00278840720170969768 0.00000000099999999972 0.00000000099999999972 
0.27080983114987183802 0.72919016385012813686 0.00000000099999999967 0.00000000099999999967 0.00000000099999999967 0.00000000099999999967 0.00000000099999999967 
0.15834255815883202523 0.53864786729268498977 0.00000000099999999998 0.00000000099999999998 0.00741744502839185044 0.29559212652009120292 0.00000000099999999998 
0.22484174014899291350 0.77421025848875102415 0.00000000099999999981 0.00051048582276425525 0.00043751253949189298 0.00000000099999999981 0.00000000099999999981 
0.25724743226875840252 0.73855436249772365986 0.00000000099999999988 0.00402055621174424432 0.00000000099999999988 0.00017764602177375443 0.00000000099999999988 
0.11589359207051258549 0.87552067153839863156 0.00000000099999999995 0.00000000099999999995 0.00000000099999999995 0.00000000099999999995 0.00858573239108886138 
0.02084953831724212572 0.87524454349235492057 0.00000000099999999998 0.00000000099999999998 0.00000000099999999998 0.00000000099999999998 0.10390591419040301480 
0.07147391068032356298 0.92008415798755993631 0.00000000099999999992 0.00000000099999999992 0.00000000099999999992 0.00000000099999999992 0.00844192733211662598 
0.00033934180856798021 0.99441906781568489837 0.00000000099999999980 0.00000000099999999980 0.00000000099999999980 0.00000000099999999980 0.00524158637574717763 
0.01916384818080929878 0.92472205544871399763 0.05611409237047673693 0.00000000099999999959 0.00000000099999999959 0.00000000099999999959 0.00000000099999999959 
0.00000000099999999951 0.99999999400000016969 0.00000000099999999951 0.00000000099999999951 0.00000000099999999951 0.00000000099999999951 0.00000000099999999951 
0.00000000099999999959 0.99726258416282542729 0.00000000099999999959 0.00000000099999999959 0.00000000099999999959 0.00000000099999999959 0.00273741083717468810 
0.00000000099999999999 0.85308578804703116827 0.00000000099999999999 0.00000000099999999999 0.00414286141086273475 0.12786942688213179253 0.01490192065997423924 
0.00000000099999999951 0.99507996524584862996 0.00000000099999999951 0.00000000099999999951 0.00000000099999999951 0.00000000099999999951 0.00492002975415153400 
0.00000000099999999955 0.99574769291990616882 0.00000000099999999955 0.00000000099999999955 0.00000000099999999955 0.00000000099999999955 0.00425230208009397259 
0.00000000099999999898 0.99999999400000005867 0.00000000099999999898 0.00000000099999999898 0.00000000099999999898 0.00000000099999999898 0.00000000099999999898 
0.00073199065869902617 0.99926800434130114148 0.00000000099999999932 0.00000000099999999932 0.00000000099999999932 0.00000000099999999932 0.00000000099999999932 
0.00112894176366145705 0.99887105323633862408 0.00000000099999999931 0.00000000099999999931 0.00000000099999999931 0.00000000099999999931 0.00000000099999999931 
0.00000000099999999941 0.99999999400000005867 0.00000000099999999941 0.00000000099999999941 0.00000000099999999941 0.00000000099999999941 0.00000000099999999941 
0.00000000099999999919 0.99999999400000005867 0.00000000099999999919 0.00000000099999999919 0.00000000099999999919 0.00000000099999999919 0.00000000099999999919 
0.00827682393897370694 0.99172317106102625406 0.00000000099999999950 0.00000000099999999950 0.00000000099999999950 0.00000000099999999950 0.00000000099999999950 
0.00299256006267901086 0.99700743493732102429 0.00000000099999999975 0.00000000099999999975 0.00000000099999999975 0.00000000099999999975 0.00000000099999999975 
0.00000000099999999938 0.99999999400000005867 0.00000000099999999938 0.00000000099999999938 0.00000000099999999938 0.00000000099999999938 0.00000000099999999938 
0.00000000099999999984 0.98898578007876392082 0.00000000099999999984 0.00000000099999999984 0.00000000099999999984 0.00000000099999999984 0.01101421492123613559 
0.03310673315703799302 0.96650311603173710839 0.00000000099999999981 0.00000000099999999981 0.00039014681122495219 0.00000000099999999981 0.00000000099999999981 
0.00638964067579876182 0.99361035432420119484 0.00000000099999999958 0.00000000099999999958 0.00000000099999999958 0.00000000099999999958 0.00000000099999999958 
0.00634198511228285279 0.99278458371878330890 0.00000000099999999983 0.00087342716893385364 0.00000000099999999983 0.00000000099999999983 0.00000000099999999983 
0.00000000099999999929 0.99999999400000005867 0.00000000099999999929 0.00000000099999999929 0.00000000099999999929 0.00000000099999999929 0.00000000099999999929 
0.00000000099999999956 0.99999999400000016969 0.00000000099999999956 0.00000000099999999956 0.00000000099999999956 0.00000000099999999956 0.00000000099999999956 
0.00723611408319620002 0.99135316852521415676 0.00000000099999999985 0.00000000099999999985 0.00000000099999999985 0.00000000099999999985 0.00141071339158982769 
0.03682976371810675609 0.95393786291793758458 0.00000000099999999988 0.00000000099999999988 0.00000000099999999988 0.00000000099999999988 0.00923236936395584011 
0.00942350915179329673 0.99057648584820690019 0.00000000099999999963 0.00000000099999999963 0.00000000099999999963 0.00000000099999999963 0.00000000099999999963 
0.00655593192815428355 0.99344406307184573990 0.00000000099999999960 0.00000000099999999960 0.00000000099999999960 0.00000000099999999960 0.00000000099999999960 
0.00000000099999999917 0.99999999400000016969 0.00000000099999999917 0.00000000099999999917 0.00000000099999999917 0.00000000099999999917 0.00000000099999999917 
0.00449686714647728331 0.99550312785352290668 0.00000000099999999953 0.00000000099999999953 0.00000000099999999953 0.00000000099999999953 0.00000000099999999953 
0.02353696404558219477 0.97646303095441788766 0.00000000099999999953 0.00000000099999999953 0.00000000099999999953 0.00000000099999999953 0.00000000099999999953 
0.00706811652973793510 0.99293187847026220805 0.00000000099999999971 0.00000000099999999971 0.00000000099999999971 0.00000000099999999971 0.00000000099999999971 
0.07533535158596049719 0.92261095075956056633 0.00000000099999999992 0.00000000099999999992 0.00205369365447910079 0.00000000099999999992 0.00000000099999999992 
0.01164311528832027640 0.98416059941838562874 0.00000000099999999979 0.00000000099999999979 0.00000000099999999979 0.00000000099999999979 0.00419628129329412212 
0.00000000099999999977 0.99711261152664332208 0.00000000099999999977 0.00000000099999999977 0.00000000099999999977 0.00000000099999999977 0.00288738347335677032 
0.05327328820217641647 0.94411009250478172827 0.00000000099999999980 0.00000000099999999980 0.00000000099999999980 0.00000000099999999980 0.00261661529304202866 
0.00000000099999999978 0.99796449480415305722 0.00000000099999999978 0.00000000099999999978 0.00203550019584707812 0.00000000099999999978 0.00000000099999999978 
0.00000000099999999975 0.98965678741833795762 0.00000000099999999975 0.00000000099999999975 0.00000000099999999975 0.00000000099999999975 0.01034320758166232083 
0.00000000099999999994 0.99791742587607645820 0.00000000099999999994 0.00000000099999999994 0.00000000099999999994 0.00208256912392371357 0.00000000099999999994 
0.01139874982676647268 0.97358136520801652480 0.00006951921306367666 0.00174647144479840588 0.00749548393200904269 0.00535915269116183073 0.00034925768418406900 
0.00000000854738781615 0.99234204646072421419 0.00000000099999999994 0.00000000099999999994 0.00000000099999999994 0.00533830333232869665 0.00231963865955938124 
0.00000000099999999981 0.99503630262619668922 0.00000000099999999981 0.00000000099999999981 0.00000000099999999981 0.00000000099999999981 0.00496369237380333162 
0.01139068622151763292 0.98860930877848229859 0.00000000099999999971 0.00000000099999999971 0.00000000099999999971 0.00000000099999999971 0.00000000099999999971 
0.00467186192162560420 0.99532813307837442185 0.00000000099999999975 0.00000000099999999975 0.00000000099999999975 0.00000000099999999975 0.00000000099999999975 
0.03140294824834680837 0.96859704675165325671 0.00000000099999999966 0.00000000099999999966 0.00000000099999999966 0.00000000099999999966 0.00000000099999999966 
0.00227016217307325283 0.99241225433056068361 0.00000000099999999986 0.00281539884122432565 0.00250218165514185398 0.00000000099999999986 0.00000000099999999986 
0.00000000099999999961 0.99999999400000005867 0.00000000099999999961 0.00000000099999999961 0.00000000099999999961 0.00000000099999999961 0.00000000099999999961 
0.00000504855675498984 0.99486150909450488111 0.00000000099999999987 0.00432972333770241177 0.00080371601103768249 0.00000000099999999987 0.00000000099999999987 
0.13666789192884618021 0.86022109947869807023 0.00000000099999999996 0.00000000099999999996 0.00311100459245580024 0.00000000099999999996 0.00000000099999999996 
0.07062169876816028202 0.92937829623183976224 0.00000000099999999967 0.00000000099999999967 0.00000000099999999967 0.00000000099999999967 0.00000000099999999967 
0.00034922382570810775 0.99617499986143998036 0.00000000099999999989 0.00000000099999999989 0.00000000099999999989 0.00000000099999999989 0.00347577231285198761 
0.00000000099999999991 0.99999999400000016969 0.00000000099999999991 0.00000000099999999991 0.00000000099999999991 0.00000000099999999991 0.00000000099999999991 
0.00000000099999999993 0.99732072099108426411 0.00000000099999999993 0.00000000099999999993 0.00267927400891583394 0.00000000099999999993 0.00000000099999999993 
