0.00000000099999999848 0.00000000099999999848 0.00000000099999999848 0.00000000099999999848 0.99999999299999986491 0.00000000099999999848 0.00000000099999999848 0.00000000099999999848 
0.00000000099999999855 0.00000000099999999855 0.00000000099999999855 0.00000000099999999855 0.99999999299999997593 0.00000000099999999855 0.00000000099999999855 0.00000000099999999855 
0.00000000099999999852 0.00000000099999999852 0.00000000099999999852 0.00000000099999999852 0.99999999299999986491 0.00000000099999999852 0.00000000099999999852 0.00000000099999999852 
0.00000000099999999855 0.00000000099999999855 0.00000000099999999855 0.00000000099999999855 0.99999999299999997593 0.00000000099999999855 0.00000000099999999855 0.00000000099999999855 
0.00000000099999999860 0.00000000099999999860 0.00000000099999999860 0.00000000099999999860 0.99999999299999986491 0.00000000099999999860 0.00000000099999999860 0.00000000099999999860 
0.00000000099999999860 0.00000000099999999860 0.00000000099999999860 0.00000000099999999860 0.99999999299999986491 0.00000000099999999860 0.00000000099999999860 0.00000000099999999860 
0.00000000099999999851 0.00000000099999999851 0.00000000099999999851 0.00000000099999999851 0.99999999299999997593 0.00000000099999999851 0.00000000099999999851 0.00000000099999999851 
0.00000000099999999863 0.00000000099999999863 0.00000000099999999863 0.00000000099999999863 0.99999999299999986491 0.00000000099999999863 0.00000000099999999863 0.00000000099999999863 
0.00000000099999999855 0.00000000099999999855 0.00000000099999999855 0.00000000099999999855 0.99999999299999997593 0.00000000099999999855 0.00000000099999999855 0.00000000099999999855 
0.00000000099999999863 0.00000000099999999863 0.00000000099999999863 0.00000000099999999863 0.99999999299999986491 0.00000000099999999863 0.00000000099999999863 0.00000000099999999863 
0.00000000099999999858 0.00000000099999999858 0.00000000099999999858 0.00000000099999999858 0.99999999299999986491 0.00000000099999999858 0.00000000099999999858 0.00000000099999999858 
0.00000000099999999884 0.00000000099999999884 0.00000000099999999884 0.00000000099999999884 0.99999999299999986491 0.00000000099999999884 0.00000000099999999884 0.00000000099999999884 
0.00000000099999999857 0.00000000099999999857 0.00000000099999999857 0.00000000099999999857 0.99999999299999997593 0.00000000099999999857 0.00000000099999999857 0.00000000099999999857 
0.00000000099999999854 0.00000000099999999854 0.00000000099999999854 0.00000000099999999854 0.99999999299999986491 0.00000000099999999854 0.00000000099999999854 0.00000000099999999854 
0.00000000099999999856 0.00000000099999999856 0.00000000099999999856 0.00000000099999999856 0.99999999299999986491 0.00000000099999999856 0.00000000099999999856 0.00000000099999999856 
0.00000000099999999857 0.00000000099999999857 0.00000000099999999857 0.00000000099999999857 0.99999999299999986491 0.00000000099999999857 0.00000000099999999857 0.00000000099999999857 
0.00000000099999999856 0.00000000099999999856 0.00000000099999999856 0.00000000099999999856 0.99999999299999986491 0.00000000099999999856 0.00000000099999999856 0.00000000099999999856 
0.00000000099999999866 0.00000000099999999866 0.00000000099999999866 0.00000000099999999866 0.99999999299999986491 0.00000000099999999866 0.00000000099999999866 0.00000000099999999866 
0.00000000099999999869 0.00000000099999999869 0.00000000099999999869 0.00000000099999999869 0.99999999299999986491 0.00000000099999999869 0.00000000099999999869 0.00000000099999999869 
0.00000000099999999866 0.00000000099999999866 0.00000000099999999866 0.00000000099999999866 0.99999999299999986491 0.00000000099999999866 0.00000000099999999866 0.00000000099999999866 
0.00000000099999999860 0.00000000099999999860 0.00000000099999999860 0.00000000099999999860 0.99999999299999986491 0.00000000099999999860 0.00000000099999999860 0.00000000099999999860 
0.00000000099999999863 0.00000000099999999863 0.00000000099999999863 0.00000000099999999863 0.99999999299999986491 0.00000000099999999863 0.00000000099999999863 0.00000000099999999863 
0.00000000099999999861 0.00000000099999999861 0.00000000099999999861 0.00000000099999999861 0.99999999299999986491 0.00000000099999999861 0.00000000099999999861 0.00000000099999999861 
0.00000000099999999862 0.00000000099999999862 0.00000000099999999862 0.00000000099999999862 0.99999999299999997593 0.00000000099999999862 0.00000000099999999862 0.00000000099999999862 
0.00000000099999999901 0.00000000099999999901 0.00000000099999999901 0.00000000099999999901 0.99999999300000008695 0.00000000099999999901 0.00000000099999999901 0.00000000099999999901 
0.00000000099999999859 0.00000000099999999859 0.00000000099999999859 0.00000000099999999859 0.99999999299999997593 0.00000000099999999859 0.00000000099999999859 0.00000000099999999859 
0.00000000099999999865 0.00000000099999999865 0.00000000099999999865 0.00000000099999999865 0.99999999299999997593 0.00000000099999999865 0.00000000099999999865 0.00000000099999999865 
0.00000000099999999866 0.00000000099999999866 0.00000000099999999866 0.00000000099999999866 0.99999999299999997593 0.00000000099999999866 0.00000000099999999866 0.00000000099999999866 
0.00000000099999999868 0.00000000099999999868 0.00000000099999999868 0.00000000099999999868 0.99999999299999997593 0.00000000099999999868 0.00000000099999999868 0.00000000099999999868 
0.00000000099999999864 0.00000000099999999864 0.00000000099999999864 0.00000000099999999864 0.99999999299999986491 0.00000000099999999864 0.00000000099999999864 0.00000000099999999864 
0.00000000099999999885 0.00000000099999999885 0.00000000099999999885 0.00000000099999999885 0.99999999299999997593 0.00000000099999999885 0.00000000099999999885 0.00000000099999999885 
0.00000000099999999904 0.00000000099999999904 0.00000000099999999904 0.00000000099999999904 0.99999999300000008695 0.00000000099999999904 0.00000000099999999904 0.00000000099999999904 
0.00000000099999999878 0.00000000099999999878 0.00000000099999999878 0.00000000099999999878 0.99999999299999997593 0.00000000099999999878 0.00000000099999999878 0.00000000099999999878 
0.00000000099999999895 0.00000000099999999895 0.00000000099999999895 0.00000000099999999895 0.99999999299999986491 0.00000000099999999895 0.00000000099999999895 0.00000000099999999895 
0.00000000099999999876 0.00000000099999999876 0.00000000099999999876 0.00000000099999999876 0.99999999299999997593 0.00000000099999999876 0.00000000099999999876 0.00000000099999999876 
0.00000000099999999890 0.00000000099999999890 0.00000000099999999890 0.00000000099999999890 0.99999999299999997593 0.00000000099999999890 0.00000000099999999890 0.00000000099999999890 
0.00000000099999999881 0.00000000099999999881 0.00000000099999999881 0.00000000099999999881 0.99999999299999997593 0.00000000099999999881 0.00000000099999999881 0.00000000099999999881 
0.00000000099999999883 0.00000000099999999883 0.00000000099999999883 0.00000000099999999883 0.99999999299999997593 0.00000000099999999883 0.00000000099999999883 0.00000000099999999883 
0.00000000099999999886 0.00000000099999999886 0.00000000099999999886 0.00000000099999999886 0.99999999299999997593 0.00000000099999999886 0.00000000099999999886 0.00000000099999999886 
0.00000000099999999910 0.00000000099999999910 0.00000000099999999910 0.00000000099999999910 0.99999999300000008695 0.00000000099999999910 0.00000000099999999910 0.00000000099999999910 
0.00000000099999999879 0.00000000099999999879 0.00000000099999999879 0.00000000099999999879 0.99999999299999986491 0.00000000099999999879 0.00000000099999999879 0.00000000099999999879 
0.00000000099999999896 0.00000000099999999896 0.00000000099999999896 0.00000000099999999896 0.99999999299999997593 0.00000000099999999896 0.00000000099999999896 0.00000000099999999896 
0.00000000099999999884 0.00000000099999999884 0.00000000099999999884 0.00000000099999999884 0.99999999299999997593 0.00000000099999999884 0.00000000099999999884 0.00000000099999999884 
0.00000000099999999882 0.00000000099999999882 0.00000000099999999882 0.00000000099999999882 0.99999999299999997593 0.00000000099999999882 0.00000000099999999882 0.00000000099999999882 
0.00000000099999999894 0.00000000099999999894 0.00000000099999999894 0.00000000099999999894 0.99999999299999997593 0.00000000099999999894 0.00000000099999999894 0.00000000099999999894 
0.00000000099999999884 0.00000000099999999884 0.00000000099999999884 0.00000000099999999884 0.99999999299999997593 0.00000000099999999884 0.00000000099999999884 0.00000000099999999884 
0.00000000099999999890 0.00000000099999999890 0.00000000099999999890 0.00000000099999999890 0.99999999299999986491 0.00000000099999999890 0.00000000099999999890 0.00000000099999999890 
0.00000000099999999913 0.00000000099999999913 0.00000000099999999913 0.00000000099999999913 0.99999999300000008695 0.00000000099999999913 0.00000000099999999913 0.00000000099999999913 
0.00000000099999999917 0.00000000099999999917 0.00000000099999999917 0.00000000099999999917 0.99999999299999997593 0.00000000099999999917 0.00000000099999999917 0.00000000099999999917 
0.00000000099999999928 0.00000000099999999928 0.00000000099999999928 0.00000000099999999928 0.99999999299999997593 0.00000000099999999928 0.00000000099999999928 0.00000000099999999928 
0.00000000099999999958 0.00000000099999999958 0.00000000099999999958 0.00000000099999999958 0.99999999299999997593 0.00000000099999999958 0.00000000099999999958 0.00000000099999999958 
0.00000000099999999941 0.00000000099999999941 0.88934344122018005319 0.00000000099999999941 0.00000000099999999941 0.00000000099999999941 0.11065655277981994997 0.00000000099999999941 
0.00000000099999999924 0.00000000099999999924 0.84277814410315943228 0.00000000099999999924 0.00000000099999999924 0.00000000099999999924 0.15722184989684048761 0.00000000099999999924 
0.00000000099999999964 0.00000000099999999964 0.83302683368370566974 0.00000000099999999964 0.00000000099999999964 0.00000000099999999964 0.16697316031629438893 0.00000000099999999964 
0.00000000099999999903 0.00000000099999999903 0.88294338954825235533 0.00000000099999999903 0.00000000099999999903 0.00000000099999999903 0.11705660445174766171 0.00000000099999999903 
0.00000000099999999911 0.00000000099999999911 0.92280407729962976582 0.00000000099999999911 0.00000000099999999911 0.00000000099999999911 0.07719591670037029285 0.00000000099999999911 
0.00000000099999999895 0.00000000099999999895 0.89464701381140820935 0.00000000099999999895 0.00000000099999999895 0.00000000099999999895 0.10535298018859171054 0.00000000099999999895 
0.00000000099999999932 0.00000000099999999932 0.89377588357243575867 0.00000000099999999932 0.00000000099999999932 0.00000000099999999932 0.10622411042756431387 0.00000000099999999932 
0.00000000099999999904 0.00000000099999999904 0.90363170460022101960 0.00000000099999999904 0.00000000099999999904 0.00000000099999999904 0.09636828939977899744 0.00000000099999999904 
0.00000000099999999926 0.00000000099999999926 0.88649145043246457831 0.00000000099999999926 0.00000000099999999926 0.00000000099999999926 0.11350854356753539709 0.00000000099999999926 
0.00000000099999999988 0.00500962243725481832 0.89265192922096248118 0.00000000099999999988 0.00000000099999999988 0.00000000099999999988 0.10233844334178265889 0.00000000099999999988 
0.00000000099999999912 0.00000000099999999912 0.89013659096538289006 0.00000000099999999912 0.00000000099999999912 0.00000000099999999912 0.10986340303461715473 0.00000000099999999912 
0.00000000099999999912 0.00000000099999999912 0.87286900977089554310 0.00000000099999999912 0.00000000099999999912 0.00000000099999999912 0.12713098422910446006 0.00000000099999999912 
0.00000000099999999986 0.00513140246166534763 0.87193221222123429293 0.00000000099999999986 0.00000000099999999986 0.00000000099999999986 0.12293638031710041325 0.00000000099999999986 
0.00000000099999999927 0.00000000099999999927 0.89458070638630526883 0.00000000099999999927 0.00000000099999999927 0.00000000099999999927 0.10541928761369472045 0.00000000099999999927 
0.00000000099999999960 0.00000000099999999960 0.90847898176244357149 0.00000000099999999960 0.00000000099999999960 0.00000000099999999960 0.09152101223755645942 0.00000000099999999960 
0.00000000099999999898 0.00000000099999999898 0.91545151171470318108 0.00000000099999999898 0.00000000099999999898 0.00000000099999999898 0.08454848228529671106 0.00000000099999999898 
0.00000000099999999943 0.00000000099999999943 0.77871745611891929340 0.00000000099999999943 0.00000000099999999943 0.00000000099999999943 0.21343704284052697484 0.00784549604055384889 
0.00000000099999999965 0.00000000099999999965 0.82407171174467142016 0.00000000099999999965 0.00000000099999999965 0.00000000099999999965 0.17592828225532872177 0.00000000099999999965 
0.00000000099999999920 0.00000000099999999920 0.88487214540707248567 0.00000000099999999920 0.00000000099999999920 0.00000000099999999920 0.11512784859292755912 0.00000000099999999920 
0.00000000099999999920 0.00000000099999999920 0.88499395184789297897 0.00000000099999999920 0.00000000099999999920 0.00000000099999999920 0.11500604215210696868 0.00000000099999999920 
0.00000000099999999923 0.00000000099999999923 0.85340682383213950501 0.00000000099999999923 0.00000000099999999923 0.00000000099999999923 0.13800610082588130045 0.00858707034197912777 
0.00000000099999999898 0.00000000099999999898 0.86601876056795301650 0.00000000099999999898 0.00000000099999999898 0.00000000099999999898 0.13398123343204709768 0.00000000099999999898 
0.00000000099999999925 0.00000000099999999925 0.88362962793769894709 0.00000000099999999925 0.00000000099999999925 0.00000000099999999925 0.11637036606230091729 0.00000000099999999925 
0.00000000099999999924 0.00000000099999999924 0.82894994528120025112 0.00000000099999999924 0.00000000099999999924 0.00000000099999999924 0.17105004871879969652 0.00000000099999999924 
0.00000000099999999954 0.00000000099999999954 0.82481809740262945763 0.00000000099999999954 0.00000000099999999954 0.00000000099999999954 0.17518189659737046227 0.00000000099999999954 
0.00000000099999999911 0.00000000099999999911 0.89089014117856213382 0.00000000099999999911 0.00000000099999999911 0.00000000099999999911 0.10910985282143781383 0.00000000099999999911 
0.00000000099999999931 0.00000000099999999931 0.83577360058283423072 0.00000000099999999931 0.00000000099999999931 0.00000000099999999931 0.16422639341716568917 0.00000000099999999931 
0.00000000099999999992 0.00148987713198911790 0.81390191326883087886 0.00320374928167894979 0.00000032493346390374 0.00000000099999999992 0.18140413238403713114 0.00000000099999999992 
0.00000000099999999963 0.00000000099999999963 0.88994292672457819826 0.00000000099999999963 0.00000000099999999963 0.00000000099999999963 0.11005706727542190204 0.00000000099999999963 
0.00000000099999999932 0.00000000099999999932 0.84678822763259076201 0.00000000099999999932 0.00000000099999999932 0.00000000099999999932 0.15321176636740932442 0.00000000099999999932 
0.00000000099999999912 0.00000000099999999912 0.90132602456943489155 0.00000000099999999912 0.00000000099999999912 0.00000000099999999912 0.09867396943056508385 0.00000000099999999912 
0.00349015109391099696 0.00000000099999999988 0.89133030118838885159 0.00000000099999999988 0.00000000832708971361 0.00000000099999999988 0.10517953539061057622 0.00000000099999999988 
0.00000000099999999960 0.00000000099999999960 0.75887332486543845889 0.00000000099999999960 0.00000000099999999960 0.00000000099999999960 0.24112666913456159978 0.00000000099999999960 
0.00000000099999999954 0.00000000099999999954 0.82378386622572796760 0.00000000099999999954 0.00000000099999999954 0.00000000099999999954 0.17621612777427206331 0.00000000099999999954 
0.00000000099999999942 0.00000000099999999942 0.80798431001062509527 0.00000000099999999942 0.00000000099999999942 0.00000000099999999942 0.19201563157810083715 0.00000005341127410877 
0.00000000099999999954 0.00000000099999999954 0.87427456571803396912 0.00000000099999999954 0.00000000099999999954 0.00000000099999999954 0.12572542551611826100 0.00000000376584784937 
0.00000000099999999940 0.00000000099999999940 0.81029334592339696819 0.00000000099999999940 0.00000000099999999940 0.00000000099999999940 0.18970664807660306272 0.00000000099999999940 
0.00000000099999999942 0.00000000099999999942 0.81197930400149120889 0.00000000099999999942 0.00000000099999999942 0.00000000099999999942 0.18802068999850876652 0.00000000099999999942 
0.00000000099999999949 0.00000000099999999949 0.75814531600662893318 0.00000000099999999949 0.00000000099999999949 0.00000000099999999949 0.23649836532820275870 0.00535631366516834285 
0.00000000099999999983 0.00000000099999999983 0.90929471181826471149 0.00000000099999999983 0.00000000099999999983 0.00000000099999999983 0.09059456904691341739 0.00011071413482191462 
0.00000000099999999952 0.00000000099999999952 0.89889414824410185378 0.00000000099999999952 0.00000000099999999952 0.00000000099999999952 0.10110584575589805223 0.00000000099999999952 
0.00000000099999999980 0.00000000099999999980 0.83752963458913065597 0.00000000099999999980 0.00000000099999999980 0.00000000099999999980 0.10808302516544654459 0.05438733524542284370 
0.00000000099999999938 0.00000000099999999938 0.87524330683410145326 0.00000000099999999938 0.00000000099999999938 0.00000000099999999938 0.12475668716589864704 0.00000000099999999938 
0.00000000099999999923 0.00000000099999999923 0.82044423984448933140 0.00000000099999999923 0.00000000099999999923 0.00000000099999999923 0.17955575259489373052 0.00000000256061704102 
0.00000000099999999922 0.00000000099999999922 0.79058654528678029560 0.00000000099999999922 0.00000000099999999922 0.00000000099999999922 0.20941344871321979082 0.00000000099999999922 
0.00000000099999999926 0.00000000099999999926 0.82293035705500350296 0.00000000099999999926 0.00000000099999999926 0.00000000099999999926 0.17706963694499650019 0.00000000099999999926 
0.00000000099999999927 0.00000000099999999927 0.84748083098257953605 0.00000000099999999927 0.00000000099999999927 0.00000000099999999927 0.15251916301742038384 0.00000000099999999927 
0.00000000099999999965 0.00000000099999999965 0.81220801985712287596 0.00000000099999999965 0.00000000099999999965 0.00000000099999999965 0.18779197414287698842 0.00000000099999999965 
0.00000000099999999925 0.00000000099999999925 0.85547342239653378915 0.00000000099999999925 0.00000000099999999925 0.00000000099999999925 0.14452657160346626952 0.00000000099999999925 
0.00000000099999999943 0.00000000099999999943 0.78843535405667364291 0.00000000099999999943 0.00000000099999999943 0.00000000099999999943 0.21156463994332641576 0.00000000099999999943 
0.00000000099999999924 0.00000000099999999924 0.82418892013141020758 0.00000000099999999924 0.00000000099999999924 0.00000000099999999924 0.15209533415496132025 0.02371574071362846786 
0.00000000099999999936 0.00000000099999999936 0.80379497156616752651 0.00000000099999999936 0.00000000099999999936 0.00000000099999999936 0.19620502243383250440 0.00000000099999999936 
0.00000000099999999946 0.00000000099999999946 0.90263402475886578280 0.00000000099999999946 0.00000000099999999946 0.00000000099999999946 0.09736596924113427587 0.00000000099999999946 
0.00000000099999999950 0.00000000099999999950 0.89536331564844473530 0.00000000099999999950 0.00000000099999999950 0.00000000099999999950 0.10463667780547795949 0.00000000154607741553 
0.00000000099999999931 0.00000000099999999931 0.85498222517026256639 0.00000000099999999931 0.00000000099999999931 0.00000000099999999931 0.14501776802399687916 0.00000000180574064760 
0.00000000099999999937 0.00000000099999999937 0.86107062728765981774 0.00000000099999999937 0.00000000099999999937 0.00000000099999999937 0.13886293193057053230 0.00006643578176962189 
0.00000000099999999952 0.00000000099999999952 0.84364325507291759720 0.00000000099999999952 0.00000000099999999952 0.00000000099999999952 0.15544487215640134803 0.00091186777068093955 
0.00000000099999999954 0.00000000099999999954 0.86910440362422192173 0.00000000099999999954 0.00000000099999999954 0.00000000099999999954 0.12434641965529842633 0.00654917172047969967 
0.00000000099999999924 0.00000000099999999924 0.91265836115211884660 0.00000000099999999924 0.00000000099999999924 0.00000000099999999924 0.08698733100413384711 0.00035430284374750136 
0.00000000099999999950 0.00000000099999999950 0.92138868798471218469 0.00000000099999999950 0.00000000099999999950 0.00000000099999999950 0.07861130601528790174 0.00000000099999999950 
0.00000000099999999924 0.00000000099999999924 0.86192303315683549414 0.00000000099999999924 0.00000000099999999924 0.00000000099999999924 0.13807696084316448126 0.00000000099999999924 
0.00000000099999999966 0.00000000099999999966 0.85714139315401516317 0.00000000099999999966 0.00000000099999999966 0.00000000099999999966 0.14285860084598495101 0.00000000099999999966 
0.00000000099999999955 0.00000000099999999955 0.88837940036397411436 0.00000000099999999955 0.00000000099999999955 0.00000000099999999955 0.11162059363602587492 0.00000000099999999955 
0.00000000099999999966 0.00000000099999999966 0.89443918572761094143 0.00000000099999999966 0.00000000099999999966 0.00000000099999999966 0.10556080827238900621 0.00000000099999999966 
0.00000000099999999944 0.00000000099999999944 0.87395563877247739448 0.00000000099999999944 0.00000000099999999944 0.00000000099999999944 0.12604287802370431337 0.00000147820381819962 
0.00000000099999999976 0.00000000099999999976 0.85342903784460066863 0.00000000099999999976 0.00000000099999999976 0.00000000099999999976 0.14657095615539941780 0.00000000099999999976 
0.00000000099999999996 0.00569718834572948557 0.85239404361049397885 0.00000000099999999996 0.00337972686320965002 0.00000000099999999996 0.09746334567144455951 0.04106569250912245339 
0.00000000099999999996 0.00438817673968118147 0.84453484039272863626 0.00000000099999999996 0.00061486762033868142 0.00000000099999999996 0.15046211124725164532 0.00000000099999999996 
0.00000000099999999996 0.00419496982194976758 0.83628197187038011418 0.00000000099999999996 0.00091166221140870146 0.00000000324807058487 0.15828817733075686847 0.00032321351743400594 
0.00216014831396085794 0.00000000099999999986 0.86889514535647605076 0.00000000099999999986 0.00000000099999999986 0.00000000099999999986 0.12894470132956309394 0.00000000099999999986 
0.00000000099999999999 0.00000011549275780788 0.80530821405779029476 0.00000000099999999999 0.00406899330826578955 0.00025500562864677888 0.18057498562988072432 0.00979268388265859373 
0.00000000099999999988 0.00288232045847821271 0.87568208474187159140 0.00000000099999999988 0.00102436442563680623 0.00000000099999999988 0.10001495066528964806 0.02039627670872390386 
0.00000000099999999937 0.00000000099999999937 0.00000000099999999937 0.00000000099999999937 0.00000000099999999937 0.00000000099999999937 0.01119971889187562110 0.98880027510812451563 
0.00000000099999999936 0.00000000099999999936 0.00000000099999999936 0.00000000099999999936 0.00000000099999999936 0.00000000099999999936 0.00000000099999999936 0.99999999300000008695 
0.00000000099999999957 0.00000000099999999957 0.00657794567685855962 0.00000000099999999957 0.00000000099999999957 0.00000000099999999957 0.00535456170452418192 0.98806748761861717956 
0.00000000099999999983 0.00000000099999999983 0.00000004797758380459 0.00000000099999999983 0.00000000099999999983 0.00000000099999999983 0.00000000099999999983 0.99999994602241615294 
0.00000000099999999933 0.00000000099999999933 0.00000000099999999933 0.00000000099999999933 0.00000000099999999933 0.00000000099999999933 0.00000000099999999933 0.99999999300000008695 
0.00000000099999999943 0.00000000099999999943 0.00000000099999999943 0.00000000099999999943 0.00000000099999999943 0.00000000099999999943 0.00000000099999999943 0.99999999300000008695 
0.00000000099999999957 0.00000000099999999957 0.00282753563406345273 0.00000000099999999957 0.00000000099999999957 0.00000000099999999957 0.01125804385841010051 0.98591441550752656475 
0.00000000099999999945 0.00000000099999999945 0.00000000099999999945 0.00000000099999999945 0.00000000099999999945 0.00000000099999999945 0.00636657353238214395 0.99363342046761782278 
0.00000000099999999937 0.00000000099999999937 0.00000000099999999937 0.00000000099999999937 0.00000000099999999937 0.00000000099999999937 0.00491603078893757418 0.99508396321106240556 
0.00000000099999999972 0.00000000099999999972 0.00000000099999999972 0.00000000099999999972 0.00000000099999999972 0.00000000099999999972 0.00000000099999999972 0.99999999300000008695 
0.00000000099999999940 0.00000000099999999940 0.00730352751540646293 0.00000000099999999940 0.00000000099999999940 0.00000000099999999940 0.00000000099999999940 0.99269646648459353155 
0.00000000099999999927 0.00000000099999999927 0.02427507853857260173 0.00000000099999999927 0.00000000099999999927 0.00000000099999999927 0.00110937112727197426 0.97461554533415550861 
0.00000000099999999938 0.00000000099999999938 0.00000000099999999938 0.00000000099999999938 0.00000000099999999938 0.00000000099999999938 0.00000000099999999938 0.99999999300000008695 
0.00000000099999999950 0.00000000099999999950 0.00000000099999999950 0.00000000099999999950 0.00000000099999999950 0.00000000099999999950 0.00000000099999999950 0.99999999300000008695 
0.00000000099999999961 0.00000000099999999961 0.00000000099999999961 0.00000000099999999961 0.00000000099999999961 0.00000000099999999961 0.00000000099999999961 0.99999999299999997593 
0.00000000099999999949 0.00000000099999999949 0.00000000099999999949 0.00000000099999999949 0.00000000099999999949 0.00000000099999999949 0.03695267044702350845 0.96304732355297639756 
0.00000000099999999962 0.00000000099999999962 0.01242315269929572183 0.00000000099999999962 0.00000000099999999962 0.00000000099999999962 0.00053706157472430160 0.98703978072598008708 
0.00000000099999999915 0.00000000099999999915 0.00000000099999999915 0.00000000099999999915 0.00000000099999999915 0.00000000099999999915 0.00000071956028944723 0.99999927443971070584 
0.00284473714981219386 0.00000000099999999983 0.01271688642328906715 0.00000000099999999983 0.00000000099999999983 0.00000000099999999983 0.02545898819027185567 0.95897938423662698604 
0.00000000099999999995 0.00165878392135980967 0.00000002185459099742 0.00000000099999999995 0.00000000099999999995 0.00000000099999999995 0.07141175367654772899 0.92692943654750137306 
0.00000000099999999973 0.00000000099999999973 0.01398573696322318212 0.00000000099999999973 0.00000000099999999973 0.00000000099999999973 0.00000000099999999973 0.98601425703677691992 
0.00002719699729920633 0.00000000099999999998 0.00000000334858222645 0.00414589503784550378 0.00219131446698598220 0.00000000099999999998 0.06728160074153673176 0.92635398740775032334 
0.00083881609526350405 0.00000046972772685794 0.04688091517149935855 0.00106761173379492347 0.00000000099999999994 0.00000000099999999994 0.07096111835828954051 0.88025106691342580589 
0.00114063202604695597 0.00000000099999999993 0.00000170389059204147 0.00235851001902976937 0.00000000099999999993 0.00000000099999999993 0.07619581880205865410 0.92030333226227245547 
0.00000000099999999996 0.00000001511396903526 0.00000000099999999996 0.00107289005102212116 0.00012843425907376675 0.00000000099999999996 0.02215045388481728592 0.97664820369111782217 
0.00000000099999999991 0.00291055771856172816 0.00000000099999999991 0.00000000099999999991 0.00000000099999999991 0.00000000099999999991 0.07406929603733551637 0.92302014124410280971 
0.00267644435917026649 0.00000000099999999988 0.00000000099999999988 0.00000000099999999988 0.00000000099999999988 0.00000000099999999988 0.05645927456113642579 0.94086427607969336240 
0.00000000099999999989 0.00114148578012217674 0.00000000099999999989 0.00000000099999999989 0.00000000099999999989 0.00000000099999999989 0.04783604572147330536 0.95102246349840457995 
0.00108121690134682343 0.00000000099999999989 0.00000000099999999989 0.00000000099999999989 0.00000000099999999989 0.00000000099999999989 0.04384971684263529179 0.95506906125601787050 
0.00000000099999999971 0.00000000099999999971 0.00000000099999999971 0.00000000099999999971 0.00000000099999999971 0.00000000099999999971 0.08054011309317822553 0.91945988090682173599 
0.00000000099999999990 0.00000000099999999990 0.00000000099999999990 0.00000000099999999990 0.00000000099999999990 0.00190514683501128400 0.06727126251478300623 0.93082358565020562047 
0.00563817560294281768 0.00000000099999999981 0.00000000099999999981 0.00000000099999999981 0.00000000099999999981 0.00000000099999999981 0.05255204918431058414 0.94180977021274647765 
0.00000000099999999996 0.00429022935325382247 0.00004138163690022009 0.00186547776325530308 0.00060725156611691729 0.00000000099999999996 0.07495644047995773940 0.91823921720051593365 
0.00000000099999999982 0.00000000099999999982 0.00661506930016478312 0.00000000099999999982 0.00000000099999999982 0.00000000099999999982 0.03868811227059263530 0.95469681342924250789 
0.00000000099999999965 0.00000000099999999965 0.00000000099999999965 0.00000000099999999965 0.00000000099999999965 0.00000000099999999965 0.10217044854215694138 0.89782954545784310341 
0.00000000099999999948 0.00000000099999999948 0.02554087654182750008 0.00000000099999999948 0.00000000099999999948 0.00000000099999999948 0.07905622708217235894 0.89540289137600026503 
0.00000000099999999986 0.00000000099999999986 0.03009418475361250872 0.00000000099999999986 0.00000000099999999986 0.00000000099999999986 0.05276093979153632929 0.91714487045485115768 
0.00424709412346068165 0.00000000099999999998 0.11984768363872580488 0.00000000099999999998 0.00000000111418395130 0.00634299724020609499 0.06210399499724329059 0.80745822688618007490 
0.00384810308569372888 0.00000000099999999999 0.10945301061158016487 0.00000000099999999999 0.00000000099999999999 0.00000000099999999999 0.20701168479926362886 0.67968719750346240360 
0.01804243156196676592 0.00000000099999999999 0.25394382808363469284 0.00000000099999999999 0.00008146967647650425 0.00000000099999999999 0.08520099373402997833 0.64273127394389195643 
0.00000000099999999957 0.00000000099999999957 0.00564352828363521696 0.00000000099999999957 0.00611120739542654785 0.00000000099999999957 0.06215109692178832912 0.92609416339914996108 
0.00148329190799810213 0.01230374592565263749 0.01675797562047647710 0.00000000099999999999 0.00000000099999999999 0.00000000099999999999 0.11033697996136426767 0.85911800358450862714 
0.00000000099999999998 0.00000000099999999998 0.10823510249305660913 0.00000000099999999998 0.00000000099999999998 0.00210289539882720349 0.29193212974395954529 0.59772986836415664680 
0.00000000099999999985 0.00000000099999999985 0.01893461827486982510 0.00000000099999999985 0.00000000099999999985 0.00000000099999999985 0.01476064068636231963 0.96630473603876787525 
0.00000000099999999999 0.00000000099999999999 0.59577907778551508766 0.00000000099999999999 0.01084640463312493489 0.00000000099999999999 0.00000006334604710502 0.39337445023531281141 
0.00000000099999999979 0.00000000099999999979 0.00000000099999999979 0.00000000099999999979 0.01602633632971103492 0.00000000099999999979 0.03965527219932638708 0.94431838647096266737 
0.00000000099999999990 0.00000000099999999990 0.01421488939516996931 0.00000000099999999990 0.00197475578190989091 0.00000000099999999990 0.01676591029953950623 0.96704444052338067728 
0.00000000099999999958 0.00000000099999999958 0.04834899180558153292 0.00000000099999999958 0.00847619815821685010 0.00000000099999999958 0.01439548560727773631 0.92877932042892374920 
0.00000000099999999986 0.00000000099999999986 0.06205176672063746762 0.00000000099999999986 0.00204044774949913065 0.00000000099999999986 0.01997851527804791680 0.91592926625181547706 
0.00000000099999999929 0.00000000099999999929 0.03681956412428639275 0.00000000099999999929 0.00000000099999999929 0.00000000099999999929 0.04263334300049305414 0.92054708787522065983 
0.00000000099999999954 0.00000000099999999954 0.00737001637236475975 0.00000000099999999954 0.00000000099999999954 0.00000000099999999954 0.01589297976799448897 0.97673699885964082590 
0.00000000099999999979 0.00000000099999999979 0.81578942030097112426 0.00000000099999999979 0.00000000099999999979 0.00000000099999999979 0.03067839940395178377 0.15353217529507723338 
0.00000000099999999964 0.00000000099999999964 0.76207062957170246253 0.00000000099999999964 0.00000000099999999964 0.00000000099999999964 0.02970606190664252036 0.20822330352165513423 
0.00000000099999999998 0.13324463909304698483 0.47160842704652589097 0.18388873861766158457 0.00000000099999999998 0.00172240079127877256 0.03663080809726355219 0.17290498435422324564 
0.00000000099999999993 0.00352252148475677923 0.78309253569987335997 0.00000000099999999993 0.00352810305635267935 0.00000000099999999993 0.05605153038575717145 0.15380530637326014776 
0.00000000099999999990 0.00373640843407779680 0.78709022693366537116 0.00000000099999999990 0.00166028289889462769 0.00000000099999999990 0.03632878523724027142 0.17118429349612207524 
0.00000000099999999988 0.39131655345218907538 0.45581298682631826713 0.00373223069500950482 0.00000000099999999988 0.00000000099999999988 0.03095935808896675689 0.11817886793751648800 
0.00000000099999999990 0.30540776686492943082 0.59273601755831173410 0.00000000307408537084 0.00000000099999999990 0.00000000099999999990 0.05934553339151221740 0.04251067611116128575 
0.00000000099999999989 0.30273156456351585364 0.53592089253452068753 0.00264175429936048395 0.00000000099999999989 0.00000000099999999989 0.02230203715528996516 0.13640374844731303905 
0.00000000099999999996 0.11227780256323859065 0.61392000056572704203 0.14013963483999988813 0.00621813737467630332 0.00000000099999999996 0.01515502815754290848 0.11228939449881514268 
0.00000000099999999993 0.13423352832485466180 0.59749065404935230994 0.12120866998933992054 0.00010908674423045858 0.00000000099999999993 0.03523101587642379212 0.11172704301579877706 
0.00000000099999999952 0.00000000099999999952 0.76840128726493428513 0.00000000099999999952 0.00000000099999999952 0.00000000099999999952 0.02968965510139450967 0.20190905263367114886 
0.00000000099999999993 0.10039784932737540191 0.62960829069401247349 0.19519947216394376022 0.00305173970484994093 0.00000000099999999993 0.00488048185224028430 0.06686216425757823822 
0.00000000099999999995 0.00709946487134362810 0.79177802799144814117 0.00000000099999999995 0.00549647050681213289 0.00000000099999999995 0.03327393938518709293 0.16235209424520927191 
0.00000000099999999983 0.37578708046640840745 0.49126118885535208225 0.00000000099999999983 0.00000000099999999983 0.00000000099999999983 0.03456266769960253393 0.09838905897863707561 
0.00000000099999999958 0.00000000099999999958 0.77407184910305193437 0.00000000099999999958 0.00017791531021328367 0.00000000099999999958 0.04905930811285425658 0.17669092347388065667 
0.00000000099999999956 0.00000000099999999956 0.73724144822771764396 0.00000000099999999956 0.00000000099999999956 0.00000000099999999956 0.06418514836643854360 0.19857339840584375956 
0.00000000099999999995 0.10040495805325501399 0.60823440609097845222 0.21001706682095230838 0.00925832030016746771 0.00000000099999999995 0.00709263675354776957 0.06499260998109887555 
0.00000000099999999946 0.00000000099999999946 0.81192962772128762783 0.00000000099999999946 0.00000000099999999946 0.00000000099999999946 0.02696431053149733054 0.16110605674721514835 
0.00000000099999999984 0.00322515837179484718 0.74372650343036139642 0.00000000099999999984 0.00000000099999999984 0.00000000099999999984 0.06197953507211505925 0.19106879912572877211 
0.00000000099999999998 0.00352779302955960952 0.08246326901481275395 0.00000000099999999998 0.00000000099999999998 0.00126780017495990542 0.08643851232561332310 0.82630262245505436969 
0.01168181459000357941 0.01402766970441161713 0.00722494916788670501 0.02997557954732216201 0.00000000100000000000 0.00000000100000000000 0.06494185061716946372 0.87214813437320648504 
0.00160344967061217024 0.00000000099999999996 0.00000001102590228631 0.00000000099999999996 0.00000000099999999996 0.00000000099999999996 0.06699140190501109982 0.93140513339847452734 
0.00000000099999999991 0.00000000099999999991 0.00000001462958851820 0.00000000099999999991 0.00000000099999999991 0.00218128142289172270 0.00793686874890371825 0.98988183119861616888 
0.00142461902644036294 0.00000000099999999995 0.00000000099999999995 0.02470632385845303314 0.00000000099999999995 0.00000000099999999995 0.06823440506611787304 0.90563464804898874405 
0.00000000099999999948 0.00000000099999999948 0.00000000099999999948 0.00000000099999999948 0.00000000099999999948 0.00000000099999999948 0.00339808629316383937 0.99660190770683632078 
0.00000000099999999940 0.00000000099999999940 0.00000000099999999940 0.00000000099999999940 0.00000000099999999940 0.00000000099999999940 0.00000000099999999940 0.99999999300000008695 
0.00000000099999999999 0.01405973259250675733 0.00000000099999999999 0.12256803666705660960 0.00590706148885074712 0.00000000099999999999 0.00002128180110508429 0.85744388445048080882 
0.00000000099999999978 0.00000000099999999978 0.00000000099999999978 0.00000000099999999978 0.00000000099999999978 0.00000000099999999978 0.00760566638563166340 0.99239432761436829900 
0.00000000099999999958 0.00000000099999999958 0.00000000099999999958 0.00000000099999999958 0.00000000099999999958 0.00000000099999999958 0.00000000099999999958 0.99999999299999997593 
0.00000000099999999890 0.00000000099999999890 0.00000000099999999890 0.00000000099999999890 0.00000000099999999890 0.00000000099999999890 0.00000000099999999890 0.99999999300000008695 
0.00000000099999999919 0.00000000099999999919 0.00000000099999999919 0.00000000099999999919 0.00000000099999999919 0.00000000099999999919 0.00329759322248390514 0.99670240077751603991 
0.00000000099999999920 0.00000000099999999920 0.00000000099999999920 0.00000000099999999920 0.00000000099999999920 0.00000000099999999920 0.00757317107224780156 0.99242682292775219466 
0.00000000099999999920 0.00000000099999999920 0.00000000099999999920 0.00000000099999999920 0.00000000099999999920 0.00000000099999999920 0.00000000099999999920 0.99999999299999997593 
0.00000000099999999904 0.00000000099999999904 0.00000000099999999904 0.00000000099999999904 0.00000000099999999904 0.00000000099999999904 0.00000000099999999904 0.99999999300000008695 
0.00000000099999999941 0.00000000099999999941 0.00000000099999999941 0.00000000099999999941 0.00000000099999999941 0.00000000099999999941 0.00853644427612283360 0.99146354972387706894 
0.00000000099999999972 0.00000000099999999972 0.00000342857902030052 0.00000000099999999972 0.00000000099999999972 0.00000000099999999972 0.00000000099999999972 0.99999656542097981049 
0.00000000099999999933 0.00000000099999999933 0.00666161365377551228 0.00000000099999999933 0.00000000099999999933 0.00000000099999999933 0.00000000099999999933 0.99333838034622456981 
0.00000000099999999988 0.00764089400785587878 0.00000000099999999988 0.00000000099999999988 0.00000000099999999988 0.00000000099999999988 0.00000000099999999988 0.99235909999214411137 
0.00000000099999999973 0.00000000099999999973 0.00000000099999999973 0.00000000099999999973 0.00000000099999999973 0.00000000099999999973 0.04239946684669047144 0.95760052715330945539 
0.00000000099999999952 0.00000000099999999952 0.00000000099999999952 0.00000000099999999952 0.00000000099999999952 0.00000000099999999952 0.00755852092784442976 0.99244147307215557774 
0.00000000099999999974 0.00000000099999999974 0.00000000099999999974 0.00000000099999999974 0.00000000099999999974 0.00059036889510285086 0.00896596213966612855 0.99044366396523086937 
0.00000000099999999918 0.00000000099999999918 0.00000000099999999918 0.00000000099999999918 0.00000000099999999918 0.00000000099999999918 0.00000000099999999918 0.99999999299999997593 
