0.00000000099999999822 0.00000000099999999822 0.99999999199999989319 0.00000000099999999822 0.00000000099999999822 0.00000000099999999822 0.00000000099999999822 0.00000000099999999822 0.00000000099999999822 
0.00000000099999999830 0.00000000099999999830 0.99999999199999989319 0.00000000099999999830 0.00000000099999999830 0.00000000099999999830 0.00000000099999999830 0.00000000099999999830 0.00000000099999999830 
0.00000000099999999826 0.00000000099999999826 0.99999999199999989319 0.00000000099999999826 0.00000000099999999826 0.00000000099999999826 0.00000000099999999826 0.00000000099999999826 0.00000000099999999826 
0.00000000099999999830 0.00000000099999999830 0.99999999200000000421 0.00000000099999999830 0.00000000099999999830 0.00000000099999999830 0.00000000099999999830 0.00000000099999999830 0.00000000099999999830 
0.00000000099999999835 0.00000000099999999835 0.99999999199999989319 0.00000000099999999835 0.00000000099999999835 0.00000000099999999835 0.00000000099999999835 0.00000000099999999835 0.00000000099999999835 
0.00000000099999999835 0.00000000099999999835 0.99999999199999989319 0.00000000099999999835 0.00000000099999999835 0.00000000099999999835 0.00000000099999999835 0.00000000099999999835 0.00000000099999999835 
0.00000000099999999826 0.00000000099999999826 0.99999999199999989319 0.00000000099999999826 0.00000000099999999826 0.00000000099999999826 0.00000000099999999826 0.00000000099999999826 0.00000000099999999826 
0.00000000099999999840 0.00000000099999999840 0.99999999199999989319 0.00000000099999999840 0.00000000099999999840 0.00000000099999999840 0.00000000099999999840 0.00000000099999999840 0.00000000099999999840 
0.00000000099999999829 0.00000000099999999829 0.99999999200000000421 0.00000000099999999829 0.00000000099999999829 0.00000000099999999829 0.00000000099999999829 0.00000000099999999829 0.00000000099999999829 
0.00000000099999999839 0.00000000099999999839 0.99999999200000000421 0.00000000099999999839 0.00000000099999999839 0.00000000099999999839 0.00000000099999999839 0.00000000099999999839 0.00000000099999999839 
0.00000000099999999834 0.00000000099999999834 0.99999999200000000421 0.00000000099999999834 0.00000000099999999834 0.00000000099999999834 0.00000000099999999834 0.00000000099999999834 0.00000000099999999834 
0.00000000099999999864 0.00000000099999999864 0.99999999199999989319 0.00000000099999999864 0.00000000099999999864 0.00000000099999999864 0.00000000099999999864 0.00000000099999999864 0.00000000099999999864 
0.00000000099999999832 0.00000000099999999832 0.99999999199999989319 0.00000000099999999832 0.00000000099999999832 0.00000000099999999832 0.00000000099999999832 0.00000000099999999832 0.00000000099999999832 
0.00000000099999999828 0.00000000099999999828 0.99999999200000000421 0.00000000099999999828 0.00000000099999999828 0.00000000099999999828 0.00000000099999999828 0.00000000099999999828 0.00000000099999999828 
0.00000000099999999832 0.00000000099999999832 0.99999999200000000421 0.00000000099999999832 0.00000000099999999832 0.00000000099999999832 0.00000000099999999832 0.00000000099999999832 0.00000000099999999832 
0.00000000099999999832 0.00000000099999999832 0.99999999200000000421 0.00000000099999999832 0.00000000099999999832 0.00000000099999999832 0.00000000099999999832 0.00000000099999999832 0.00000000099999999832 
0.00000000099999999831 0.00000000099999999831 0.99999999200000000421 0.00000000099999999831 0.00000000099999999831 0.00000000099999999831 0.00000000099999999831 0.00000000099999999831 0.00000000099999999831 
0.00000000099999999843 0.00000000099999999843 0.99999999200000000421 0.00000000099999999843 0.00000000099999999843 0.00000000099999999843 0.00000000099999999843 0.00000000099999999843 0.00000000099999999843 
0.00000000099999999846 0.00000000099999999846 0.99999999199999989319 0.00000000099999999846 0.00000000099999999846 0.00000000099999999846 0.00000000099999999846 0.00000000099999999846 0.00000000099999999846 
0.00000000099999999843 0.00000000099999999843 0.99999999200000000421 0.00000000099999999843 0.00000000099999999843 0.00000000099999999843 0.00000000099999999843 0.00000000099999999843 0.00000000099999999843 
0.00000000099999999836 0.00000000099999999836 0.99999999200000000421 0.00000000099999999836 0.00000000099999999836 0.00000000099999999836 0.00000000099999999836 0.00000000099999999836 0.00000000099999999836 
0.00000000099999999839 0.00000000099999999839 0.99999999199999989319 0.00000000099999999839 0.00000000099999999839 0.00000000099999999839 0.00000000099999999839 0.00000000099999999839 0.00000000099999999839 
0.00000000099999999837 0.00000000099999999837 0.99999999200000000421 0.00000000099999999837 0.00000000099999999837 0.00000000099999999837 0.00000000099999999837 0.00000000099999999837 0.00000000099999999837 
0.00000000099999999839 0.00000000099999999839 0.99999999200000000421 0.00000000099999999839 0.00000000099999999839 0.00000000099999999839 0.00000000099999999839 0.00000000099999999839 0.00000000099999999839 
0.00000000099999999885 0.00000000099999999885 0.99999999199999989319 0.00000000099999999885 0.00000000099999999885 0.00000000099999999885 0.00000000099999999885 0.00000000099999999885 0.00000000099999999885 
0.00000000099999999836 0.00000000099999999836 0.99999999199999989319 0.00000000099999999836 0.00000000099999999836 0.00000000099999999836 0.00000000099999999836 0.00000000099999999836 0.00000000099999999836 
0.00000000099999999841 0.00000000099999999841 0.99999999200000000421 0.00000000099999999841 0.00000000099999999841 0.00000000099999999841 0.00000000099999999841 0.00000000099999999841 0.00000000099999999841 
0.00000000099999999843 0.00000000099999999843 0.99999999200000000421 0.00000000099999999843 0.00000000099999999843 0.00000000099999999843 0.00000000099999999843 0.00000000099999999843 0.00000000099999999843 
0.00000000099999999846 0.00000000099999999846 0.99999999200000000421 0.00000000099999999846 0.00000000099999999846 0.00000000099999999846 0.00000000099999999846 0.00000000099999999846 0.00000000099999999846 
0.00000000099999999841 0.00000000099999999841 0.99999999199999989319 0.00000000099999999841 0.00000000099999999841 0.00000000099999999841 0.00000000099999999841 0.00000000099999999841 0.00000000099999999841 
0.00000000099999999865 0.00000000099999999865 0.99999999199999989319 0.00000000099999999865 0.00000000099999999865 0.00000000099999999865 0.00000000099999999865 0.00000000099999999865 0.00000000099999999865 
0.00000000099999999888 0.00000000099999999888 0.99999999199999989319 0.00000000099999999888 0.00000000099999999888 0.00000000099999999888 0.00000000099999999888 0.00000000099999999888 0.00000000099999999888 
0.00000000099999999858 0.00000000099999999858 0.99999999200000000421 0.00000000099999999858 0.00000000099999999858 0.00000000099999999858 0.00000000099999999858 0.00000000099999999858 0.00000000099999999858 
0.00000000099999999877 0.00000000099999999877 0.99999999200000000421 0.00000000099999999877 0.00000000099999999877 0.00000000099999999877 0.00000000099999999877 0.00000000099999999877 0.00000000099999999877 
0.00000000099999999857 0.00000000099999999857 0.99999999200000000421 0.00000000099999999857 0.00000000099999999857 0.00000000099999999857 0.00000000099999999857 0.00000000099999999857 0.00000000099999999857 
0.00000000099999999871 0.00000000099999999871 0.99999999200000000421 0.00000000099999999871 0.00000000099999999871 0.00000000099999999871 0.00000000099999999871 0.00000000099999999871 0.00000000099999999871 
0.00000000099999999862 0.00000000099999999862 0.99999999200000000421 0.00000000099999999862 0.00000000099999999862 0.00000000099999999862 0.00000000099999999862 0.00000000099999999862 0.00000000099999999862 
0.00000000099999999863 0.00000000099999999863 0.99999999200000000421 0.00000000099999999863 0.00000000099999999863 0.00000000099999999863 0.00000000099999999863 0.00000000099999999863 0.00000000099999999863 
0.00000000099999999868 0.00000000099999999868 0.99999999200000000421 0.00000000099999999868 0.00000000099999999868 0.00000000099999999868 0.00000000099999999868 0.00000000099999999868 0.00000000099999999868 
0.00000000099999999896 0.00000000099999999896 0.99999999200000000421 0.00000000099999999896 0.00000000099999999896 0.00000000099999999896 0.00000000099999999896 0.00000000099999999896 0.00000000099999999896 
0.00000000099999999858 0.00000000099999999858 0.99999999199999989319 0.00000000099999999858 0.00000000099999999858 0.00000000099999999858 0.00000000099999999858 0.00000000099999999858 0.00000000099999999858 
0.00000000099999999878 0.00000000099999999878 0.99999999199999989319 0.00000000099999999878 0.00000000099999999878 0.00000000099999999878 0.00000000099999999878 0.00000000099999999878 0.00000000099999999878 
0.00000000099999999865 0.00000000099999999865 0.99999999200000000421 0.00000000099999999865 0.00000000099999999865 0.00000000099999999865 0.00000000099999999865 0.00000000099999999865 0.00000000099999999865 
0.00000000099999999861 0.00000000099999999861 0.99999999200000000421 0.00000000099999999861 0.00000000099999999861 0.00000000099999999861 0.00000000099999999861 0.00000000099999999861 0.00000000099999999861 
0.00000000099999999877 0.00000000099999999877 0.99999999199999989319 0.00000000099999999877 0.00000000099999999877 0.00000000099999999877 0.00000000099999999877 0.00000000099999999877 0.00000000099999999877 
0.00000000099999999865 0.00000000099999999865 0.99999999199999989319 0.00000000099999999865 0.00000000099999999865 0.00000000099999999865 0.00000000099999999865 0.00000000099999999865 0.00000000099999999865 
0.00000000099999999871 0.00000000099999999871 0.99999999199999989319 0.00000000099999999871 0.00000000099999999871 0.00000000099999999871 0.00000000099999999871 0.00000000099999999871 0.00000000099999999871 
0.00000000099999999899 0.00000000099999999899 0.99999999199999989319 0.00000000099999999899 0.00000000099999999899 0.00000000099999999899 0.00000000099999999899 0.00000000099999999899 0.00000000099999999899 
0.00000000099999999903 0.00000000099999999903 0.99999999200000000421 0.00000000099999999903 0.00000000099999999903 0.00000000099999999903 0.00000000099999999903 0.00000000099999999903 0.00000000099999999903 
0.00000000099999999917 0.00000000099999999917 0.99999999200000011523 0.00000000099999999917 0.00000000099999999917 0.00000000099999999917 0.00000000099999999917 0.00000000099999999917 0.00000000099999999917 
0.00000000099999999951 0.00000000099999999951 0.99999999200000011523 0.00000000099999999951 0.00000000099999999951 0.00000000099999999951 0.00000000099999999951 0.00000000099999999951 0.00000000099999999951 
0.00000000099999999940 0.16140974472621566482 0.00000000099999999940 0.00000000099999999940 0.00000000099999999940 0.00000000099999999940 0.00000000099999999940 0.00000000099999999940 0.83859024827378425559 
0.00000000099999999914 0.20892475228185056202 0.00000000099999999914 0.00000000099999999914 0.00000000099999999914 0.00000000099999999914 0.00000000099999999914 0.00000000099999999914 0.79107524071814949718 
0.00000000099999999960 0.21803226574884104760 0.00000000099999999960 0.00000000099999999960 0.00000000099999999960 0.00000000099999999960 0.00000000099999999960 0.00000000099999999960 0.78196772725115892833 
0.00000000099999999886 0.16037745623713298149 0.00000000099999999886 0.00000000099999999886 0.00000000099999999886 0.00000000099999999886 0.00000000099999999886 0.00742868646097878324 0.83219385130188827659 
0.00000000099999999903 0.13841559823189433787 0.00000000099999999903 0.00000000099999999903 0.00000000099999999903 0.00000000099999999903 0.00000000099999999903 0.00373363553134971110 0.85785076023675599366 
0.00000000099999999882 0.15976847793713722101 0.00000000099999999882 0.00000000099999999882 0.00000000099999999882 0.00000000099999999882 0.00000000099999999882 0.00000000099999999882 0.84023151506286275492 
0.00000000099999999927 0.15921329461098146507 0.00000000099999999927 0.00000000099999999927 0.00000000099999999927 0.00000000099999999927 0.00000000099999999927 0.01061036767515134357 0.83017633171386717716 
0.00000000099999999893 0.14310109108735633021 0.00000000099999999893 0.00000000099999999893 0.00000000099999999893 0.00000000099999999893 0.00000000099999999893 0.00000000099999999893 0.85689890191264350694 
0.00000000099999999919 0.17106500443069413975 0.00000000099999999919 0.00000000099999999919 0.00000000099999999919 0.00000000099999999919 0.00000000099999999919 0.01250692045148545442 0.81642806911782039858 
0.00000000099999999953 0.14766259182698651675 0.00000000099999999953 0.00000000099999999953 0.00000000099999999953 0.00000000099999999953 0.00974441824409295193 0.00000000099999999953 0.84259298392892068019 
0.00000000099999999902 0.16402671955298539497 0.00000000099999999902 0.00000000099999999902 0.00000000099999999902 0.00000000099999999902 0.00000000099999999902 0.00000000099999999902 0.83597327344701466423 
0.00000000099999999902 0.17580945290868574271 0.00000000099999999902 0.00000000099999999902 0.00000000099999999902 0.00000000099999999902 0.00000000099999999902 0.01451250428250233648 0.80967803680881178519 
0.00000000099999999937 0.18773307065294111973 0.00000000099999999937 0.00000000099999999937 0.00000000099999999937 0.00000000099999999937 0.01037254678397114306 0.00000000099999999937 0.80189437656308781843 
0.00000000099999999924 0.17107178919062668299 0.00000000099999999924 0.00000000099999999924 0.00000000099999999924 0.00000000099999999924 0.00000000099999999924 0.02427398755860045096 0.80465421725077290738 
0.00000000099999999965 0.14129423661018247760 0.00000000099999999965 0.00000000099999999965 0.00000000099999999965 0.00000000099999999965 0.00000000099999999965 0.00622141592660173295 0.85248434146321572236 
0.00000000099999999883 0.14148383541208309211 0.00000000099999999883 0.00000000099999999883 0.00000000099999999883 0.00000000099999999883 0.00000000099999999883 0.00000000099999999883 0.85851615758791688382 
0.00000000099999999936 0.25060443456158359998 0.00000000099999999936 0.00000000099999999936 0.00000000099999999936 0.00000000099999999936 0.00000000099999999936 0.00855837404337430815 0.74083718539504195277 
0.00000000099999999955 0.21595298344865188067 0.00000000099999999955 0.00000000099999999955 0.00000000099999999955 0.00000000099999999955 0.00000000099999999955 0.00000000099999999955 0.78404700955134820628 
0.00000000099999999912 0.16838506777543635340 0.00000000099999999912 0.00000000099999999912 0.00000000099999999912 0.00000000099999999912 0.00000000099999999912 0.00000000099999999912 0.83161492522456359477 
0.00000000099999999916 0.16760050295188952396 0.00000000099999999916 0.00000000099999999916 0.00000000099999999916 0.00000000099999999916 0.00000000099999999916 0.00000051025166168387 0.83239898079644891737 
0.00000000099999999918 0.19932690346862147468 0.00000000099999999918 0.00000000099999999918 0.00000000099999999918 0.00000000099999999918 0.00000000099999999918 0.01934764374799366124 0.78132544678338489152 
0.00000000099999999888 0.18973222358833854995 0.00000000099999999888 0.00000000099999999888 0.00000000099999999888 0.00000000099999999888 0.00000000099999999888 0.00000000099999999888 0.81026776941166145374 
0.00000000099999999916 0.16777684093428205103 0.00000000099999999916 0.00000000099999999916 0.00000000099999999916 0.00000000099999999916 0.00000000099999999916 0.00000000099999999916 0.83222315206571784163 
0.00000000099999999915 0.22420167506766539023 0.00000000099999999915 0.00000000099999999915 0.00000000099999999915 0.00000000099999999915 0.00000000099999999915 0.00000000099999999915 0.77579831793233466897 
0.00000000099999999950 0.23503461711595224903 0.00000000099999999950 0.00000000099999999950 0.00000000099999999950 0.00000000099999999950 0.00000000099999999950 0.00000000120841516880 0.76496537567563260840 
0.00000000099999999902 0.16347143924811069482 0.00000000099999999902 0.00000000099999999902 0.00000000099999999902 0.00000000099999999902 0.00000000099999999902 0.00000000099999999902 0.83652855375188928111 
0.00000000099999999922 0.21472908433108478521 0.00000000099999999922 0.00000000099999999922 0.00000000099999999922 0.00000000099999999922 0.00000000099999999922 0.00000000099999999922 0.78527090866891524623 
0.00000000099999999983 0.23448312040333901818 0.00000000099999999983 0.00000000099999999983 0.00586017183966705893 0.00000000099999999983 0.00000000099999999983 0.00000000099999999983 0.75965670175699384625 
0.00000000099999999974 0.16102451913001636363 0.00000000099999999974 0.00000000099999999974 0.00000000099999999974 0.00000000099999999974 0.00000000099999999974 0.00000000099999999974 0.83897547386998361230 
0.00000000099999999930 0.20533262874905020001 0.00000000099999999930 0.00000000099999999930 0.00000000099999999930 0.00000000099999999930 0.00000000099999999930 0.00000000099999999930 0.79466736425094985918 
0.00000000099999999903 0.15305902863263912139 0.00000000099999999903 0.00000000099999999903 0.00000000099999999903 0.00000000099999999903 0.00000000099999999903 0.00000000099999999903 0.84694096436736088229 
0.00000000099999999988 0.15715961185609411688 0.00056632987870173363 0.00343501901097406984 0.00000000099999999988 0.00000000099999999988 0.00000003642125561401 0.00000000099999999988 0.83883899883297452504 
0.00000000099999999957 0.29223273789222742325 0.00000000099999999957 0.00000000099999999957 0.00000000099999999957 0.00000000099999999957 0.00000000099999999957 0.00921604920864054281 0.69855120689913186016 
0.00000000099999999951 0.21996665029822121129 0.00000000099999999951 0.00000000099999999951 0.00000000099999999951 0.00000000099999999951 0.00000000099999999951 0.00001171475646122828 0.78002162894531756887 
0.00000000099999999936 0.23029638508660305041 0.00000000099999999936 0.00000000099999999936 0.00000000099999999936 0.00000000099999999936 0.00000000099999999936 0.00386057768727457668 0.76584303122612240600 
0.00000000099999999950 0.18910773860632973387 0.00000000099999999950 0.00000000099999999950 0.00000000099999999950 0.00000000099999999950 0.00000000099999999950 0.00530185737699397260 0.80559039801667631231 
0.00000000099999999931 0.23526743935797303497 0.00000000099999999931 0.00000000099999999931 0.00000000099999999931 0.00000000099999999931 0.00000000099999999931 0.00000000157703514508 0.76473255306499188233 
0.00000000099999999938 0.23854646801881174145 0.00000000099999999938 0.00000000099999999938 0.00000000099999999938 0.00000000099999999938 0.00000000099999999938 0.00000000099999999938 0.76145352498118823448 
0.00000000099999999936 0.27152471765988783758 0.00000000099999999936 0.00000000099999999936 0.00000000099999999936 0.00000000099999999936 0.00000000099999999936 0.00689224996949239221 0.72158302637061955132 
0.00000000099999999991 0.15153053905470151297 0.00000000099999999991 0.00000000099999999991 0.00109995093245718063 0.00000000099999999991 0.00000000099999999991 0.01157438143888300797 0.83579512357395835398 
0.00000000099999999950 0.15903332848146131684 0.00000000099999999950 0.00000000099999999950 0.00000000099999999950 0.00000000099999999950 0.00000000099999999950 0.00000000099999999950 0.84096666451853863133 
0.00000000099999999976 0.13959738492948584043 0.00000000099999999976 0.00000000099999999976 0.00000000099999999976 0.00000000099999999976 0.00000000099999999976 0.01828870703336610282 0.84211390203714808766 
0.00000000099999999938 0.17068493494552802736 0.00000000099999999938 0.00000000099999999938 0.00000000099999999938 0.00000000099999999938 0.00000000099999999938 0.00000000099999999938 0.82931505805447203183 
0.00000000099999999914 0.22583471451687253673 0.00000000099999999914 0.00000000099999999914 0.00000000099999999914 0.00000000099999999914 0.00000000099999999914 0.01470536045818904118 0.75945991902493836800 
0.00000000099999999909 0.24383441790343246547 0.00000000099999999909 0.00000000099999999909 0.00000000099999999909 0.00000000099999999909 0.00000000099999999909 0.00320157631079747264 0.75296399978576999956 
0.00000000099999999924 0.21959196685657586534 0.00000000099999999924 0.00000000099999999924 0.00000000099999999924 0.00000000099999999924 0.00000000099999999924 0.00000000099999999924 0.78040802614342408283 
0.00000000099999999918 0.19565733767665671738 0.00000000099999999918 0.00000000099999999918 0.00000000099999999918 0.00000000099999999918 0.00000000099999999918 0.01772547975417073166 0.78661717656917251595 
0.00000000099999999974 0.23457383219914637595 0.00000000099999999974 0.00000000099999999974 0.00000000099999999974 0.00000000099999999974 0.00000000099999999974 0.00144598166887234731 0.76398018013198132348 
0.00000000099999999913 0.20163828748946655001 0.00000000099999999913 0.00000000099999999913 0.00000000099999999913 0.00000000099999999913 0.00000000099999999913 0.00007630356952036139 0.79828540294101302255 
0.00000000099999999940 0.25460137278514094472 0.00000000099999999940 0.00000000099999999940 0.00000000099999999940 0.00000000099999999940 0.00000000099999999940 0.00000000099999999940 0.74539862021485892019 
0.00000000099999999916 0.20251358818048037502 0.00000000099999999916 0.00000000099999999916 0.00000000099999999916 0.00000000099999999916 0.00000000099999999916 0.04250957042187610696 0.75497683539764359750 
0.00000000099999999928 0.23854760653317433339 0.00000000099999999928 0.00000000099999999928 0.00000000099999999928 0.00000000099999999928 0.00000000099999999928 0.00000000099999999928 0.76145238646682578132 
0.00000000099999999939 0.15024003401336277763 0.00000000099999999939 0.00000000099999999939 0.00000000099999999939 0.00000000099999999939 0.00000000099999999939 0.00578260062553696483 0.84397735936110018784 
0.00000000099999999945 0.14670113137419871219 0.00000000099999999945 0.00000000099999999945 0.00000000099999999945 0.00000000099999999945 0.00000000099999999945 0.00267670540787050314 0.85062215721793077439 
0.00000000099999999922 0.18753571764469098571 0.00000000099999999922 0.00000000099999999922 0.00000000099999999922 0.00000000099999999922 0.00000000099999999922 0.04712728744761595506 0.76533698890769297218 
0.00000000099999999932 0.17547540364816896497 0.00000000099999999932 0.00000000099999999932 0.00000000099999999932 0.00000000099999999932 0.00000000099999999932 0.02979369435116760445 0.79473089600066348925 
0.00000000099999999948 0.17803697358165596065 0.00000000099999999948 0.00000000099999999948 0.00000000099999999948 0.00000000099999999948 0.00000000099999999948 0.01464608048830454666 0.80731693993003939003 
0.00000000099999999954 0.17171506014916906868 0.00000000099999999954 0.00000000099999999954 0.00000000099999999954 0.00000000099999999954 0.00000000099999999954 0.02052158997181513511 0.80776334387901571610 
0.00000000099999999912 0.15218474677513876836 0.00000000099999999912 0.00000000099999999912 0.00000000099999999912 0.00000000099999999912 0.00000000099999999912 0.03941693525781703178 0.80839831196704425853 
0.00000000099999999945 0.12053688172876510232 0.00000000099999999945 0.00000000099999999945 0.00000000099999999945 0.00000000099999999945 0.00000000099999999945 0.00000000099999999945 0.87946311127123488749 
0.00000000099999999917 0.17838221462608677692 0.00000000099999999917 0.00000000099999999917 0.00000000099999999917 0.00000000099999999917 0.00000000099999999917 0.00606382528867075929 0.81555395408524233858 
0.00000000099999999966 0.17765512325531937488 0.00000000099999999966 0.00000000099999999966 0.00000000099999999966 0.00000000099999999966 0.00000000099999999966 0.00000000099999999966 0.82234486974468068432 
0.00000000099999999957 0.15500088723459309881 0.00000000462373431470 0.00000000099999999957 0.00000000099999999957 0.00000000099999999957 0.00000000099999999957 0.00000184373354187020 0.84499725940813064096 
0.00000000099999999971 0.15771213600668582133 0.00000000099999999971 0.00000000099999999971 0.00000000099999999971 0.00000000099999999971 0.00000000099999999971 0.00000000099999999971 0.84228785699331409909 
0.00000000099999999928 0.16703954114151556287 0.00000000099999999928 0.00000000099999999928 0.00000000099999999928 0.00000000099999999928 0.00000000099999999928 0.03256230166021743117 0.80039815119826707157 
0.00000000099999999975 0.18957744763631323437 0.00000000099999999975 0.00000000099999999975 0.00000000099999999975 0.00000000099999999975 0.00000000099999999975 0.00000000099999999975 0.81042254536368674156 
0.00000000099999999998 0.12657752167379462960 0.00391817987829404246 0.00000000099999999998 0.00560090846572631421 0.00000000099999999998 0.00000000099999999998 0.04153929275346636418 0.82236409322871850680 
0.00006457169875891918 0.18928751227661891332 0.00132757964565737756 0.00535349297528653692 0.00000000099999999993 0.00000000099999999993 0.00000000099999999993 0.04116054884141918946 0.76280629156225909782 
0.00000000099999999992 0.20345334877428344900 0.00100943993439265678 0.00000000099999999992 0.00416614477722615072 0.00000000099999999992 0.00000000099999999992 0.02965978413587109369 0.76171127837822671935 
0.00000000099999999987 0.17253690913670841067 0.00000000099999999987 0.00249669070215774317 0.00000000099999999987 0.00000000099999999987 0.00000000099999999987 0.02712509716333066229 0.79784129799780323378 
0.00000000099999999993 0.20968450812212532930 0.00299858692910197084 0.00000000099999999993 0.00164177355279184248 0.00000000099999999993 0.00000000099999999993 0.02597064259883453616 0.75970448479714625112 
0.00000000099999999990 0.14205924304475078812 0.00178561414292248075 0.00000000099999999990 0.00278815087363538201 0.00000000099999999990 0.00000000099999999990 0.04454691533145904714 0.80882007260723232100 
0.00000000099999999920 0.01144789637345118571 0.00000000099999999920 0.00000000099999999920 0.00000000099999999920 0.00000000099999999920 0.00000000099999999920 0.98855209662654874858 0.00000000099999999920 
0.00000000099999999918 0.00000000099999999918 0.00000000099999999918 0.00000000099999999918 0.00000000099999999918 0.00000000099999999918 0.00000000099999999918 0.99999999199999989319 0.00000000099999999918 
0.00000000099999999949 0.00667256495977376195 0.00000000099999999949 0.00000000099999999949 0.00000000099999999949 0.00000000099999999949 0.00000000099999999949 0.99287795491214714261 0.00044947412807901435 
0.00000000099999999976 0.00000000099999999976 0.00000000099999999976 0.00000000099999999976 0.00000000099999999976 0.00000000099999999976 0.00000000099999999976 0.99999999199999989319 0.00000000099999999976 
0.00000000099999999919 0.00702963194515846164 0.00000000099999999919 0.00000000099999999919 0.00000000099999999919 0.00000000099999999919 0.00000000099999999919 0.99297036034777064195 0.00000000170707083678 
0.00000000099999999933 0.00000006854734665642 0.00000000099999999933 0.00000000099999999933 0.00000000099999999933 0.00000000099999999933 0.00000000099999999933 0.99999992445265328822 0.00000000099999999933 
0.00000000099999999946 0.01005987906890313047 0.00000000099999999946 0.00000000099999999946 0.00000000099999999946 0.00000000099999999946 0.00000000099999999946 0.98535385538662068061 0.00458625954447619728 
0.00000000099999999934 0.00693042531964713215 0.00000000099999999934 0.00000000099999999934 0.00000000099999999934 0.00000000099999999934 0.00000000099999999934 0.99306956768035292704 0.00000000099999999934 
0.00000000099999999926 0.00394624400854725298 0.00000000099999999926 0.00000000099999999926 0.00000000099999999926 0.00000000099999999926 0.00000000099999999926 0.99605374899145271428 0.00000000099999999926 
0.00000000099999999962 0.00000000099999999962 0.00000000099999999962 0.00000000099999999962 0.00000000099999999962 0.00000000099999999962 0.00000000099999999962 0.99999999200000000421 0.00000000099999999962 
0.00000000099999999930 0.00000000099999999930 0.00000000099999999930 0.00000000099999999930 0.00000000099999999930 0.00000000099999999930 0.00000000099999999930 0.99999103862542515486 0.00000895437457491496 
0.00000000099999999917 0.00366134813744857209 0.00000000099999999917 0.00000000099999999917 0.00000000099999999917 0.00000000099999999917 0.00000000099999999917 0.95991073269776938659 0.03642791316478201369 
0.00000000099999999926 0.00000000099999999926 0.00000000099999999926 0.00000000099999999926 0.00000000099999999926 0.00000000099999999926 0.00000000099999999926 0.99999999200000000421 0.00000000099999999926 
0.00000000099999999938 0.00000000099999999938 0.00000000099999999938 0.00000000099999999938 0.00000000099999999938 0.00000000099999999938 0.00000000099999999938 0.99910368204944310921 0.00089631095055690249 
0.00000000099999999949 0.00000000099999999949 0.00000000099999999949 0.00000000099999999949 0.00000000099999999949 0.00000000099999999949 0.00000000099999999949 0.99999999200000000421 0.00000000099999999949 
0.00000000099999999936 0.03754010026122829580 0.00000000099999999936 0.00000000099999999936 0.00000000099999999936 0.00000000099999999936 0.00000000099999999936 0.96245989273877174952 0.00000000099999999936 
0.00000000099999999951 0.00111387418764374445 0.00000000099999999951 0.00000000099999999951 0.00000000099999999951 0.00000000099999999951 0.00000000099999999951 0.98206659946332131028 0.01681952034903502757 
0.00000000099999999898 0.00000000701467159049 0.00000000099999999898 0.00000000099999999898 0.00000000099999999898 0.00000000099999999898 0.00000000099999999898 0.99999998598532835459 0.00000000099999999898 
0.00000000099999999972 0.02723107382233065990 0.00000000099999999972 0.00333390613759038026 0.00000000099999999972 0.00000000099999999972 0.00000000099999999972 0.93755538417060835243 0.03187963086947064040 
0.00000000099999999970 0.07872638954452261528 0.00000000099999999970 0.00000000099999999970 0.00000000099999999970 0.00000000099999999970 0.00317308075444623985 0.91808748765282788273 0.00001303704820320680 
0.00000000099999999965 0.00000000099999999965 0.00000000099999999965 0.00000000099999999965 0.00000000099999999965 0.00000000099999999965 0.00000000099999999965 0.96391392439840939410 0.03608606860159066509 
0.00134270962925066924 0.06998073927351756984 0.00291835319181723771 0.00405139911290755203 0.00000000099999999996 0.00000000099999999996 0.00000000099999999996 0.92170679479250694488 0.00000000099999999996 
0.00000000099999999968 0.06721962154229094155 0.00000000099999999968 0.00000000099999999968 0.00000000099999999968 0.00000000099999999968 0.00429775638748456246 0.88535081083164446358 0.04313180623858008100 
0.00210667550162693023 0.07593994815737076243 0.00000000099999999992 0.00173884583302467022 0.00000000099999999992 0.00000000099999999992 0.00000000099999999992 0.89243960889045148566 0.02777491761752626936 
0.00000000099999999990 0.01876238673979561608 0.00000000099999999990 0.00000000099999999990 0.00099390305769124932 0.00000000099999999990 0.00000000099999999990 0.96818967432742553125 0.01205403087508767623 
0.00000000099999999968 0.07715363592487568811 0.00000000099999999968 0.00000000099999999968 0.00000000099999999968 0.00000000099999999968 0.00549567686620591831 0.91735066642978924101 0.00000001577912918366 
0.00000000099999999976 0.05931544897866827815 0.00000000099999999976 0.00384219138776817565 0.00000000099999999976 0.00000000099999999976 0.00000000099999999976 0.92193627501312147565 0.01490607962044197821 
0.00000000099999999961 0.04975745197467196235 0.00000000099999999961 0.00000000099999999961 0.00000000099999999961 0.00000000099999999961 0.00308675791473883403 0.94715576131690293327 0.00000002379368624577 
0.00000000099999999975 0.04284254516729706780 0.00000000099999999975 0.00000000099999999975 0.00000000099999999975 0.00000000099999999975 0.00163369465912338021 0.95552375417357937604 0.00000000099999999975 
0.00000000099999999963 0.08687961098122629067 0.00000000099999999963 0.00000000099999999963 0.00000000099999999963 0.00000000099999999963 0.00000000099999999963 0.91312029712980402607 0.00000008588896960617 
0.00000000099999999991 0.06938415327074017036 0.00000000099999999991 0.00000000099999999991 0.00000000099999999991 0.00166660733717755396 0.00000000408524858627 0.92894923030683362875 0.00000000099999999991 
0.00000000099999999995 0.05427263951966376787 0.00112068298087690359 0.00000000099999999995 0.00308282729033232785 0.00000000099999999995 0.00034263322114134711 0.85662403265542497177 0.08455718133256065472 
0.00000000099999999962 0.07636978059927912454 0.00000000099999999962 0.00000000099999999962 0.00000000099999999962 0.00000000099999999962 0.01411040948108896985 0.90951970344062016416 0.00000010147901191143 
0.00000000099999999975 0.03909313804978701429 0.00000000099999999975 0.00000000099999999975 0.00000000099999999975 0.00000000099999999975 0.00000000099999999975 0.90764511444878526181 0.05326174150142771319 
0.00000000099999999957 0.10372778140164834459 0.00000000099999999957 0.00000000099999999957 0.00000000099999999957 0.00000000099999999957 0.00000000099999999957 0.87661722675586617459 0.01965498584248532091 
0.00000000099999999938 0.08299975430122773223 0.00000000099999999938 0.00000000099999999938 0.00000000099999999938 0.00000000099999999938 0.00000000099999999938 0.87413512938744919456 0.04286511031132311106 
0.00000000099999999977 0.05850275281145615736 0.00000000099999999977 0.00000000099999999977 0.00000000099999999977 0.00000000099999999977 0.00000270280720446095 0.88775825038922628885 0.05373628899211294746 
0.00000000099999999998 0.06322461438951190726 0.00223204022677247604 0.00000000099999999998 0.00000000099999999998 0.00859034465901079188 0.00138448536564732380 0.76794795438407814636 0.15662055797497931309 
0.00000000099999999998 0.19475230562252016098 0.00000000099999999998 0.00000000099999999998 0.00000000099999999998 0.00000000099999999998 0.00422874565251525180 0.53953535207092451209 0.26148359165404011506 
0.00000000099999999999 0.09311091463778675692 0.00000025984161500086 0.02435219743580098462 0.00000000099999999999 0.00000000099999999999 0.00000000099999999999 0.78438838168210889279 0.09814824240268833766 
0.00000000099999999951 0.06559716181563386705 0.00619421093573670808 0.00000000099999999951 0.00000000099999999951 0.00000000099999999951 0.00000000099999999951 0.90849876062607415328 0.01970986162255514151 
0.00000000099999999997 0.10608168555856140047 0.00000000099999999997 0.00000000099999999997 0.00000000099999999997 0.00000000099999999997 0.02134631063338967780 0.75004215529897078074 0.12252984350907815403 
0.00000000099999999998 0.24105912500949344679 0.00000000099999999998 0.00000000099999999998 0.00000000099999999998 0.00298022677841281673 0.00000000099999999998 0.26957134046489500401 0.48638930274719871516 
0.00000000099999999977 0.01468824673582930229 0.00000000099999999977 0.00000000099999999977 0.00000000099999999977 0.00000000099999999977 0.00000000099999999977 0.94460067571441630463 0.04071107154975436848 
0.00000000099999999998 0.00000000947434847015 0.01091094411236772505 0.00000000099999999998 0.00000000099999999998 0.00000000099999999998 0.00000000099999999998 0.43641322500555229658 0.55267581640773155716 
0.00000000099999999976 0.03869110769973228142 0.01596501518455244184 0.00000000099999999976 0.00000000099999999976 0.00000000099999999976 0.00000000099999999976 0.89382689328953457419 0.05151697882618076069 
0.00000000099999999988 0.01637055275805033780 0.00193799736256311181 0.00000000099999999988 0.00000000099999999988 0.00000000099999999988 0.00000000099999999988 0.95570381662900127928 0.02598762825038528415 
0.00000000099999999950 0.01620426494825719099 0.00850088969845047213 0.00000000099999999950 0.00000000099999999950 0.00000000099999999950 0.00000000099999999950 0.89181618665024775527 0.08347865370304463628 
0.00000000099999999983 0.01940214451128361231 0.00200698136183856662 0.00000000099999999983 0.00000000099999999983 0.00000000099999999983 0.00000000099999999983 0.88064349282642906402 0.09794737630044871024 
0.00000000099999999915 0.04773303787407365967 0.00000000099999999915 0.00000000099999999915 0.00000000099999999915 0.00000000099999999915 0.00000000099999999915 0.89779222018695514773 0.05447473593897125127 
0.00000000099999999946 0.01621537809682948444 0.00000000099999999946 0.00000000099999999946 0.00000000099999999946 0.00000000099999999946 0.00000000099999999946 0.93027667252758938776 0.05350794337558109626 
0.00000000099999999976 0.05496662308180080142 0.00000000099999999976 0.00000000099999999976 0.00181937426507107936 0.00000000099999999976 0.00000000099999999976 0.15362253365350109213 0.78959146399962698570 
0.00000000099999999969 0.04382449785541350784 0.00019584894200561548 0.00000000099999999969 0.00000000099999999969 0.00000000099999999969 0.00000000099999999969 0.19392914091796398246 0.76205050728461687370 
0.15601499509601049476 0.04577556647907578269 0.00000000099999999992 0.00000000099999999992 0.18212158328163580157 0.00000000099999999992 0.00000000099999999992 0.16394911703728529129 0.45213873410599253466 
0.00000000099999999991 0.08042040888670590193 0.00426253622786155768 0.00000000099999999991 0.00366266310138466328 0.00000000099999999991 0.00000000099999999991 0.14533897393559877531 0.76631541384844914511 
0.00000000099999999989 0.05555132766496429647 0.00239624052195798985 0.00000000099999999989 0.00347570658333746802 0.00000000099999999989 0.00000000099999999989 0.11834699761809702734 0.82022972361164314670 
0.01365227728390243367 0.03845562722235151137 0.00000000099999999981 0.00000000099999999981 0.38368879466322847183 0.00000000099999999981 0.00000000099999999981 0.05173103807816708394 0.51247225875235025150 
0.00825660833125721472 0.07176417915508724599 0.00000000099999999984 0.00000000099999999984 0.30319061639158984001 0.00000000099999999984 0.00000000099999999984 0.04886043792078756387 0.56792815420127817916 
0.00821897919893338491 0.02513658755085613691 0.00000000099999999980 0.00000000099999999980 0.30883769043862768777 0.00000000099999999980 0.00000000099999999980 0.08289380574858473683 0.57491293306299795507 
0.08177588319683855300 0.02377365390314546342 0.00178606355035785852 0.00000000099999999990 0.19840237786958661581 0.00000000099999999990 0.00000000099999999990 0.10891328899046368028 0.58534872948960769978 
0.11713062131377248443 0.05309136044973869484 0.00000000099999999988 0.00000000099999999988 0.14764045625826138775 0.00000000099999999988 0.00000000099999999988 0.07883068547932389758 0.60330687249890357915 
0.00000000099999999944 0.04654408269210334737 0.00000000099999999944 0.00000000099999999944 0.00000000099999999944 0.00000000099999999944 0.00000000099999999944 0.16084836288668027948 0.79260754842121639019 
0.17524717527766883740 0.00679688188571701737 0.00000000099999999989 0.00000000099999999989 0.13776527943975358514 0.00000000099999999989 0.00000000099999999989 0.03612424864472277286 0.64406641075213777459 
0.00000000099999999986 0.05096945769809956700 0.00490958751228785188 0.00000000099999999986 0.00805449582323570015 0.00000000099999999986 0.00000000099999999986 0.12107078181496222502 0.81499567315141474566 
0.00000000099999999977 0.04189781449757043474 0.00000000099999999977 0.00000000099999999977 0.38975963318252498935 0.00000000099999999977 0.00000000099999999977 0.06414803582303880980 0.50419451149686578262 
0.00000000099999999951 0.06117572697832906331 0.00158139089527637691 0.00000000099999999951 0.00000000099999999951 0.00000000099999999951 0.00000000099999999951 0.12952185567996504778 0.80772102144642943244 
0.00000000099999999950 0.08722977005536831918 0.00000000099999999950 0.00000000099999999950 0.00000000099999999950 0.00000000099999999950 0.00000000099999999950 0.13481120789957040662 0.77795901604506134674 
0.20501365263717769016 0.02871688440022439684 0.00349679039017603303 0.00000000099999999992 0.12002990570084294542 0.00000000099999999992 0.00000000099999999992 0.00069694596138209506 0.64204581791019676995 
0.00000000099999999948 0.04668152841135835701 0.00000000099999999948 0.00000000099999999948 0.00000000099999999948 0.00000000099999999948 0.00000000099999999948 0.16646825980992696614 0.78685020577871467307 
