0.99999999400000016969 0.00000000100000000000 0.00000000100000000000 0.00000000100000000000 0.00000000100000000000 0.00000000100000000000 0.00000000100000000000 
0.99999999400000016969 0.00000000100000000000 0.00000000100000000000 0.00000000100000000000 0.00000000100000000000 0.00000000100000000000 0.00000000100000000000 
0.99999999400000016969 0.00000000100000000000 0.00000000100000000000 0.00000000100000000000 0.00000000100000000000 0.00000000100000000000 0.00000000100000000000 
0.99999999400000016969 0.00000000100000000000 0.00000000100000000000 0.00000000100000000000 0.00000000100000000000 0.00000000100000000000 0.00000000100000000000 
0.99999999400000016969 0.00000000100000000000 0.00000000100000000000 0.00000000100000000000 0.00000000100000000000 0.00000000100000000000 0.00000000100000000000 
0.99999999400000016969 0.00000000100000000000 0.00000000100000000000 0.00000000100000000000 0.00000000100000000000 0.00000000100000000000 0.00000000100000000000 
0.99999999400000016969 0.00000000100000000000 0.00000000100000000000 0.00000000100000000000 0.00000000100000000000 0.00000000100000000000 0.00000000100000000000 
0.99999999400000016969 0.00000000100000000000 0.00000000100000000000 0.00000000100000000000 0.00000000100000000000 0.00000000100000000000 0.00000000100000000000 
0.99999999400000016969 0.00000000100000000000 0.00000000100000000000 0.00000000100000000000 0.00000000100000000000 0.00000000100000000000 0.00000000100000000000 
0.99999999400000016969 0.00000000100000000000 0.00000000100000000000 0.00000000100000000000 0.00000000100000000000 0.00000000100000000000 0.00000000100000000000 
0.99999999400000016969 0.00000000100000000000 0.00000000100000000000 0.00000000100000000000 0.00000000100000000000 0.00000000100000000000 0.00000000100000000000 
0.99999999400000016969 0.00000000100000000000 0.00000000100000000000 0.00000000100000000000 0.00000000100000000000 0.00000000100000000000 0.00000000100000000000 
0.99999999400000016969 0.00000000100000000000 0.00000000100000000000 0.00000000100000000000 0.00000000100000000000 0.00000000100000000000 0.00000000100000000000 
0.99999999400000016969 0.00000000100000000000 0.00000000100000000000 0.00000000100000000000 0.00000000100000000000 0.00000000100000000000 0.00000000100000000000 
0.99999999400000016969 0.00000000100000000000 0.00000000100000000000 0.00000000100000000000 0.00000000100000000000 0.00000000100000000000 0.00000000100000000000 
0.99999999400000016969 0.00000000100000000000 0.00000000100000000000 0.00000000100000000000 0.00000000100000000000 0.00000000100000000000 0.00000000100000000000 
0.99999999400000016969 0.00000000100000000000 0.00000000100000000000 0.00000000100000000000 0.00000000100000000000 0.00000000100000000000 0.00000000100000000000 
0.99999999400000016969 0.00000000100000000000 0.00000000100000000000 0.00000000100000000000 0.00000000100000000000 0.00000000100000000000 0.00000000100000000000 
0.99999999400000016969 0.00000000100000000000 0.00000000100000000000 0.00000000100000000000 0.00000000100000000000 0.00000000100000000000 0.00000000100000000000 
0.99999999400000016969 0.00000000100000000000 0.00000000100000000000 0.00000000100000000000 0.00000000100000000000 0.00000000100000000000 0.00000000100000000000 
0.99999999400000016969 0.00000000100000000000 0.00000000100000000000 0.00000000100000000000 0.00000000100000000000 0.00000000100000000000 0.00000000100000000000 
0.99999999400000016969 0.00000000100000000000 0.00000000100000000000 0.00000000100000000000 0.00000000100000000000 0.00000000100000000000 0.00000000100000000000 
0.99999999400000016969 0.00000000100000000000 0.00000000100000000000 0.00000000100000000000 0.00000000100000000000 0.00000000100000000000 0.00000000100000000000 
0.99999999400000016969 0.00000000100000000000 0.00000000100000000000 0.00000000100000000000 0.00000000100000000000 0.00000000100000000000 0.00000000100000000000 
0.99999999400000016969 0.00000000100000000000 0.00000000100000000000 0.00000000100000000000 0.00000000100000000000 0.00000000100000000000 0.00000000100000000000 
0.99999999400000016969 0.00000000100000000000 0.00000000100000000000 0.00000000100000000000 0.00000000100000000000 0.00000000100000000000 0.00000000100000000000 
0.99999999400000016969 0.00000000100000000000 0.00000000100000000000 0.00000000100000000000 0.00000000100000000000 0.00000000100000000000 0.00000000100000000000 
0.99999999400000016969 0.00000000100000000000 0.00000000100000000000 0.00000000100000000000 0.00000000100000000000 0.00000000100000000000 0.00000000100000000000 
0.99999999400000016969 0.00000000100000000000 0.00000000100000000000 0.00000000100000000000 0.00000000100000000000 0.00000000100000000000 0.00000000100000000000 
0.99999999400000016969 0.00000000100000000000 0.00000000100000000000 0.00000000100000000000 0.00000000100000000000 0.00000000100000000000 0.00000000100000000000 
0.99999999400000016969 0.00000000100000000000 0.00000000100000000000 0.00000000100000000000 0.00000000100000000000 0.00000000100000000000 0.00000000100000000000 
0.99999999400000016969 0.00000000100000000000 0.00000000100000000000 0.00000000100000000000 0.00000000100000000000 0.00000000100000000000 0.00000000100000000000 
0.99999999400000016969 0.00000000100000000000 0.00000000100000000000 0.00000000100000000000 0.00000000100000000000 0.00000000100000000000 0.00000000100000000000 
0.99999999400000016969 0.00000000100000000000 0.00000000100000000000 0.00000000100000000000 0.00000000100000000000 0.00000000100000000000 0.00000000100000000000 
0.99999999400000016969 0.00000000100000000000 0.00000000100000000000 0.00000000100000000000 0.00000000100000000000 0.00000000100000000000 0.00000000100000000000 
0.99999999400000016969 0.00000000100000000000 0.00000000100000000000 0.00000000100000000000 0.00000000100000000000 0.00000000100000000000 0.00000000100000000000 
0.99999999400000016969 0.00000000100000000000 0.00000000100000000000 0.00000000100000000000 0.00000000100000000000 0.00000000100000000000 0.00000000100000000000 
0.99999999400000016969 0.00000000100000000000 0.00000000100000000000 0.00000000100000000000 0.00000000100000000000 0.00000000100000000000 0.00000000100000000000 
0.99999999400000016969 0.00000000100000000000 0.00000000100000000000 0.00000000100000000000 0.00000000100000000000 0.00000000100000000000 0.00000000100000000000 
0.99999999400000016969 0.00000000100000000000 0.00000000100000000000 0.00000000100000000000 0.00000000100000000000 0.00000000100000000000 0.00000000100000000000 
0.99999999400000016969 0.00000000100000000000 0.00000000100000000000 0.00000000100000000000 0.00000000100000000000 0.00000000100000000000 0.00000000100000000000 
0.99999999400000016969 0.00000000100000000000 0.00000000100000000000 0.00000000100000000000 0.00000000100000000000 0.00000000100000000000 0.00000000100000000000 
0.99999999400000016969 0.00000000100000000000 0.00000000100000000000 0.00000000100000000000 0.00000000100000000000 0.00000000100000000000 0.00000000100000000000 
0.99999999400000016969 0.00000000100000000000 0.00000000100000000000 0.00000000100000000000 0.00000000100000000000 0.00000000100000000000 0.00000000100000000000 
0.99999999400000016969 0.00000000100000000000 0.00000000100000000000 0.00000000100000000000 0.00000000100000000000 0.00000000100000000000 0.00000000100000000000 
0.99999999400000016969 0.00000000100000000000 0.00000000100000000000 0.00000000100000000000 0.00000000100000000000 0.00000000100000000000 0.00000000100000000000 
0.99999999400000016969 0.00000000100000000000 0.00000000100000000000 0.00000000100000000000 0.00000000100000000000 0.00000000100000000000 0.00000000100000000000 
0.99999999400000016969 0.00000000100000000000 0.00000000100000000000 0.00000000100000000000 0.00000000100000000000 0.00000000100000000000 0.00000000100000000000 
0.99999999400000016969 0.00000000100000000000 0.00000000100000000000 0.00000000100000000000 0.00000000100000000000 0.00000000100000000000 0.00000000100000000000 
0.99999999400000016969 0.00000000100000000000 0.00000000100000000000 0.00000000100000000000 0.00000000100000000000 0.00000000100000000000 0.00000000100000000000 
0.99999999400000016969 0.00000000100000000000 0.00000000100000000000 0.00000000100000000000 0.00000000100000000000 0.00000000100000000000 0.00000000100000000000 
0.00000000100000000000 0.00051738560875877406 0.00000000100000000000 0.60005361141767499245 0.00000000100000000000 0.00000000100000000000 0.39942899897356637373 
0.00000000100000000000 0.00000000100000000000 0.00000000100000000000 0.55700432060750426633 0.00000000100000000000 0.00000000100000000000 0.44299567439249581957 
0.00000000100000000000 0.00000000100000000000 0.00000000100000000000 0.51208434142807346401 0.00000000100000000000 0.00000000100000000000 0.48791565357192662189 
0.00000000100000000000 0.00000000100000000000 0.00000000100000000000 0.60780712863876606988 0.00000000100000000000 0.00000000100000000000 0.39219286636123390499 
0.00000000100000000000 0.00000000100000000000 0.00000000100000000000 0.60454221224512505461 0.00000000100000000000 0.00000000100000000000 0.39545778275487497577 
0.00000000100000000000 0.00000000100000000000 0.00000000100000000000 0.59821962752341739655 0.00000000100000000000 0.00000000100000000000 0.40178036747658263383 
0.00000000100000000000 0.00000000100000000000 0.00000000100000000000 0.60463566690268966131 0.00000000100000000000 0.00000000100000000000 0.39536432809731036908 
0.00000000100000000000 0.00000000100000000000 0.00000000100000000000 0.62676714797981669669 0.00000000100000000000 0.00000000100000000000 0.37323284702018327819 
0.00000000100000000000 0.00000000100000000000 0.00000000100000000000 0.59568318035143641431 0.00000000100000000000 0.00000000100000000000 0.40431681464856367159 
0.00000000100000000000 0.00000000100000000000 0.00000000100000000000 0.59686173051954893864 0.00463242846539588683 0.00000000100000000000 0.39850583701505515322 
0.00000000100000000000 0.00000000100000000000 0.00000000100000000000 0.57476244386366970307 0.00000000100000000000 0.00000000100000000000 0.42523755113633027181 
0.00000000100000000000 0.00000000100000000000 0.00000000100000000000 0.57846105560930594081 0.00000000100000000000 0.00000000100000000000 0.42153893939069403407 
0.00000000100000000000 0.00000000100000000000 0.00000000100000000000 0.56844665704757335600 0.00466939571955583745 0.00000000100000000000 0.42688394323287082166 
0.00000000100000000000 0.00000000100000000000 0.00000000100000000000 0.57043916968334074102 0.00000000100000000000 0.00000000100000000000 0.42956082531665934487 
0.00000000100000000000 0.00000000100000000000 0.00000000100000000000 0.62406063977406911469 0.00000000100000000000 0.00000000100000000000 0.37593935522593086018 
0.00000000100000000000 0.00000000100000000000 0.00000000100000000000 0.60797895608449714633 0.00000000100000000000 0.00000000100000000000 0.39202103891550293957 
0.00000000100000000000 0.00000000100000000000 0.00000000100000000000 0.51259124279762569021 0.00000000100000000000 0.00000000100000000000 0.48740875220237445120 
0.00000000100000000000 0.00000000100000000000 0.00000000100000000000 0.51943204431474732097 0.00000000100000000000 0.00000000100000000000 0.48056795068525265391 
0.00000000100000000000 0.00000000100000000000 0.00000000100000000000 0.56880153324653170976 0.00000000100000000000 0.00000000100000000000 0.43119846175346837613 
0.00000000100000000000 0.00000000100000000000 0.00000000100000000000 0.58098879844002226935 0.00000000100000000000 0.00000000100000000000 0.41901119655997781654 
0.00000000100000000000 0.00000000100000000000 0.00000000100000000000 0.58955535925558977262 0.00000000100000000000 0.00000000100000000000 0.41044463574441020226 
0.00000000100000000000 0.00000000100000000000 0.00000000100000000000 0.59278037014544981975 0.00000000100000000000 0.00000000100000000000 0.40721962485455021064 
0.00000000100000000000 0.00000000100000000000 0.00000000100000000000 0.55718593252118764347 0.00000000100000000000 0.00000000100000000000 0.44281406247881233140 
0.00000000100000000000 0.00000000100000000000 0.00000000100000000000 0.53603420357223519055 0.00000000100000000000 0.00000000100000000000 0.46396579142776489535 
0.00000000100000000000 0.00000000100000000000 0.00000000100000000000 0.50846244807352380946 0.00000000100000000000 0.00000000100000000000 0.49153754692647627644 
0.00000000100000000000 0.00000000100000000000 0.00000000100000000000 0.59509052243341498123 0.00000000100000000000 0.00000000100000000000 0.40490947256658510467 
0.00000000100000000000 0.00000000100000000000 0.00000000100000000000 0.53458225871513287419 0.00000000100000000000 0.00000000100000000000 0.46541773628486726722 
0.00000000100000000000 0.00000000100000000000 0.00000000100000000000 0.54078020060298348515 0.00000000100000000000 0.00578139148109119237 0.45343840391592538097 
0.00000000100000000000 0.00112891529472420086 0.00000000100000000000 0.60029198792815674501 0.00000000100000000000 0.00000000100000000000 0.39857909277711917051 
0.00000000100000000000 0.00000000100000000000 0.00000000100000000000 0.55037340688017422075 0.00000000100000000000 0.00000000100000000000 0.44962658811982586515 
0.00000000100000000000 0.00000000100000000000 0.00000000100000000000 0.61633282675978406928 0.00000000100000000000 0.00000000100000000000 0.38366716824021596111 
0.00110687636273245358 0.00000000100000000000 0.00000000100000000000 0.57128988264271163278 0.00000000100000000000 0.00267224334652592117 0.42493099464803002485 
0.00000000100000000000 0.00000000100000000000 0.00000000100000000000 0.46133409762349159022 0.00000000100000000000 0.00000000100000000000 0.53866589737650827363 
0.00000000100000000000 0.00000000100000000000 0.00000000100000000000 0.54109238233288836639 0.00000000100000000000 0.00000000100000000000 0.45890761266711171951 
0.00000000100000000000 0.00000000100000000000 0.00000000100000000000 0.52824146820378425904 0.00000000100000000000 0.00000000100000000000 0.47175852679621577135 
0.00000000100000000000 0.00000000100000000000 0.00000000100000000000 0.57898701781861650062 0.00000000100000000000 0.00000000100000000000 0.42101297718138347426 
0.00000000100000000000 0.00000000100000000000 0.00000000100000000000 0.51640771596895229667 0.00000000100000000000 0.00000000100000000000 0.48359227903104767821 
0.00000000100000000000 0.00000000100000000000 0.00000000100000000000 0.51832657929641290373 0.00000000100000000000 0.00000000100000000000 0.48167341570358718217 
0.00000000100000000000 0.00000000100000000000 0.00000000100000000000 0.48210859078709461523 0.00000000100000000000 0.00000000100000000000 0.51789140421290535965 
0.00000000100000000000 0.00000000100000000000 0.00000000100000000000 0.58184443580092570780 0.00000000100000000000 0.00216060115382259469 0.41599495904525174428 
0.00000000100000000000 0.00000000100000000000 0.00000000100000000000 0.57677798762079734995 0.00000000100000000000 0.00000000100000000000 0.42322200737920273594 
0.00000000100000000000 0.00000000100000000000 0.00000000100000000000 0.56482182470349162617 0.00000000100000000000 0.00000000100000000000 0.43517817029650845972 
0.00000000100000000000 0.00000000100000000000 0.00000000100000000000 0.58780469518203237733 0.00000000100000000000 0.00000000100000000000 0.41219529981796759754 
0.00000000100000000000 0.00000000100000000000 0.00000000100000000000 0.52524859637737408846 0.00000000100000000000 0.00000000100000000000 0.47475139862262588641 
0.00000000100000000000 0.00000000100000000000 0.00000000100000000000 0.54467702407767548678 0.00000000100000000000 0.00000000100000000000 0.45532297092232448810 
0.00000000100000000000 0.00000000100000000000 0.00000000100000000000 0.52905750857602806825 0.00000000100000000000 0.00000000100000000000 0.47094248642397190663 
0.00000000100000000000 0.00000000100000000000 0.00000000100000000000 0.54729625399114445461 0.00000000100000000000 0.00000000100000000000 0.45270374100885557578 
0.00000000100000000000 0.00000000100000000000 0.00000000100000000000 0.51356296333443274271 0.00000000100000000000 0.00120436376281044975 0.48523266890275690288 
0.00000000100000000000 0.00000000100000000000 0.00000000100000000000 0.55247342067805182975 0.00000000100000000000 0.00000000100000000000 0.44752657432194825615 
0.00000000100000000000 0.00000000100000000000 0.00000000100000000000 0.50241266173486920366 0.00000000100000000000 0.00000000100000000000 0.49758733326513088224 
0.00000000100000000000 0.00000000100000000000 0.00000000100000000000 0.56634344547516479729 0.00000000100000000000 0.00000000100000000000 0.43365654952483528861 
0.00000000100000000000 0.00000000100000000000 0.00000000100000000000 0.51175332509738646891 0.00000000100000000000 0.00000000100000000000 0.48824666990261356148 
0.00000000100000000000 0.00000000100000000000 0.00000000100000000000 0.53821572789156968408 0.00000000100000000000 0.00000000100000000000 0.46178426710843029079 
0.00000000100000000000 0.00000000100000000000 0.00000000100000000000 0.58091186577799636126 0.00000000100000000000 0.00000000100000000000 0.41908812922200372464 
0.00000000100000000000 0.00000000100000000000 0.00000000100000000000 0.55674239473990494442 0.00000000100000000000 0.00000000100000000000 0.44325760026009503045 
0.00000000100000000000 0.00000000100000000000 0.00000000100000000000 0.57481053409641580387 0.00000000100000000000 0.00000000100000000000 0.42518946090358428203 
0.00000000100000000000 0.00000000100000000000 0.00000000100000000000 0.56453827356871744136 0.00000000100000000000 0.00000000100000000000 0.43546172143128264453 
0.00042454517749676525 0.00000000100000000000 0.00000000100000000000 0.54516283584193703238 0.00000000100000000000 0.00000000100000000000 0.45441261498056639834 
0.00000000100000000000 0.00000000100000000000 0.00000000100000000000 0.55947522115669745535 0.00000000100000000000 0.00000000100000000000 0.44052477384330257504 
0.00000000100000000000 0.00000000100000000000 0.00000000100000000000 0.57381043526323782800 0.00000000100000000000 0.00000000100000000000 0.42618955973676214688 
0.00000000100000000000 0.00000000100000000000 0.00000000100000000000 0.53158601580167097467 0.00000000100000000000 0.00000000100000000000 0.46841397919832911123 
0.00000000100000000000 0.00000000100000000000 0.00000000100000000000 0.50930624458561712942 0.00000000100000000000 0.00000000100000000000 0.49069375041438284546 
0.00154232606468757225 0.00000000100000000000 0.00000000100000000000 0.53567639216513207590 0.00000000100000000000 0.00000000100000000000 0.46278127777018046585 
0.00014294470141900124 0.00000000100000000000 0.00000000100000000000 0.51983477231792762918 0.00000000100000000000 0.00000000100000000000 0.48002227898065347178 
0.00000000100000000000 0.00000000100000000000 0.00000000100000000000 0.56951676985203236736 0.00000000100000000000 0.00000000100000000000 0.43048322514796760752 
0.00000000100000000000 0.00000000100000000000 0.00000000100000000000 0.50083271502743820225 0.00000000100000000000 0.00000000100000000000 0.49916727997256193916 
0.00346632993661851472 0.00000000100000000000 0.00000000100000000000 0.60459685314155620084 0.00000000100000000000 0.00592495380349010187 0.38601186011833527045 
0.00108904680069153606 0.00000000100000000000 0.00000000100000000000 0.55640804437525448467 0.00165253070175757320 0.00269876412939133335 0.43815161199290525440 
0.00087973081138306632 0.00003814244536310602 0.00000000100000000000 0.54967864195422144746 0.00000000100000000000 0.00350022847844226647 0.44590325431059024686 
0.00000000100000000000 0.00000000100000000000 0.00222410584322672465 0.53685680836056182130 0.00000000100000000000 0.00000000100000000000 0.46091908179621160491 
0.00295775254034098519 0.00000000100000000000 0.00000000100000000000 0.52710426386237752006 0.00000000100000000000 0.00185647984526485926 0.46808150075201676588 
0.00217862005425556232 0.00000000100000000000 0.00000000100000000000 0.56851531266284693888 0.00000000100000000000 0.00279247056871161472 0.42651359371418590127 
0.00000000100000000000 0.00000000100000000000 0.00000000100000000000 0.99045287183538821552 0.00000000100000000000 0.00000000100000000000 0.00954712316461176456 
0.00000000100000000000 0.00000000100000000000 0.00000000100000000000 0.99999999400000005867 0.00000000100000000000 0.00000000100000000000 0.00000000100000000000 
0.00000000100000000000 0.00000000100000000000 0.00000000100000000000 0.99295361803694093261 0.00000000100000000000 0.00000000100000000000 0.00704637696305917931 
0.00000000100000000000 0.00000000100000000000 0.00000000100000000000 0.99999999400000005867 0.00000000100000000000 0.00000000100000000000 0.00000000100000000000 
0.00000000100000000000 0.00000000100000000000 0.00000000100000000000 0.99999999400000005867 0.00000000100000000000 0.00000000100000000000 0.00000000100000000000 
0.00000000100000000000 0.00000000100000000000 0.00000000100000000000 0.99999999400000005867 0.00000000100000000000 0.00000000100000000000 0.00000000100000000000 
0.00000000100000000000 0.00000000100000000000 0.00000000100000000000 0.99852648305456115363 0.00000000100000000000 0.00000000100000000000 0.00147351194543886006 
0.00000000100000000000 0.00000000100000000000 0.00000000100000000000 0.99405794320789675478 0.00000000100000000000 0.00000000100000000000 0.00594205179210320796 
0.00000000100000000000 0.00000000100000000000 0.00000000100000000000 0.99819782716461546990 0.00000000100000000000 0.00000000100000000000 0.00180216783538462489 
0.00062441303749596292 0.00000000100000000000 0.00000000100000000000 0.99937558196250408926 0.00000000100000000000 0.00000000100000000000 0.00000000100000000000 
0.00000000100000000000 0.00000000100000000000 0.00000000100000000000 0.99999999400000005867 0.00000000100000000000 0.00000000100000000000 0.00000000100000000000 
0.00000000100000000000 0.00000000100000000000 0.00000000100000000000 0.99624468364510077034 0.00000000100000000000 0.00000000100000000000 0.00375531135489930341 
0.00000000100000000000 0.00000000100000000000 0.00000000100000000000 0.99999999400000005867 0.00000000100000000000 0.00000000100000000000 0.00000000100000000000 
0.00000000100000000000 0.00000000100000000000 0.00000000100000000000 0.99999999400000005867 0.00000000100000000000 0.00000000100000000000 0.00000000100000000000 
0.00120443772198977855 0.00000000100000000000 0.00000000100000000000 0.99879555727801028198 0.00000000100000000000 0.00000000100000000000 0.00000000100000000000 
0.00000000100000000000 0.00000000100000000000 0.00000000100000000000 0.96986005132929076211 0.00000000100000000000 0.00000000100000000000 0.03013994367070923358 
0.00000000100000000000 0.00000000100000000000 0.00000000100000000000 0.99706095876762834695 0.00000000100000000000 0.00000000100000000000 0.00293903623237166262 
0.00000000100000000000 0.00000000100000000000 0.00000000100000000000 0.99999999400000005867 0.00000000100000000000 0.00000000100000000000 0.00000000100000000000 
0.00000628151877821072 0.00000073822993996866 0.00066059385316096441 0.98633135215494194270 0.00147399904844034498 0.00000000100000000000 0.01152703419473858140 
0.00000000100000000000 0.00026181098531335637 0.00187265140109397999 0.94750428233572525638 0.00000000100000000000 0.00000000100000000000 0.05036125227786753672 
0.00000000100000000000 0.00000000100000000000 0.00000000100000000000 0.99999999400000005867 0.00000000100000000000 0.00000000100000000000 0.00000000100000000000 
0.00000000100000000000 0.00000000100000000000 0.00832741508769700711 0.94158795134744477373 0.00000000100000000000 0.00000000100000000000 0.05008462956485814493 
0.00000000100000000000 0.00000000100000000000 0.00000000100000000000 0.92654684203815185217 0.00184996719693554979 0.00000000100000000000 0.07160318676491261858 
0.00000000100000000000 0.00000000100000000000 0.00000000100000000000 0.93375203991112587509 0.00317513131772013046 0.00000000100000000000 0.06307282477115398744 
0.00021629906909181152 0.00000000100000000000 0.00000000100000000000 0.98764426377675473834 0.00056056866563223781 0.00060204010138009310 0.01097682638714114756 
0.00000000100000000000 0.00000000100000000000 0.00439706724123263386 0.93599687664176589585 0.00000000100000000000 0.00000000100000000000 0.05960605211700154005 
0.00000000100000000000 0.00000000100000000000 0.00053377268409890704 0.95955208923735157978 0.00000000100000000000 0.00189737698109479339 0.03801675809745481971 
0.00000000100000000000 0.00000000100000000000 0.00000000100000000000 0.96853469260606150915 0.00000000100000000000 0.00130389641511767886 0.03016140697882089064 
0.00000000100000000000 0.00000000100000000000 0.00197011776339435464 0.97421281829502925920 0.00000000100000000000 0.00000000100000000000 0.02381705994157653355 
0.00000000100000000000 0.00000000100000000000 0.00000000100000000000 0.94114287458685930154 0.00000000100000000000 0.00000000100000000000 0.05885712041314070803 
0.00000000100000000000 0.00008934169191924877 0.00000000100000000000 0.95783270425925781666 0.00000000100000000000 0.00166108653479541258 0.04041686451402758118 
0.00000000100000000000 0.00000000100000000000 0.00597545845321824018 0.95618364701970837150 0.00000000100000000000 0.00000000100000000000 0.03784089052707338696 
0.00000000100000000000 0.00000000100000000000 0.00000000100000000000 0.93770692212147221944 0.00384645209596810129 0.00220399933690190427 0.05624262344565766902 
0.00000000100000000000 0.00000000100000000000 0.00000000100000000000 0.97943562700910591357 0.00000000100000000000 0.00000000118068665042 0.02056436781020743940 
0.00000000100000000000 0.00000000100000000000 0.00000000100000000000 0.94077686445842101381 0.00000000100000000000 0.00000000100000000000 0.05922313054157907208 
0.00000000100000000000 0.00000000100000000000 0.00000000100000000000 0.92246498323313863565 0.00000000100000000000 0.00000000100000000000 0.07753501176686139473 
0.00000000100000000000 0.00000000100000000000 0.00000000100000000000 0.95409963774845674145 0.00000000100000000000 0.00068708329966441699 0.04521327495187891371 
0.00311467095819724761 0.00994973912636982170 0.00000000100000000000 0.91300254913175460381 0.00000000100000000000 0.00000000100000000000 0.07393303778367846246 
0.00046088974539349869 0.00000000100000000000 0.00000000100000000000 0.87659345388060627702 0.00000000100000000000 0.00291439281185284886 0.12003126056214735717 
0.01354345678694126101 0.00000000100000000000 0.00000000100000000000 0.81572450403925267359 0.00079368427255610498 0.00876496349066995667 0.16117338941057995916 
0.00596532287911594444 0.00000000100000000000 0.00000000100000000000 0.93441614237392867093 0.00000000100000000000 0.00000000100000000000 0.05961853074695545179 
0.00000000100000000000 0.00000000100000000000 0.01802072578988175508 0.87216333670688517277 0.00000000100000000000 0.00000000100000000000 0.10981593350323316793 
0.00000000100000000000 0.00302031860544158415 0.00000000100000000000 0.77017861379912766484 0.00000000100000000000 0.00000000100000000000 0.22680106359543084071 
0.00065798146275204889 0.00000000100000000000 0.00000000100000000000 0.99308507308419402548 0.00000000100000000000 0.00000000100000000000 0.00625694145305399820 
0.01099135238039417213 0.00000000100000000000 0.00000000107992367442 0.98352067224055106376 0.00000000100000000000 0.00000000100000000000 0.00548797129913111172 
0.01577346572410802047 0.00000000100000000000 0.00000000100000000000 0.94939854759519848315 0.00000000100000000000 0.00000000100000000000 0.03482798268069361297 
0.00172489979448835077 0.00000000100000000000 0.00000000100000000000 0.97915650150518007688 0.00000000100000000000 0.00000000100000000000 0.01911859470033169459 
0.00824210303437299119 0.00000000100000000000 0.00000000100000000000 0.97431468091442907653 0.00000000100000000000 0.00000000100000000000 0.01744321205119800725 
0.00134137799163011411 0.00000000100000000000 0.00081344172677040767 0.97553845007413586554 0.00000000100000000000 0.00000000100000000000 0.02230672720746371823 
0.00000000100000000000 0.00000000100000000000 0.00000000100000000000 0.96117931475447704326 0.00000000100000000000 0.00000000100000000000 0.03882068024552303570 
0.00000000100000000000 0.00000000100000000000 0.00000000100000000000 0.99387196683386658247 0.00000000100000000000 0.00000000100000000000 0.00612802816613336552 
0.00000000100000000000 0.00000000100000000000 0.00000000100000000000 0.75305650836543813753 0.00000000100000000000 0.00234475655694013586 0.24459873107762172828 
0.00134824518514705511 0.00000000100000000000 0.00000000100000000000 0.77686693777294768548 0.00000000100000000000 0.00000000100000000000 0.22178481304190536538 
0.00000000100000000000 0.00000000100000000000 0.00000000100000000000 0.55319596931065817547 0.12646416613840108512 0.21262953883760168927 0.10771032271333903785 
0.00363454395371510391 0.00000000100000000000 0.00000000100000000000 0.72000196249537651294 0.00000000100000000000 0.00440769984860639452 0.27195579070230202490 
0.00255955783718027265 0.00000000100000000000 0.00000000100000000000 0.74886356847600854536 0.00000000100000000000 0.00420234319089436877 0.24437452749591676016 
0.00000000100000000000 0.00000000100000000000 0.00000000100000000000 0.51615879149798016279 0.04024783678380854102 0.34250348600017632705 0.10108988271803497072 
0.00000000100000000000 0.00000000100000000000 0.00000000100000000000 0.53766559168772898314 0.01446962143375970893 0.28809346293609516820 0.15977132094241597304 
0.00000000100000000000 0.00000000100000000000 0.00000000100000000000 0.59484851800032001456 0.01093424466797009859 0.29760995182827365557 0.09660728250343617041 
0.00000000100000000000 0.00000000100000000000 0.00000000100000000000 0.59555351192533056981 0.03589448566805488600 0.24612478554228678362 0.12242721386432772746 
0.00000010951518337319 0.00000000100000000000 0.00000000100000000000 0.58236171705072392601 0.11376166095669512646 0.14793380068080222434 0.15594270979659527465 
0.00000000100000000000 0.00000000100000000000 0.00000000100000000000 0.75825841174417285551 0.00000000100000000000 0.00000000100000000000 0.24174158325582717488 
0.00000000100000000000 0.00000000100000000000 0.00000000100000000000 0.58619501853297284466 0.19131370198005007155 0.11612676820281046808 0.10636450828416674219 
0.00562108493487368903 0.00000000100000000000 0.00000000100000000000 0.76036900698708165258 0.00000000100000000000 0.00863213432105696711 0.22537777075698775531 
0.00000000100000000000 0.00000000100000000000 0.00000000100000000000 0.50040682996453811349 0.00138626834394820495 0.37521973476984338269 0.12298716392167034772 
0.00261318290963261438 0.00000000100000000000 0.00000000100000000000 0.74053155239166967849 0.00000000100000000000 0.00000000100000000000 0.25685526069869779597 
0.00000000100000000000 0.00000000100000000000 0.00000000100000000000 0.73019761332296007073 0.00000000100000000000 0.00000000100000000000 0.26980238167703990415 
0.00719950247859999296 0.00000000100000000000 0.00000000100000000000 0.52981118442105545885 0.21377497259902997206 0.10592569854188077505 0.14328863995943380560 
0.00000000100000000000 0.00000000100000000000 0.00000000100000000000 0.77819740112834723256 0.00000000100000000000 0.00096439733566568750 0.22083819753598715740 
0.00000000100000000000 0.00000000100000000000 0.00000000100000000000 0.74369502152617206203 0.00000000100000000000 0.00372189624426572628 0.25258307822956216349 
0.00000000100000000000 0.00341937117720262675 0.00000000100000000000 0.87848929974915124230 0.00000000100000000000 0.00202642795629203029 0.11606489811735413997 
0.00000000100000000000 0.00000000100000000000 0.00000000100000000000 0.90029152070576290434 0.04212594247651330753 0.00833253802148619348 0.04924999579623761531 
0.00000000100000000000 0.00002137213523825201 0.00000000100000000000 0.93232669046380600708 0.00000000100000000000 0.00171460288832283691 0.06593733151263293790 
0.00000000100000000000 0.00000001625470267461 0.00221527787520095411 0.99363424622478124792 0.00000000100000000000 0.00000000100000000000 0.00415045664531526332 
0.00000000100000000000 0.00000000100000000000 0.00000000100000000000 0.91580135894925795981 0.02632884560826626030 0.00000000100000000000 0.05786979144247584445 
0.00000000100000000000 0.00000000100000000000 0.00000000100000000000 0.99999999400000005867 0.00000000100000000000 0.00000000100000000000 0.00000000100000000000 
0.00000000100000000000 0.00000000100000000000 0.00000000100000000000 0.99999999400000005867 0.00000000100000000000 0.00000000100000000000 0.00000000100000000000 
0.00337264891001286564 0.00000000100000000000 0.00000000100000000000 0.85146977576693749779 0.10042397652813488118 0.04473359579491486410 0.00000000100000000000 
0.00000000100000000000 0.00000000100000000000 0.00000000100000000000 0.99964438918413334179 0.00000000100000000000 0.00035560581586665033 0.00000000100000000000 
0.00000000100000000000 0.00000000100000000000 0.00000000100000000000 0.99999999400000005867 0.00000000100000000000 0.00000000100000000000 0.00000000100000000000 
0.00000000100000000000 0.00000000100000000000 0.00000000100000000000 0.99999999400000005867 0.00000000100000000000 0.00000000100000000000 0.00000000100000000000 
0.00000000100000000000 0.00000000100000000000 0.00000000100000000000 0.99932897387177643811 0.00000000100000000000 0.00000000100000000000 0.00067102112822365364 
0.00000000100000000000 0.00000000100000000000 0.00000000100000000000 0.99889613219161443869 0.00000000100000000000 0.00000000100000000000 0.00110386280838570012 
0.00000000100000000000 0.00000000100000000000 0.00000000100000000000 0.99999999400000005867 0.00000000100000000000 0.00000000100000000000 0.00000000100000000000 
0.00000000100000000000 0.00000000100000000000 0.00000000100000000000 0.99999999400000005867 0.00000000100000000000 0.00000000100000000000 0.00000000100000000000 
0.00000000100000000000 0.00000000100000000000 0.00000000100000000000 0.99186977758359951007 0.00000000100000000000 0.00000000100000000000 0.00813021741640055848 
0.00000000100000000000 0.00000000100000000000 0.00000000100000000000 0.99697290158034834739 0.00000000100000000000 0.00000000100000000000 0.00302709341965169037 
0.00000000100000000000 0.00000000100000000000 0.00000000100000000000 0.99999999400000005867 0.00000000100000000000 0.00000000100000000000 0.00000000100000000000 
0.00000000100000000000 0.00000000100000000000 0.00000000100000000000 0.99227662050152976025 0.00000000100000000000 0.00772337449847023197 0.00000000100000000000 
0.00033187306605986564 0.00000000100000000000 0.00000000100000000000 0.96676367466334001133 0.00000000100000000000 0.00000000100000000000 0.03290444827060012845 
0.00000000100000000000 0.00000000100000000000 0.00000000100000000000 0.99373091008283154224 0.00000000100000000000 0.00000000100000000000 0.00626908491716857749 
0.00000000100000000000 0.00129491790391278775 0.00000000100000000000 0.99220467596051731274 0.00000000100000000000 0.00000000100000000000 0.00650040213556989620 
0.00000000100000000000 0.00000000100000000000 0.00000000100000000000 0.99999999400000005867 0.00000000100000000000 0.00000000100000000000 0.00000000100000000000 
0.00000000100000000000 0.00000000100000000000 0.00000000100000000000 0.99999999400000005867 0.00000000100000000000 0.00000000100000000000 0.00000000100000000000 
0.00000000100000000000 0.00155734077622431632 0.00000000100000000000 0.99152825586534709679 0.00000000100000000000 0.00000000100000000000 0.00691439935842868333 
0.00000000100000000000 0.00000000100000000000 0.00000000100000000000 0.95524230131258547338 0.00000000100000000000 0.00584428691502367550 0.03891340777239091220 
0.00000000100000000000 0.00000000100000000000 0.00000000100000000000 0.99054264800322677775 0.00000000100000000000 0.00000000100000000000 0.00945734699677325263 
0.00000000100000000000 0.00000000100000000000 0.00000000100000000000 0.99353027027599161158 0.00000000100000000000 0.00000000100000000000 0.00646972472400843008 
0.00000000100000000000 0.00000000100000000000 0.00000000100000000000 0.99999999400000005867 0.00000000100000000000 0.00000000100000000000 0.00000000100000000000 
0.00000000100000000000 0.00000000100000000000 0.00000000100000000000 0.99550625215425758707 0.00000000100000000000 0.00000000100000000000 0.00449374284574247194 
0.00000000100000000000 0.00000000100000000000 0.00000000100000000000 0.97674890353322230130 0.00000000100000000000 0.00000000100000000000 0.02325109146677772909 
0.00000000100000000000 0.00000000100000000000 0.00000000100000000000 0.99286996580203057405 0.00000000100000000000 0.00000000100000000000 0.00713002919796936179 
0.00132220052653542067 0.00000000100000000000 0.00089341776347959105 0.92211008131590233017 0.00000000100000000000 0.00000000100000000000 0.07567429739408272626 
0.00128210816047997947 0.00000000100000000000 0.00033819013515173164 0.98670953743581724105 0.00000000100000000000 0.00000000100000000000 0.01167016126855116749 
0.00000000100000000000 0.00000000100000000000 0.00000000100000000000 0.99999999400000005867 0.00000000100000000000 0.00000000100000000000 0.00000000100000000000 
0.00000000100000000000 0.00000000100000000000 0.00000000100000000000 0.94714870262224259978 0.00000000100000000000 0.00072879888489775621 0.05212249449285971670 
0.00158910674668206694 0.00000000100000000000 0.00000000100000000000 0.99841088825331802958 0.00000000100000000000 0.00000000100000000000 0.00000000100000000000 
0.00218137808191888301 0.00000000100000000000 0.00000000100000000000 0.99317174447824818628 0.00000000100000000000 0.00464687343983298962 0.00000000100000000000 
0.00000000100000000000 0.00000000100000000000 0.00044467672592518717 0.99775291776855801196 0.00180240150551668724 0.00000000100000000000 0.00000000100000000000 
0.00758474164960620117 0.00145683596848115949 0.00000000100000000000 0.97380861482573588539 0.00578937948159049306 0.00000000100000000000 0.01136042607458621900 
0.00000000100000000000 0.00000000100000000000 0.00000000100000000000 0.99242794832913094893 0.00000000100000000000 0.00757126768827487504 0.00000077998259418698 
0.00000000100000000000 0.00000000100000000000 0.00000000100000000000 0.99782719668360386756 0.00127922848121970307 0.00089357083517638530 0.00000000100000000000 
0.00000000100000000000 0.00000000100000000000 0.00000000100000000000 0.98981842148470788878 0.00000000100000000000 0.00000000100000000000 0.01018157351529224049 
0.00000000100000000000 0.00000000100000000000 0.00000000100000000000 0.99542304635073797225 0.00000000100000000000 0.00000000100000000000 0.00457694864926204599 
0.00000000100000000000 0.00000000100000000000 0.00000000100000000000 0.96911364828260671000 0.00000000100000000000 0.00000000100000000000 0.03088634671739330997 
0.00365728527124427024 0.00167942267665628208 0.00000000100000000000 0.99456712096992561101 0.00000000100000000000 0.00000000100000000000 0.00009616808217394062 
0.00000000100000000000 0.00000000100000000000 0.00000000100000000000 0.99999999400000005867 0.00000000100000000000 0.00000000100000000000 0.00000000100000000000 
0.00240397741298131783 0.00316909729106174551 0.00000000100000000000 0.99441802897466147204 0.00000000100000000000 0.00000000100000000000 0.00000889332129544953 
0.00280067920928713182 0.00000000100000000000 0.00000000100000000000 0.85871428946177297270 0.00000000100000000000 0.00000000100000000000 0.13848502732893999689 
0.00000000100000000000 0.00000000100000000000 0.00000000100000000000 0.93013475067592499279 0.00000000100000000000 0.00000000100000000000 0.06986524432407507923 
0.00000000100000000000 0.00000000100000000000 0.00028977681614951863 0.99732578274635852456 0.00000000100000000000 0.00126470419396893441 0.00111973324352293829 
0.00000000100000000000 0.00000000100000000000 0.00000000100000000000 0.99999999400000005867 0.00000000100000000000 0.00000000100000000000 0.00000000100000000000 
0.00264224548074841817 0.00000000100000000000 0.00000000100000000000 0.99735774951925171283 0.00000000100000000000 0.00000000100000000000 0.00000000100000000000 
