0.00000000099999999808 0.99999999100000014352 0.00000000099999999808 0.00000000099999999808 0.00000000099999999808 0.00000000099999999808 0.00000000099999999808 0.00000000099999999808 0.00000000099999999808 0.00000000099999999808 
0.00000000099999999818 0.99999999100000014352 0.00000000099999999818 0.00000000099999999818 0.00000000099999999818 0.00000000099999999818 0.00000000099999999818 0.00000000099999999818 0.00000000099999999818 0.00000000099999999818 
0.00000000099999999812 0.99999999100000014352 0.00000000099999999812 0.00000000099999999812 0.00000000099999999812 0.00000000099999999812 0.00000000099999999812 0.00000000099999999812 0.00000000099999999812 0.00000000099999999812 
0.00000000099999999816 0.99999999100000003249 0.00000000099999999816 0.00000000099999999816 0.00000000099999999816 0.00000000099999999816 0.00000000099999999816 0.00000000099999999816 0.00000000099999999816 0.00000000099999999816 
0.00000000099999999823 0.99999999100000003249 0.00000000099999999823 0.00000000099999999823 0.00000000099999999823 0.00000000099999999823 0.00000000099999999823 0.00000000099999999823 0.00000000099999999823 0.00000000099999999823 
0.00000000099999999821 0.99999999100000014352 0.00000000099999999821 0.00000000099999999821 0.00000000099999999821 0.00000000099999999821 0.00000000099999999821 0.00000000099999999821 0.00000000099999999821 0.00000000099999999821 
0.00000000099999999811 0.99999999100000003249 0.00000000099999999811 0.00000000099999999811 0.00000000099999999811 0.00000000099999999811 0.00000000099999999811 0.00000000099999999811 0.00000000099999999811 0.00000000099999999811 
0.00000000099999999828 0.99999999100000014352 0.00000000099999999828 0.00000000099999999828 0.00000000099999999828 0.00000000099999999828 0.00000000099999999828 0.00000000099999999828 0.00000000099999999828 0.00000000099999999828 
0.00000000099999999817 0.99999999100000014352 0.00000000099999999817 0.00000000099999999817 0.00000000099999999817 0.00000000099999999817 0.00000000099999999817 0.00000000099999999817 0.00000000099999999817 0.00000000099999999817 
0.00000000099999999828 0.99999999100000003249 0.00000000099999999828 0.00000000099999999828 0.00000000099999999828 0.00000000099999999828 0.00000000099999999828 0.00000000099999999828 0.00000000099999999828 0.00000000099999999828 
0.00000000099999999822 0.99999999100000014352 0.00000000099999999822 0.00000000099999999822 0.00000000099999999822 0.00000000099999999822 0.00000000099999999822 0.00000000099999999822 0.00000000099999999822 0.00000000099999999822 
0.00000000099999999853 0.99999999100000003249 0.00000000099999999853 0.00000000099999999853 0.00000000099999999853 0.00000000099999999853 0.00000000099999999853 0.00000000099999999853 0.00000000099999999853 0.00000000099999999853 
0.00000000099999999821 0.99999999100000003249 0.00000000099999999821 0.00000000099999999821 0.00000000099999999821 0.00000000099999999821 0.00000000099999999821 0.00000000099999999821 0.00000000099999999821 0.00000000099999999821 
0.00000000099999999815 0.99999999100000003249 0.00000000099999999815 0.00000000099999999815 0.00000000099999999815 0.00000000099999999815 0.00000000099999999815 0.00000000099999999815 0.00000000099999999815 0.00000000099999999815 
0.00000000099999999820 0.99999999100000003249 0.00000000099999999820 0.00000000099999999820 0.00000000099999999820 0.00000000099999999820 0.00000000099999999820 0.00000000099999999820 0.00000000099999999820 0.00000000099999999820 
0.00000000099999999820 0.99999999100000003249 0.00000000099999999820 0.00000000099999999820 0.00000000099999999820 0.00000000099999999820 0.00000000099999999820 0.00000000099999999820 0.00000000099999999820 0.00000000099999999820 
0.00000000099999999817 0.99999999100000014352 0.00000000099999999817 0.00000000099999999817 0.00000000099999999817 0.00000000099999999817 0.00000000099999999817 0.00000000099999999817 0.00000000099999999817 0.00000000099999999817 
0.00000000099999999831 0.99999999100000014352 0.00000000099999999831 0.00000000099999999831 0.00000000099999999831 0.00000000099999999831 0.00000000099999999831 0.00000000099999999831 0.00000000099999999831 0.00000000099999999831 
0.00000000099999999833 0.99999999100000003249 0.00000000099999999833 0.00000000099999999833 0.00000000099999999833 0.00000000099999999833 0.00000000099999999833 0.00000000099999999833 0.00000000099999999833 0.00000000099999999833 
0.00000000099999999831 0.99999999100000014352 0.00000000099999999831 0.00000000099999999831 0.00000000099999999831 0.00000000099999999831 0.00000000099999999831 0.00000000099999999831 0.00000000099999999831 0.00000000099999999831 
0.00000000099999999824 0.99999999100000003249 0.00000000099999999824 0.00000000099999999824 0.00000000099999999824 0.00000000099999999824 0.00000000099999999824 0.00000000099999999824 0.00000000099999999824 0.00000000099999999824 
0.00000000099999999827 0.99999999100000003249 0.00000000099999999827 0.00000000099999999827 0.00000000099999999827 0.00000000099999999827 0.00000000099999999827 0.00000000099999999827 0.00000000099999999827 0.00000000099999999827 
0.00000000099999999824 0.99999999100000014352 0.00000000099999999824 0.00000000099999999824 0.00000000099999999824 0.00000000099999999824 0.00000000099999999824 0.00000000099999999824 0.00000000099999999824 0.00000000099999999824 
0.00000000099999999825 0.99999999100000003249 0.00000000099999999825 0.00000000099999999825 0.00000000099999999825 0.00000000099999999825 0.00000000099999999825 0.00000000099999999825 0.00000000099999999825 0.00000000099999999825 
0.00000000099999999874 0.99999999100000003249 0.00000000099999999874 0.00000000099999999874 0.00000000099999999874 0.00000000099999999874 0.00000000099999999874 0.00000000099999999874 0.00000000099999999874 0.00000000099999999874 
0.00000000099999999823 0.99999999100000003249 0.00000000099999999823 0.00000000099999999823 0.00000000099999999823 0.00000000099999999823 0.00000000099999999823 0.00000000099999999823 0.00000000099999999823 0.00000000099999999823 
0.00000000099999999830 0.99999999100000014352 0.00000000099999999830 0.00000000099999999830 0.00000000099999999830 0.00000000099999999830 0.00000000099999999830 0.00000000099999999830 0.00000000099999999830 0.00000000099999999830 
0.00000000099999999831 0.99999999100000014352 0.00000000099999999831 0.00000000099999999831 0.00000000099999999831 0.00000000099999999831 0.00000000099999999831 0.00000000099999999831 0.00000000099999999831 0.00000000099999999831 
0.00000000099999999834 0.99999999100000014352 0.00000000099999999834 0.00000000099999999834 0.00000000099999999834 0.00000000099999999834 0.00000000099999999834 0.00000000099999999834 0.00000000099999999834 0.00000000099999999834 
0.00000000099999999829 0.99999999100000014352 0.00000000099999999829 0.00000000099999999829 0.00000000099999999829 0.00000000099999999829 0.00000000099999999829 0.00000000099999999829 0.00000000099999999829 0.00000000099999999829 
0.00000000099999999854 0.99999999100000014352 0.00000000099999999854 0.00000000099999999854 0.00000000099999999854 0.00000000099999999854 0.00000000099999999854 0.00000000099999999854 0.00000000099999999854 0.00000000099999999854 
0.00000000099999999880 0.99999999100000003249 0.00000000099999999880 0.00000000099999999880 0.00000000099999999880 0.00000000099999999880 0.00000000099999999880 0.00000000099999999880 0.00000000099999999880 0.00000000099999999880 
0.00000000099999999848 0.99999999100000003249 0.00000000099999999848 0.00000000099999999848 0.00000000099999999848 0.00000000099999999848 0.00000000099999999848 0.00000000099999999848 0.00000000099999999848 0.00000000099999999848 
0.00000000099999999870 0.99999999100000003249 0.00000000099999999870 0.00000000099999999870 0.00000000099999999870 0.00000000099999999870 0.00000000099999999870 0.00000000099999999870 0.00000000099999999870 0.00000000099999999870 
0.00000000099999999848 0.99999999100000014352 0.00000000099999999848 0.00000000099999999848 0.00000000099999999848 0.00000000099999999848 0.00000000099999999848 0.00000000099999999848 0.00000000099999999848 0.00000000099999999848 
0.00000000099999999862 0.99999999100000003249 0.00000000099999999862 0.00000000099999999862 0.00000000099999999862 0.00000000099999999862 0.00000000099999999862 0.00000000099999999862 0.00000000099999999862 0.00000000099999999862 
0.00000000099999999850 0.99999999100000014352 0.00000000099999999850 0.00000000099999999850 0.00000000099999999850 0.00000000099999999850 0.00000000099999999850 0.00000000099999999850 0.00000000099999999850 0.00000000099999999850 
0.00000000099999999852 0.99999999100000003249 0.00000000099999999852 0.00000000099999999852 0.00000000099999999852 0.00000000099999999852 0.00000000099999999852 0.00000000099999999852 0.00000000099999999852 0.00000000099999999852 
0.00000000099999999858 0.99999999100000014352 0.00000000099999999858 0.00000000099999999858 0.00000000099999999858 0.00000000099999999858 0.00000000099999999858 0.00000000099999999858 0.00000000099999999858 0.00000000099999999858 
0.00000000099999999890 0.99999999100000014352 0.00000000099999999890 0.00000000099999999890 0.00000000099999999890 0.00000000099999999890 0.00000000099999999890 0.00000000099999999890 0.00000000099999999890 0.00000000099999999890 
0.00000000099999999849 0.99999999100000014352 0.00000000099999999849 0.00000000099999999849 0.00000000099999999849 0.00000000099999999849 0.00000000099999999849 0.00000000099999999849 0.00000000099999999849 0.00000000099999999849 
0.00000000099999999868 0.99999999100000003249 0.00000000099999999868 0.00000000099999999868 0.00000000099999999868 0.00000000099999999868 0.00000000099999999868 0.00000000099999999868 0.00000000099999999868 0.00000000099999999868 
0.00000000099999999855 0.99999999100000014352 0.00000000099999999855 0.00000000099999999855 0.00000000099999999855 0.00000000099999999855 0.00000000099999999855 0.00000000099999999855 0.00000000099999999855 0.00000000099999999855 
0.00000000099999999851 0.99999999100000014352 0.00000000099999999851 0.00000000099999999851 0.00000000099999999851 0.00000000099999999851 0.00000000099999999851 0.00000000099999999851 0.00000000099999999851 0.00000000099999999851 
0.00000000099999999867 0.99999999100000003249 0.00000000099999999867 0.00000000099999999867 0.00000000099999999867 0.00000000099999999867 0.00000000099999999867 0.00000000099999999867 0.00000000099999999867 0.00000000099999999867 
0.00000000099999999855 0.99999999100000003249 0.00000000099999999855 0.00000000099999999855 0.00000000099999999855 0.00000000099999999855 0.00000000099999999855 0.00000000099999999855 0.00000000099999999855 0.00000000099999999855 
0.00000000099999999860 0.99999999100000014352 0.00000000099999999860 0.00000000099999999860 0.00000000099999999860 0.00000000099999999860 0.00000000099999999860 0.00000000099999999860 0.00000000099999999860 0.00000000099999999860 
0.00000000099999999892 0.99999999100000003249 0.00000000099999999892 0.00000000099999999892 0.00000000099999999892 0.00000000099999999892 0.00000000099999999892 0.00000000099999999892 0.00000000099999999892 0.00000000099999999892 
0.00000000099999999894 0.99999999100000014352 0.00000000099999999894 0.00000000099999999894 0.00000000099999999894 0.00000000099999999894 0.00000000099999999894 0.00000000099999999894 0.00000000099999999894 0.00000000099999999894 
0.00000000099999999910 0.99999999100000014352 0.00000000099999999910 0.00000000099999999910 0.00000000099999999910 0.00000000099999999910 0.00000000099999999910 0.00000000099999999910 0.00000000099999999910 0.00000000099999999910 
0.00000000099999999948 0.99999999100000025454 0.00000000099999999948 0.00000000099999999948 0.00000000099999999948 0.00000000099999999948 0.00000000099999999948 0.00000000099999999948 0.00000000099999999948 0.00000000099999999948 
0.00000000099999999910 0.00000000099999999910 0.00000000099999999910 0.00000000099999999910 0.00000000099999999910 0.00000000099999999910 0.01353202364973165456 0.00000000099999999910 0.00000000099999999910 0.98646796835026839823 
0.00000000099999999899 0.00000000099999999899 0.00000000099999999899 0.00000000099999999899 0.00000000099999999899 0.00000000099999999899 0.01316549873745408508 0.00000000099999999899 0.00000000099999999899 0.98683449326254590872 
0.00000000099999999935 0.00000000099999999935 0.00000000099999999935 0.00000000099999999935 0.00000000099999999935 0.00000000099999999935 0.01922858329522067478 0.00000000099999999935 0.00000000099999999935 0.98077140870477930168 
0.00000000099999999879 0.00000000099999999879 0.00000000099999999879 0.00000000099999999879 0.00000000099999999879 0.00000000099999999879 0.00934307389071839002 0.00000000099999999879 0.00000000099999999879 0.99065691810928169225 
0.00000000099999999885 0.00000000099999999885 0.00000000099999999885 0.00000000099999999885 0.00000000099999999885 0.00000000099999999885 0.00000000099999999885 0.00000000099999999885 0.00000000099999999885 0.99999999099999992147 
0.00000000099999999869 0.00000000099999999869 0.00000000099999999869 0.00000000099999999869 0.00000000099999999869 0.00000000099999999869 0.00121623191802707029 0.00000000099999999869 0.00000000099999999869 0.99878376008197300440 
0.00000000099999999904 0.00000000099999999904 0.00000000099999999904 0.00000000099999999904 0.00000000099999999904 0.00000000099999999904 0.00000000250149697754 0.00000000099999999904 0.00000000099999999904 0.99999998949850299468 
0.00000000099999999879 0.00000000099999999879 0.00000000099999999879 0.00000000099999999879 0.00000000099999999879 0.00000000099999999879 0.00000000099999999879 0.00000000099999999879 0.00000000099999999879 0.99999999100000003249 
0.00000000099999999900 0.00000000099999999900 0.00000000099999999900 0.00000000099999999900 0.00000000099999999900 0.00000000099999999900 0.00000001228305129465 0.00000000099999999900 0.00000000099999999900 0.99999997971694876142 
0.00000000099999999965 0.00000000099999999965 0.00000000099999999965 0.00000000099999999965 0.00000000099999999965 0.00000000099999999965 0.00000000099999999965 0.00000000099999999965 0.00000000099999999965 0.99999999100000003249 
0.00000000099999999887 0.00000000099999999887 0.00000000099999999887 0.00000000099999999887 0.00000000099999999887 0.00000000099999999887 0.00000000099999999887 0.00000000099999999887 0.00000000099999999887 0.99999999100000003249 
0.00000000099999999885 0.00000000099999999885 0.00000000099999999885 0.00000000099999999885 0.00000000099999999885 0.00000000099999999885 0.00389188347872813359 0.00000000099999999885 0.00000000099999999885 0.99610810852127196213 
0.00000000099999999953 0.00000000099999999953 0.00000000099999999953 0.00000000099999999953 0.00000000099999999953 0.00000000099999999953 0.01351524761557113333 0.00000000099999999953 0.00000000099999999953 0.98648474438442890211 
0.00000000099999999901 0.00000000099999999901 0.00000000099999999901 0.00000000099999999901 0.00000000099999999901 0.00000000099999999901 0.00000000099999999901 0.00000000099999999901 0.00000000099999999901 0.99999999099999992147 
0.00000000099999999937 0.00000000099999999937 0.00000000099999999937 0.00000000099999999937 0.00000000099999999937 0.00000000099999999937 0.00000000099999999937 0.00000000099999999937 0.00000000099999999937 0.99999999099999992147 
0.00000000099999999872 0.00000000099999999872 0.00000000099999999872 0.00000000099999999872 0.00000000099999999872 0.00000000099999999872 0.00000000099999999872 0.00000000099999999872 0.00000000099999999872 0.99999999099999992147 
0.00000000099999999926 0.00000000099999999926 0.00000000099999999926 0.00000000099999999926 0.00000000099999999926 0.00000000099999999926 0.09344635871824547024 0.00000000099999999926 0.00000000099999999926 0.90655363328175453397 
0.00000000099999999932 0.00000000099999999932 0.00000000099999999932 0.00000000099999999932 0.00000000099999999932 0.00000000099999999932 0.03864849930668646377 0.00000000099999999932 0.00000000099999999932 0.96135149269331354738 
0.00000000099999999900 0.00000000099999999900 0.00000000099999999900 0.00000000099999999900 0.00000000099999999900 0.00000000099999999900 0.00029710651511154359 0.00000000099999999900 0.00000000099999999900 0.99970288548488850378 
0.00000000099999999897 0.00000000099999999897 0.00000000099999999897 0.00000000099999999897 0.00000000099999999897 0.00000000099999999897 0.00000000099999999897 0.00000000099999999897 0.00000000099999999897 0.99999999100000003249 
0.00000000099999999896 0.00000000099999999896 0.00000000099999999896 0.00000000099999999896 0.00000000099999999896 0.00000000099999999896 0.03061195445527445033 0.00000000099999999896 0.00000000099999999896 0.96938803754472557817 
0.00000000099999999874 0.00000000099999999874 0.00000000099999999874 0.00000000099999999874 0.00000000099999999874 0.00000000099999999874 0.01755706018764234891 0.00000000099999999874 0.00000000099999999874 0.98244293181235764489 
0.00000000099999999900 0.00000000099999999900 0.00000000099999999900 0.00000000099999999900 0.00000000099999999900 0.00000000099999999900 0.00000000099999999900 0.00000000099999999900 0.00000000099999999900 0.99999999099999992147 
0.00000000099999999901 0.00000000099999999901 0.00000000099999999901 0.00000000099999999901 0.00000000099999999901 0.00000000099999999901 0.04721241729786383040 0.00000000099999999901 0.00000000099999999901 0.95278757470213604197 
0.00000000099999999934 0.00000000099999999934 0.00000000099999999934 0.00000000099999999934 0.00000000099999999934 0.00000000099999999934 0.06757915631264786727 0.00000000099999999934 0.00000000099999999934 0.93242083568735212307 
0.00000000099999999884 0.00000000099999999884 0.00000000099999999884 0.00000000099999999884 0.00000000099999999884 0.00000000099999999884 0.00505191318955236588 0.00000000099999999884 0.00000000099999999884 0.99494807881044766695 
0.00000000099999999908 0.00000000099999999908 0.00000000099999999908 0.00000000099999999908 0.00000000099999999908 0.00000000099999999908 0.04111900136726898830 0.00000000099999999908 0.00000000099999999908 0.95888099063273102285 
0.00412265616663342032 0.00000000099999999986 0.00000000099999999986 0.00000000099999999986 0.00000000099999999986 0.00000000099999999986 0.05442054037235471292 0.00000000099999999986 0.00000000099999999986 0.94145679646101176896 
0.00000000099999999927 0.00000000099999999927 0.00000000099999999927 0.00000000099999999927 0.00000000099999999927 0.00000000099999999927 0.01928355756319754394 0.00000000099999999927 0.00000000099999999927 0.98071643443680256436 
0.00000000099999999902 0.00000000099999999902 0.00000000099999999902 0.00000000099999999902 0.00000000099999999902 0.00000000099999999902 0.03874922646939776838 0.00000000099999999902 0.00000000099999999902 0.96125076553060240236 
0.00000000099999999885 0.00000000099999999885 0.00000000099999999885 0.00000000099999999885 0.00000000099999999885 0.00000000099999999885 0.00000000099999999885 0.00000000099999999885 0.00000000099999999885 0.99999999100000003249 
0.00000000099999999977 0.00000000099999999977 0.00000000099999999977 0.00000000099999999977 0.00000000099999999977 0.00000000099999999977 0.00000000099999999977 0.00000000099999999977 0.00000000099999999977 0.99999999099999992147 
0.00000000099999999945 0.00000000099999999945 0.00000000099999999945 0.00000000099999999945 0.00000000099999999945 0.00000000099999999945 0.07282259842844722442 0.00000000099999999945 0.00000000099999999945 0.92717739357155282143 
0.00000000099999999935 0.00000000099999999935 0.00000000099999999935 0.00000000099999999935 0.00000000099999999935 0.00000000099999999935 0.01952695801375684687 0.00000000099999999935 0.00000000099999999935 0.98047303398624308102 
0.00000000099999999927 0.00000000099999999927 0.00000000099999999927 0.00000000099999999927 0.00000000099999999927 0.00000000099999999927 0.07474763573578327436 0.00000000099999999927 0.00000000099999999927 0.92525235626421675761 
0.00000000099999999941 0.00000000099999999941 0.00000000099999999941 0.00000000099999999941 0.00000000099999999941 0.00000000099999999941 0.00211432243966615859 0.00000000099999999941 0.00000000099999999941 0.99788566956033386557 
0.00000000099999999921 0.00000000099999999921 0.00000000099999999921 0.00000000099999999921 0.00000000099999999921 0.00000000099999999921 0.05312680874102428813 0.00000000099999999921 0.00000000099999999921 0.94687318325897562588 
0.00000000099999999925 0.00000000099999999925 0.00000000099999999925 0.00000000099999999925 0.00000000099999999925 0.00000000099999999925 0.06350907168654355839 0.00000000099999999925 0.00000000099999999925 0.93649092031345637643 
0.00000000099999999934 0.00000000099999999934 0.00000000099999999934 0.00000000099999999934 0.00000000099999999934 0.00000000099999999934 0.09717621878815835279 0.00000000099999999934 0.00000000099999999934 0.90282377321184170693 
0.00000000099999999957 0.00000000099999999957 0.00000000099999999957 0.00000000099999999957 0.00000000099999999957 0.00000000099999999957 0.00000000099999999957 0.00000000099999999957 0.00000000099999999957 0.99999999100000003249 
0.00000000099999999932 0.00000000099999999932 0.00000000099999999932 0.00000000099999999932 0.00000000099999999932 0.00000000099999999932 0.00000000099999999932 0.00000000099999999932 0.00000000099999999932 0.99999999099999992147 
0.00000000099999999970 0.00000000099999999970 0.00000007625407480393 0.04567099230487987882 0.00000000099999999970 0.00000000099999999970 0.00001672331737476347 0.00000000099999999970 0.00000000099999999970 0.95431220212367062761 
0.00000000099999999911 0.00000000099999999911 0.00000000099999999911 0.00000000099999999911 0.00000000099999999911 0.00000000099999999911 0.00000000099999999911 0.00000000099999999911 0.00000000099999999911 0.99999999100000003249 
0.00000000099999999901 0.00000000099999999901 0.00000000099999999901 0.00000000099999999901 0.00000000099999999901 0.00000000099999999901 0.00836716574582776172 0.00000000099999999901 0.00000000099999999901 0.99163282625417226157 
0.00000000099999999903 0.00000000099999999903 0.00000000099999999903 0.00000000099999999903 0.00000000099999999903 0.00000000099999999903 0.06964340490229437020 0.00000000099999999903 0.00000000099999999903 0.93035658709770552299 
0.00000000099999999903 0.00000000099999999903 0.00000000099999999903 0.00000000099999999903 0.00000000099999999903 0.00000000099999999903 0.04098919264002951618 0.00000000099999999903 0.00000000099999999903 0.95901079935997046721 
0.00000000099999999908 0.00000000099999999908 0.00000000099999999908 0.00000000099999999908 0.00000000099999999908 0.00000000099999999908 0.02441465567200053546 0.00000000099999999908 0.00000000099999999908 0.97558533632799937507 
0.00000000099999999932 0.00000000099999999932 0.00000000099999999932 0.00000000099999999932 0.00000000099999999932 0.00000000099999999932 0.04758674115027070051 0.00000000099999999932 0.00000000099999999932 0.95241325084972927595 
0.00000000099999999908 0.00000000099999999908 0.00594527675220739033 0.00000000099999999908 0.00000000099999999908 0.00000000099999999908 0.03523666663590310083 0.00000000099999999908 0.00000000099999999908 0.95881804961188965564 
0.00000000099999999917 0.00000000099999999917 0.00000000099999999917 0.00000000099999999917 0.00000000099999999917 0.00000000099999999917 0.07792668080499064176 0.00000000099999999917 0.00000000099999999917 0.92207331119500934857 
0.00000000099999999901 0.00000000099999999901 0.01159180567285551973 0.00000000099999999901 0.00000000099999999901 0.00000000099999999901 0.03736910875550111116 0.00000000099999999901 0.00000000099999999901 0.95103907857164327044 
0.00000000099999999918 0.00000000099999999918 0.00000000099999999918 0.00000000099999999918 0.00000000099999999918 0.00000000099999999918 0.05977250194397643046 0.00000000099999999918 0.00000000099999999918 0.94022749005602346273 
0.00000000099999999929 0.00000000099999999929 0.00000000099999999929 0.00000000099999999929 0.00000000099999999929 0.00000000099999999929 0.00000000099999999929 0.00000000099999999929 0.00000000099999999929 0.99999999099999992147 
0.00000000099999999933 0.00000000099999999933 0.00000000099999999933 0.00000000099999999933 0.00000000099999999933 0.00000000099999999933 0.00000000099999999933 0.00000000099999999933 0.00000000099999999933 0.99999999099999992147 
0.00000000099999999905 0.00000000099999999905 0.00000000099999999905 0.00000000099999999905 0.00000000099999999905 0.00000000099999999905 0.01608262096746980452 0.00000000099999999905 0.00000000099999999905 0.98391737103253029684 
0.00000000099999999917 0.00000000099999999917 0.00000000099999999917 0.00000000099999999917 0.00000000099999999917 0.00000000099999999917 0.02387913177325532571 0.00000000099999999917 0.00000000099999999917 0.97612086022674482422 
0.00000000099999999937 0.00000000099999999937 0.00000000099999999937 0.00000000099999999937 0.00000000099999999937 0.00000000099999999937 0.04377358484974316899 0.00000000099999999937 0.00000000099999999937 0.95622640715025675195 
0.00000000099999999933 0.00000000099999999933 0.00000000099999999933 0.00000000099999999933 0.00000000099999999933 0.00000000099999999933 0.00014855849298558814 0.00000000099999999933 0.00000000099999999933 0.99985143350701444209 
0.00000000099999999901 0.00000000099999999901 0.00000000099999999901 0.00000000099999999901 0.00000000099999999901 0.00000000099999999901 0.00000000099999999901 0.00000000099999999901 0.00000000099999999901 0.99999999099999992147 
0.00000000099999999930 0.00000000099999999930 0.00000000099999999930 0.00000000099999999930 0.00000000099999999930 0.00000000099999999930 0.00141803967915737059 0.00000000099999999930 0.00000000099999999930 0.99858195232084256965 
0.00000000099999999904 0.00000000099999999904 0.00000000099999999904 0.00000000099999999904 0.00000000099999999904 0.00000000099999999904 0.00958211690685061707 0.00000000099999999904 0.00000000099999999904 0.99041787509314938021 
0.00000000099999999943 0.00000000099999999943 0.00000000099999999943 0.00000000099999999943 0.00000000099999999943 0.00000000099999999943 0.01281066135341887499 0.00000000099999999943 0.00000000099999999943 0.98718933064658109799 
0.00000000099999999925 0.00000000099999999925 0.00000000099999999925 0.00000000099999999925 0.00000000099999999925 0.00000000099999999925 0.00775750073615520067 0.00000000099999999925 0.00000000099999999925 0.99224249126384478359 
0.00000000099999999938 0.00000000099999999938 0.00000000099999999938 0.00000000099999999938 0.00000000099999999938 0.00000000099999999938 0.00700631875794203909 0.00000000099999999938 0.00000000099999999938 0.99299367324205789487 
0.00000000099999999919 0.00000000099999999919 0.00000000099999999919 0.00000000099999999919 0.00000000099999999919 0.00000000099999999919 0.00000000099999999919 0.00000000099999999919 0.00000000099999999919 0.99999999099999992147 
0.00000000099999999967 0.00000000099999999967 0.00000000099999999967 0.00184443895979202938 0.00000000099999999967 0.00000000099999999967 0.03757005344600327507 0.00000000099999999967 0.00000000099999999967 0.96058550059420466649 
0.00471236933051275009 0.00246851277842293545 0.00000000099999999997 0.00000000099999999997 0.00000000099999999997 0.00000000099999999997 0.00000000099999999997 0.00000000099999999997 0.00000000099999999997 0.99281911089106433810 
0.00000000099999999989 0.00000000099999999989 0.00000000099999999989 0.00000000099999999989 0.00000000099999999989 0.00000000099999999989 0.00000623001189952885 0.00000000099999999989 0.00352653988318121997 0.99646722310491919750 
0.00000000099999999994 0.00000076481982993993 0.00000000099999999994 0.00000000099999999994 0.00000000099999999994 0.00000000099999999994 0.00000000099999999994 0.00017422876307121083 0.00000000099999999994 0.99982499941709890301 
0.00000000099999999959 0.00000000099999999959 0.00000000099999999959 0.00000000099999999959 0.00000000099999999959 0.00000000099999999959 0.00000000099999999959 0.00000000099999999959 0.00000000099999999959 0.99999999100000003249 
0.00000000099999999977 0.00108255419111403335 0.00000000099999999977 0.00000000099999999977 0.00000000099999999977 0.00000000099999999977 0.05656426719955987698 0.00000000099999999977 0.00000000099999999977 0.94235317160932607905 
0.00000000099999999979 0.00000000099999999979 0.00000000099999999979 0.00000000099999999979 0.00000000099999999979 0.00000000099999999979 0.00000000099999999979 0.00000000099999999979 0.00000000099999999979 0.99999999100000003249 
0.00000000099999999927 0.00000000099999999927 0.99023732830718902420 0.00000000099999999927 0.00000000099999999927 0.00000000099999999927 0.00976266369281103379 0.00000000099999999927 0.00000000099999999927 0.00000000099999999927 
0.00000000099999999927 0.00000000099999999927 0.99999999100000014352 0.00000000099999999927 0.00000000099999999927 0.00000000099999999927 0.00000000099999999927 0.00000000099999999927 0.00000000099999999927 0.00000000099999999927 
0.00000000099999999955 0.00000000099999999955 0.98060805310765675191 0.00000000099999999955 0.00000000099999999955 0.00000000099999999955 0.00616503959735937787 0.00000000099999999955 0.00000000099999999955 0.01322690029498404911 
0.00000000099999999983 0.00000000099999999983 0.99999999100000014352 0.00000000099999999983 0.00000000099999999983 0.00000000099999999983 0.00000000099999999983 0.00000000099999999983 0.00000000099999999983 0.00000000099999999983 
0.00000000099999999922 0.00000000099999999922 0.99486024575619358412 0.00019313453751694968 0.00000000099999999922 0.00000000099999999922 0.00494661270628961400 0.00000000099999999922 0.00000000099999999922 0.00000000099999999922 
0.00000000099999999937 0.00000000099999999937 0.99860327648339208828 0.00000000099999999937 0.00000000099999999937 0.00000000099999999937 0.00139671551660791571 0.00000000099999999937 0.00000000099999999937 0.00000000099999999937 
0.00000000099999999947 0.00000000099999999947 0.99459629790476444811 0.00000000099999999947 0.00000000099999999947 0.00000000099999999947 0.00540369409523574866 0.00000000099999999947 0.00000000099999999947 0.00000000099999999947 
0.00000000099999999942 0.00000000099999999942 0.99305367442894998398 0.00000000099999999942 0.00000000099999999942 0.00000000099999999942 0.00694631757105008008 0.00000000099999999942 0.00000000099999999942 0.00000000099999999942 
0.00000000099999999932 0.00000000099999999932 0.99543887792673035886 0.00000000099999999932 0.00000000099999999932 0.00000000099999999932 0.00456111407326983791 0.00000000099999999932 0.00000000099999999932 0.00000000099999999932 
0.00000000099999999967 0.00000000099999999967 0.99999999100000014352 0.00000000099999999967 0.00000000099999999967 0.00000000099999999967 0.00000000099999999967 0.00000000099999999967 0.00000000099999999967 0.00000000099999999967 
0.00000000099999999933 0.00000000099999999933 0.99999999100000003249 0.00000000099999999933 0.00000000099999999933 0.00000000099999999933 0.00000000099999999933 0.00000000099999999933 0.00000000099999999933 0.00000000099999999933 
0.00000000099999999922 0.00000000099999999922 0.98148664983590794275 0.00000000099999999922 0.00000000099999999922 0.00000000099999999922 0.00000000099999999922 0.00000000099999999922 0.00000000099999999922 0.01851334216409227310 
0.00000000099999999929 0.00000000099999999929 0.99999999100000014352 0.00000000099999999929 0.00000000099999999929 0.00000000099999999929 0.00000000099999999929 0.00000000099999999929 0.00000000099999999929 0.00000000099999999929 
0.00000000099999999939 0.00000000099999999939 0.99903687342432334617 0.00050684341054002774 0.00000000099999999939 0.00000000099999999939 0.00000000099999999939 0.00000000099999999939 0.00000000099999999939 0.00045627616513658852 
0.00000000099999999957 0.00110097758783924684 0.99889901441216089051 0.00000000099999999957 0.00000000099999999957 0.00000000099999999957 0.00000000099999999957 0.00000000099999999957 0.00000000099999999957 0.00000000099999999957 
0.00000000099999999942 0.00000000099999999942 0.96382225203035087890 0.00000000099999999942 0.00000000099999999942 0.00000000099999999942 0.03617773996964933347 0.00000000099999999942 0.00000000099999999942 0.00000000099999999942 
0.00000000099999999952 0.00000000099999999952 0.98970002155572489588 0.00797948259508173344 0.00000000099999999952 0.00000000099999999952 0.00232017896069789320 0.00000000099999999952 0.00000000099999999952 0.00000031088849547806 
0.00000000099999999903 0.00000000099999999903 0.99999999100000003249 0.00000000099999999903 0.00000000099999999903 0.00000000099999999903 0.00000000099999999903 0.00000000099999999903 0.00000000099999999903 0.00000000099999999903 
0.00000000099999999957 0.00000000099999999957 0.95237030568797220731 0.01069348807653380459 0.00465288756361442821 0.00000000099999999957 0.02684068797115623031 0.00000000099999999957 0.00000000099999999957 0.00544262570072336950 
0.00000000099999999997 0.00000000099999999997 0.91349976061973259256 0.00282851599366941344 0.00103856208981118500 0.00000000099999999997 0.07337002328156352893 0.00106597172859909791 0.00000000099999999997 0.00819716228662428770 
0.00000000099999999973 0.00000000099999999973 0.96020833896196622348 0.00000000099999999973 0.00000000099999999973 0.00000000099999999973 0.00000000099999999973 0.00000000099999999973 0.00000000099999999973 0.03979165303803387094 
0.00000000099999999981 0.00000000099999999981 0.91832946431446049740 0.00000000099999999981 0.01215215352467039454 0.00000000099999999981 0.06951836035799929814 0.00000000099999999981 0.00000000099999999981 0.00000001580286998085 
0.00000000099999999960 0.00000000099999999960 0.85619496346866807990 0.00000000099999999960 0.00000000099999999960 0.00000000099999999960 0.05049614090166701375 0.00000000099999999960 0.00564727398409527095 0.08766161564556988750 
0.00000000099999999993 0.00000000099999999993 0.88366694347380947416 0.02652829572645729744 0.00000000099999999993 0.00235507009201638400 0.07912444954517137974 0.00000000099999999993 0.00194171247957269748 0.00638352468297279443 
0.00134191404869832840 0.00000000099999999990 0.96251107272260227887 0.01084899947321240829 0.00000000099999999990 0.00000000099999999990 0.02529800775548691344 0.00000000099999999990 0.00000000099999999990 0.00000000099999999990 
0.00000000099999999962 0.00000000099999999962 0.91798457907746855433 0.00000000099999999962 0.00000000099999999962 0.00000000099999999962 0.07451253941019830851 0.00000000099999999962 0.00749625743414441929 0.00000661807818874508 
0.00000000099999999964 0.00000000099999999964 0.92168827417614285213 0.01480719645968626291 0.00487036505059765430 0.00000000099999999964 0.05863415831357336044 0.00000000099999999964 0.00000000099999999964 0.00000000099999999964 
0.00000000099999999963 0.00000000099999999963 0.94287368154718009805 0.00000034488903020524 0.00000000099999999963 0.00000000099999999963 0.05358676201652097515 0.00000000099999999963 0.00353920554726866454 0.00000000099999999963 
0.00000000099999999967 0.00000000099999999967 0.96153354061083373683 0.00000000099999999967 0.00229644137963606410 0.00000000099999999967 0.03617001100953017023 0.00000000099999999967 0.00000000099999999967 0.00000000099999999967 
0.00000000099999999969 0.00000000099999999969 0.91638799777753543463 0.00000000099999999969 0.00000000099999999969 0.00000000099999999969 0.08197608573994541459 0.00000000099999999969 0.00000000099999999969 0.00163590948251913864 
0.00000000099999999943 0.00000000099999999943 0.92672314443810643869 0.00000000099999999943 0.00000000099999999943 0.00000000099999999943 0.06739743365201551761 0.00000000099999999943 0.00587941490987796845 0.00000000099999999943 
0.00000000099999999969 0.00000000099999999969 0.87881394218883013281 0.03904592286998107703 0.00000000099999999969 0.00000000099999999969 0.04468761952751307276 0.00000000099999999969 0.00753618522875380056 0.02991632518492198453 
0.00000000099999999958 0.00000000099999999958 0.91394574256206317919 0.00000000099999999958 0.00000000099999999958 0.00000000099999999958 0.07041239280531538802 0.00000000099999999958 0.01564185763262146422 0.00000000099999999958 
0.00000000099999999981 0.00000000099999999981 0.91909627290148454559 0.00000000099999999981 0.00000000099999999981 0.00000000099999999981 0.02535477763001713417 0.00000000099999999981 0.00000000099999999981 0.05554894246849830658 
0.00000000099999999961 0.00000000099999999961 0.89426876985671499565 0.00000000099999999961 0.00000000099999999961 0.00000000099999999961 0.10573122214328510571 0.00000000099999999961 0.00000000099999999961 0.00000000099999999961 
0.00000000099999999946 0.00000000099999999946 0.86493295212018650453 0.00263050977414731922 0.00000000099999999946 0.00000000099999999946 0.07203978866381983981 0.00000000099999999946 0.00000000099999999946 0.06039674344184636778 
0.00000000099999999982 0.00000000099999999982 0.87912443531677320063 0.00806510550175808423 0.00000000099999999982 0.00000000099999999982 0.05466293740603365980 0.00000000099999999982 0.00000000099999999982 0.05814751577543526839 
0.00000000099999999995 0.00000000099999999995 0.77459077436602363775 0.08708289943041529202 0.00000000099999999995 0.00000000099999999995 0.05700917313180047657 0.00000000099999999995 0.01569937328684821096 0.06561777478491219451 
0.00000000099999999998 0.00000000099999999998 0.41072474662897218156 0.45819836085520609936 0.00000000099999999998 0.00000000099999999998 0.12637148412964346877 0.00000000099999999998 0.00463735962998837025 0.00006804375619002303 
0.00000000099999999998 0.00000000099999999998 0.59803403775242824914 0.00014438285613244323 0.00000000099999999998 0.00000000099999999998 0.08668904757690611140 0.00000000099999999998 0.04344952213538059299 0.27168300467915262875 
0.00000000099999999954 0.00623982404120599146 0.89912814278733710349 0.00743989997002764917 0.00000000099999999954 0.00000000099999999954 0.06396751931892488696 0.00000000099999999954 0.00000000099999999954 0.02322460888250459446 
0.00000000099999999996 0.00000000099999999996 0.79033946528848675328 0.04749829326448693628 0.00000000099999999996 0.00000000099999999996 0.11722806329554646965 0.00000000099999999996 0.03055660756996822838 0.01437756558151159769 
0.00000000099999999998 0.00000000099999999998 0.29957956162514531862 0.47150021397556274305 0.00000000099999999998 0.00000000099999999998 0.22592460836450797834 0.00243938249588510330 0.00000000099999999998 0.00055622853889890627 
0.00000000099999999981 0.00000000099999999981 0.94327441445548720900 0.01630000105556696915 0.00000000099999999981 0.00000000099999999981 0.01910568201682057848 0.00000000099999999981 0.00000000099999999981 0.02131989647212528122 
0.00000000099999999999 0.01098696717658750877 0.58145643739455898924 0.00613986701750458570 0.00000000099999999999 0.00000000099999999999 0.00000002255946163491 0.00000000099999999999 0.00000372629436288959 0.40141297555752464277 
0.00000000099999999980 0.01599951787514924603 0.86955183461475293871 0.04618210906618387679 0.00000000099999999980 0.00000000099999999980 0.03820100058882389821 0.00000000099999999980 0.00000000099999999980 0.03006553285509017820 
0.00000000099999999989 0.00193035055540589505 0.95732682039180627687 0.02115103398369678339 0.00000000099999999989 0.00000000099999999989 0.01825851001473452126 0.00000000099999999989 0.00000000099999999989 0.00133328005435683658 
0.00000000099999999954 0.00829408795202668005 0.87106707410585593188 0.00761883342209115477 0.00000000099999999954 0.00000000099999999954 0.00870504867679877149 0.00000000099999999954 0.00000000099999999954 0.10431495084322765787 
0.00000000099999999985 0.00174544879326583380 0.87840776759683847352 0.02012353793165547883 0.00000000099999999985 0.00000000099999999985 0.02099081962234687279 0.00000000099999999985 0.00000000099999999985 0.07873242105589348117 
0.00000000099999999916 0.00000000099999999916 0.91582929374596788730 0.00868209436920479131 0.00000000099999999916 0.00000000099999999916 0.04439933513351639743 0.00000000099999999916 0.00000000099999999916 0.03108927075131081089 
