0.00000000099999999976 0.40864621461286293469 0.59135378338713695534 0.00000000099999999976 
0.00000000099999999977 0.41661125879780286363 0.58338873920219713742 0.00000000099999999977 
0.00000000099999999977 0.41206737205367305332 0.58793262594632678120 0.00000000099999999977 
0.00000000099999999977 0.41631119160512625177 0.58368880639487374928 0.00000000099999999977 
0.00000000099999999978 0.41526956047101354352 0.58473043752898634651 0.00000000099999999978 
0.00000000099999999979 0.40956707847820400525 0.59043291952179588478 0.00000000099999999979 
0.00000000099999999976 0.40751004802587248443 0.59248994997412751662 0.00000000099999999976 
0.00000000099999999978 0.41602937196188632951 0.58397062603811356052 0.00000000099999999978 
0.00000000099999999977 0.41029251467876270976 0.58970748332123712476 0.00000000099999999977 
0.00000000099999999978 0.41377625876989826414 0.58622373923010162589 0.00000000099999999978 
0.00000000099999999978 0.41107732526848067556 0.58892267273151921447 0.00000000099999999978 
0.00000000099999999982 0.41305831928897546179 0.58694167871102442824 0.00000000099999999982 
0.00000000099999999977 0.41133363125450794762 0.58866636674549188690 0.00000000099999999977 
0.00000000099999999977 0.40775015907608375132 0.59224983892391624973 0.00000000099999999977 
0.00000000099999999977 0.40907271957205509905 0.59092727842794479098 0.00000000099999999977 
0.00000000099999999977 0.41060453037876509796 0.58939546762123484758 0.00000000099999999977 
0.00000000099999999977 0.41057149152511118739 0.58942850647488875815 0.00000000099999999977 
0.00000000099999999979 0.41822454400691266851 0.58177545399308716600 0.00000000099999999979 
0.00000000099999999978 0.41705683128937465209 0.58294316671062529345 0.00000000099999999978 
0.00000000099999999978 0.42407462232302900462 0.57592537567697099643 0.00000000099999999978 
0.00000000099999999978 0.41426957802654901242 0.58573041997345098864 0.00000000099999999978 
0.00000000099999999978 0.40781972147621603497 0.59218027652378402159 0.00000000099999999978 
0.00000000099999999978 0.41045420258483678033 0.58954579541516305419 0.00000000099999999978 
0.00000000099999999979 0.40993628020736738726 0.59006371779263244726 0.00000000099999999979 
0.00000000099999999984 0.41167979681820088267 0.58832020118179917390 0.00000000099999999984 
0.00000000099999999978 0.40714302066369040256 0.59285697733630937645 0.00000000099999999978 
0.00000000099999999978 0.41024076250736113414 0.58975923549263875589 0.00000000099999999978 
0.00000000099999999978 0.41111832960614436150 0.58888166839385547302 0.00000000099999999978 
0.00000000099999999979 0.40888560203447249508 0.59111439596552739495 0.00000000099999999979 
0.00000000099999999979 0.40757865598690362630 0.59242134201309626373 0.00000000099999999979 
0.00000000099999999981 0.41567867689701576417 0.58432132110298407035 0.00000000099999999981 
0.00000000099999999984 0.41330607293591492546 0.58669392506408502008 0.00000000099999999984 
0.00000000099999999981 0.41393843882269371059 0.58606155917730606841 0.00000000099999999981 
0.00000000099999999982 0.41672982900115718152 0.58327016899884276402 0.00000000099999999982 
0.00000000099999999980 0.40411258618527734487 0.59588741181472260067 0.00000000099999999980 
0.00000000099999999982 0.42529646330786807784 0.57470353469213186770 0.00000000099999999982 
0.00000000099999999981 0.40958520982740009853 0.59041478817259984702 0.00000000099999999981 
0.00000000099999999981 0.41518626766573157871 0.58481373033426831132 0.00000000099999999981 
0.00000000099999999982 0.41334750160470207225 0.58665249639529770675 0.00000000099999999982 
0.00000000099999999984 0.42513572891236267592 0.57486426908763732513 0.00000000099999999984 
0.00000000099999999981 0.40753792050087728205 0.59246207749912260798 0.00000000099999999981 
0.00000000099999999983 0.41797865029175401697 0.58202134770824598409 0.00000000099999999983 
0.00000000099999999981 0.41571651776322826599 0.58428348023677167955 0.00000000099999999981 
0.00000000099999999982 0.41258058740291447819 0.58741941059708546735 0.00000000099999999982 
0.00000000099999999983 0.41267061339106897444 0.58732938460893102661 0.00000000099999999983 
0.00000000099999999982 0.42315768925512919907 0.57684230874487063545 0.00000000099999999982 
0.00000000099999999983 0.41359405067724219762 0.58640594732275763690 0.00000000099999999983 
0.00000000099999999986 0.41868972448992891611 0.58131027351007102943 0.00000000099999999986 
0.00000000099999999988 0.40661284874228503794 0.59338714925771485209 0.00000000099999999988 
0.00000000099999999989 0.42674678560099715829 0.57325321239900284276 0.00000000099999999989 
0.00000000099999999994 0.40655257986616583077 0.59344741813383405926 0.00000000099999999994 
0.00000000099999999983 0.40325709503049667060 0.00000000099999999983 0.59674290296950316392 
0.00000000099999999968 0.44223403560071233853 0.00000000099999999968 0.55776596239928755150 
0.00000000099999999990 0.49719294568386346311 0.00000000099999999990 0.50280705231613653794 
0.00000000099999999955 0.38885934836578617269 0.00000000099999999955 0.61114064963421388388 
0.00000000099999999963 0.39480235452418682707 0.00000000099999999963 0.60519764347581306296 
0.00000000099999999954 0.39671564452710500470 0.00000000099999999954 0.60328435347289488533 
0.00000000099999999973 0.39496974114800659228 0.00000000099999999973 0.60503025685199340877 
0.00000000099999999961 0.37194266287387622860 0.00000000099999999961 0.62805733512612382796 
0.00000000099999999971 0.40636225617073773453 0.00000000099999999971 0.59363774182926221101 
0.00446015842691163417 0.39883760240214177761 0.00000000099999999998 0.59670223817094669716 
0.00000000099999999964 0.42339343876338192407 0.00000000099999999964 0.57660655923661807698 
0.00000000099999999964 0.41883544104704029110 0.00000000099999999964 0.58116455695295976547 
0.00453772668584708286 0.42229798058032669283 0.00000000099999999997 0.57316429173382632545 
0.00000000099999999971 0.43524062563426102468 0.00000000099999999971 0.56475937236573892086 
0.00000000099999999989 0.39163623523281820837 0.00000000099999999989 0.60836376276718173717 
0.00000000099999999957 0.39302672521703746478 0.00000000099999999957 0.60697327278296253628 
0.00000000099999999976 0.49366231423691520064 0.00000000099999999976 0.50633768376308463388 
0.00000000099999999987 0.48940841629658016210 0.00000000099999999987 0.51059158170341978344 
0.00000000099999999966 0.43530350425529484859 0.00000000099999999966 0.56469649374470520797 
0.00000000099999999966 0.41106241236462376376 0.00000000099999999966 0.58893758563537623729 
0.00000000099999999966 0.41393440605294029577 0.00000000099999999966 0.58606559194705964977 
0.00000000099999999955 0.40348596658008734073 0.00000000099999999955 0.59651403141991254930 
0.00000000099999999969 0.44070101114835763534 0.00000000099999999969 0.55929898685164225469 
0.00000000099999999967 0.46387653371948850411 0.00000000099999999967 0.53612346428051149694 
0.00000000099999999983 0.49265119569141979650 0.00000000099999999983 0.50734880230858014905 
0.00000000099999999960 0.41342074599317324424 0.00000000099999999960 0.58657925200682681233 
0.00000000099999999972 0.47013937545337353141 0.00000000099999999972 0.52986062254662646964 
0.00465112090460309893 0.44820340061877417259 0.00000000099999999997 0.54714547747662267696 
0.00039811103479293555 0.39516965893420497036 0.00000000099999999997 0.60443222903100202181 
0.00000000099999999975 0.44828356688009945996 0.00000000099999999975 0.55171643111990043007 
0.00000000099999999965 0.38062860367068351852 0.00000000099999999965 0.61937139432931653804 
0.00129152031949979944 0.42537500063758737490 0.00103481853464005929 0.57229866050827282731 
0.00000000099999999983 0.55288308514137163296 0.00000000099999999983 0.44711691285862847911 
0.00000000099999999980 0.46007573117032507515 0.00000000099999999980 0.53992426682967487039 
0.00000000099999999973 0.48126468359404744879 0.00000000099999999973 0.51873531440595255226 
0.00000000099999999980 0.43050779613384537736 0.00000000099999999980 0.56949220186615456818 
0.00000000099999999973 0.49282973031703142253 0.00000000099999999973 0.50717026768296846750 
0.00000000099999999975 0.48873852102613118964 0.00000000099999999975 0.51126147697386881141 
0.00000000099999999975 0.52266100048474839479 0.00000000099999999975 0.47733899751525160626 
0.00124205867710361914 0.42020479076255584650 0.00000000100000000000 0.57855314956034054052 
0.00000000099999999985 0.44098957421718448790 0.00000000099999999985 0.55901042378281540213 
0.00000000099999999992 0.45536174994746747569 0.00000000099999999992 0.54463824805253246986 
0.00000000099999999978 0.40789109334063650136 0.00000000099999999978 0.59210890465936349969 
0.00000000099999999966 0.47764353025040723333 0.00000000099999999966 0.52235646774959265670 
0.00000000099999999966 0.46250732019697698982 0.00000000099999999966 0.53749267780302301123 
0.00000000099999999967 0.47936402202176442433 0.00000000099999999967 0.52063597597823563223 
0.00000000099999999967 0.46722978425676198189 0.00000000099999999967 0.53277021374323796366 
0.00000000099999999993 0.49838601520258790645 0.00000000099999999993 0.50161398279741187256 
0.00000000099999999967 0.45110196508789618397 0.00000000099999999967 0.54889803291210370606 
0.00000000099999999980 0.49898344378166686885 0.00000000099999999980 0.50101655421833302118 
0.00000000099999999967 0.44040777100520189791 0.00000000099999999967 0.55959222699479793661 
0.00000000099999999971 0.49378820911055049114 0.00000000099999999971 0.50621178888944939889 
0.00000000099999999978 0.47681456800895777315 0.00000000099999999978 0.52318542999104222790 
0.00000000099999999979 0.44030351363393360753 0.00000000099999999979 0.55969648436606644903 
0.00000000099999999970 0.45194842456518158347 0.00000000099999999970 0.54805157343481836207 
0.00000000099999999973 0.43239363790583540403 0.00000000099999999973 0.56760636009416465253 
0.00000000099999999980 0.45411805239648805887 0.00000000099999999980 0.54588194560351188667 
0.00000000099999999983 0.47645950372210477131 0.00000000099999999983 0.52354049427789517424 
0.00000000099999999970 0.44706909166810515632 0.00000000099999999970 0.55293090633189478922 
0.00000000099999999981 0.43421924193799726899 0.00000000099999999981 0.56578075606200251002 
0.00000000099999999966 0.48366311043128396019 0.00000000099999999966 0.51633688756871598535 
0.00000000099999999989 0.50929196736057458228 0.00000000099999999989 0.49070803063942547428 
0.00000000099999999986 0.48761984845245309739 0.00000000099999999986 0.51238014954754684815 
0.00000000099999999992 0.49626546170425511750 0.00000000099999999992 0.50373453629574493906 
0.00000000099999999979 0.44042709825193299134 0.00000000099999999979 0.55957289974806712074 
0.00000000099999999990 0.52700346784228202512 0.00000000099999999990 0.47299653015771803144 
0.00517532323481476823 0.41080271331905532373 0.00040338317438480564 0.58361858027174517982 
0.00370812447591283099 0.45501724374709257015 0.00042972082052624561 0.54084491095646847203 
0.00256970357577875714 0.45250390244367610926 0.00067789952075633219 0.54424849445978884521 
0.00118675972982117258 0.47251094772144958123 0.00000000099999999999 0.52630229154872931741 
0.00178912881727474947 0.49030969374809485473 0.00021656902559210751 0.50768460840903828490 
0.00245661715296963991 0.45313068513663412595 0.00000000100000000000 0.54441269671039616007 
0.00000000099999999973 0.00894576127419894132 0.00000000099999999973 0.99105423672580095218 
0.00000000099999999972 0.00000000099999999972 0.00000000099999999972 0.99999999699999997382 
0.00000000099999999977 0.00574527379278776031 0.00000000099999999977 0.99425472420721217048 
0.00000000099999999993 0.00000000099999999993 0.00000000099999999993 0.99999999700000008485 
0.00000000099999999967 0.00000000099999999967 0.00000000099999999967 0.99999999699999997382 
0.00000000099999999974 0.00000000099999999974 0.00000000099999999974 0.99999999700000008485 
0.00000000099999999980 0.00104982053685758760 0.00000000099999999980 0.99895017746314240803 
0.00000000099999999976 0.00686685444266914909 0.00000000099999999976 0.99313314355733095518 
0.00000000099999999972 0.00125754382868437705 0.00000000099999999972 0.99874245417131557456 
0.00000000099999999991 0.00000000099999999991 0.00000000099999999991 0.99999999700000008485 
0.00000000099999999972 0.00000000099999999972 0.00000000099999999972 0.99999999700000008485 
0.00000000099999999969 0.00459945641285982362 0.00000000099999999969 0.99540054158714019739 
0.00000000099999999972 0.00000000099999999972 0.00000000099999999972 0.99999999700000008485 
0.00000000099999999974 0.00000000099999999974 0.00000000099999999974 0.99999999700000008485 
0.00000000099999999983 0.00000000099999999983 0.00000000099999999983 0.99999999699999997382 
0.00000000099999999977 0.03256313798245594887 0.00000000099999999977 0.96743686001754403136 
0.00000000099999999980 0.00508966148683506064 0.00000000099999999980 0.99491033651316496123 
0.00000000099999999961 0.00000000099999999961 0.00000000099999999961 0.99999999700000008485 
0.00149685778650350022 0.01379865715531708795 0.00051693459118774972 0.98418755046699168965 
0.00135730715162421349 0.06203767525866067667 0.00000000099999999998 0.93660501658971517802 
0.00000000099999999990 0.00000000099999999990 0.00000000099999999990 0.99999999699999997382 
0.00380329262204145502 0.07086993293771771951 0.00178795474825618923 0.92353881969198470259 
0.00175192774966447798 0.06889893086505773090 0.00000000099999999996 0.92934914038527782765 
0.00305882316010026422 0.06447626822648948319 0.00000000099999999998 0.93246490761341038755 
0.00099068695592856738 0.01049039352519632630 0.00000000099999999997 0.98851891851887496721 
0.00229822911751093647 0.07098747505817275261 0.00030358735195122269 0.92641070847236506314 
0.00175434410421072937 0.04090451730680119691 0.00000000099999999998 0.95734113758898808921 
0.00084333479031307513 0.03659612101864691963 0.00000000099999999999 0.96256054319104000783 
0.00000000099999999996 0.03208878597235081953 0.00120095565933214278 0.96671025736831706077 
0.00000000099999999989 0.07144604026877864056 0.00000000099999999989 0.92855395773122129111 
0.00080687775033674608 0.04069292235656378487 0.00057164902915312428 0.95792855086394634867 
0.00273565030866228676 0.04532373248013311234 0.00079492407413110991 0.95114569313707353349 
0.00556580448025931294 0.06298861804660556285 0.00000000099999999999 0.93144557647313508397 
0.00000000099999999993 0.02483786708241259716 0.00000000099999999993 0.97516213091758729981 
0.00000000099999999987 0.07245062411818908865 0.00000000099999999987 0.92754937388181091240 
0.00000000099999999978 0.08711908888251027050 0.00000000099999999978 0.91288090911748975831 
0.00000000100000000000 0.04401388000956482638 0.00000000100000000000 0.95598611799043520243 
0.00000000100000000000 0.07752414457348785759 0.00863686999985806281 0.91383898442665401074 
0.00209585080880590659 0.16594490117347537872 0.00113981453911271265 0.83081943347860598426 
0.01174254552703600171 0.19006121048764326731 0.00000000191275246445 0.79819624207256822945 
0.00000000099999999991 0.06758277929419868879 0.00279995349839948140 0.92961726620740192661 
0.01108957313924665081 0.12202197999959069064 0.00000000100000000000 0.86688844586116275970 
0.00028156538932651830 0.22393802021091319121 0.00000000100000000000 0.77578041339976033797 
0.00000000099999999995 0.01588451616912681802 0.00000000099999999995 0.98411548183087316222 
0.00000000100000000000 0.00209969348737383847 0.00557426791170557209 0.99232603760092064071 
0.00000000099999999994 0.04073352722981887081 0.00840847589682532787 0.95085799587335573246 
0.00000000099999999998 0.01821473010279372334 0.00000000099999999998 0.98178526789720621526 
0.00000000099999999993 0.02001071668100591616 0.00338546732823249942 0.97660381499076154288 
0.00000000099999999998 0.02969249294630836936 0.00106313008724922111 0.96924437596644252846 
0.00000000099999999964 0.04219934617666102478 0.00000000099999999964 0.95780065182333895546 
0.00000000099999999979 0.01268758371993319173 0.00000000099999999979 0.98731241428006677463 
0.00111552823915493757 0.25667072334387991406 0.00000000099999999996 0.74221374741696521937 
0.00000000099999999992 0.22833317216439749653 0.00006052868877489746 0.77160629814682746286 
0.28709617459002240158 0.13340896203844376799 0.00000000099999999999 0.57949486237153380319 
0.00318610931806036961 0.28691822530991784035 0.00075049782683624295 0.70914516754518552855 
0.00295649338457670526 0.26380087671175939112 0.00048111049490678632 0.73276151940875700053 
0.31032626660151574338 0.12190563100653900586 0.00000000099999999999 0.56776810139194511251 
0.24293707104134135144 0.18179700808315421567 0.00000000099999999999 0.57526591987550435014 
0.24527349320727862003 0.13802847930923034525 0.00000000099999999999 0.61669802648349103524 
0.23095697548122767762 0.15452164758141700984 0.00000000100000000000 0.61452137593735522980 
0.22417700207601751194 0.18371991890570965600 0.00000000099999999999 0.59210307801827288809 
0.00000000099999999985 0.25034429492308629683 0.00000000099999999985 0.74965570307691353769 
0.27466239891924110195 0.14564572110272167027 0.00000000099999999999 0.57969187897803720055 
0.00627062121857196748 0.24271388099914606440 0.00092046939240973560 0.75009502838987229811 
0.29913376331063823432 0.15903572220766701295 0.00000000099999999999 0.54183051348169486428 
0.00000000099999999989 0.27531209663072869764 0.00000000099999999989 0.72468790136927119239 
0.00000000099999999981 0.27681034950917016157 0.00000000099999999981 0.72318964849082978397 
0.29144224359927040080 0.17758754857976974395 0.00000000099999999999 0.53097020682095996680 
0.00000000099999999992 0.23293205432283117795 0.00024867952065983054 0.76681926515650911114 
0.00208614632018153546 0.26716143485075610764 0.00000000099999999997 0.73075241782906241728 
0.00249106570222761481 0.13677041372516929307 0.00144830114740269263 0.85929021942520045219 
0.04756615549759535960 0.06146341179404785776 0.00000000100000000000 0.89097043170835665826 
0.00000000100000000000 0.06661471093129492371 0.00148219447174630201 0.93190309359695877589 
0.00000000099999999999 0.00651177999517963714 0.00148442471706367106 0.99200379428775664614 
0.02554681566200688383 0.06366011996766092473 0.00000000100000000000 0.91079306337033227869 
0.00000000099999999973 0.00000902573376117751 0.00000000099999999973 0.99999097226623889778 
0.00000000099999999974 0.00000000099999999974 0.00000000099999999974 0.99999999700000008485 
0.13444656844641997284 0.01165930604204138202 0.00000000100000000000 0.85389412451153867689 
0.00000000099999999996 0.00000000099999999996 0.00000000099999999996 0.99999999700000008485 
0.00000000099999999986 0.00000000099999999986 0.00000000099999999986 0.99999999700000008485 
0.00000000099999999947 0.00000000099999999947 0.00000000099999999947 0.99999999700000008485 
0.00000000099999999964 0.00025308691844120988 0.00000000099999999964 0.99974691108155877561 
0.00000000099999999964 0.00086460491954962583 0.00000000099999999964 0.99913539308045051790 
0.00000000099999999963 0.00000000099999999963 0.00000000099999999963 0.99999999700000008485 
0.00000000099999999955 0.00000000099999999955 0.00000000099999999955 0.99999999699999997382 
0.00000000099999999975 0.00928267903653717287 0.00000000099999999975 0.99071731896346271196 
0.00000000099999999986 0.00400508797008441129 0.00000000099999999986 0.99599491002991558108 
0.00000000099999999966 0.00000000099999999966 0.00000000099999999966 0.99999999699999997382 
0.00630002820540588419 0.00000000099999999999 0.00000000099999999999 0.99369996979459407349 
0.00000000099999999991 0.03600946672613140193 0.00000000099999999991 0.96399053127386868933 
0.00000000099999999980 0.00668255081360772524 0.00000000099999999980 0.99331744718639236602 
0.00000000099999999989 0.00670787892523749991 0.00000000099999999989 0.99329211907476255838 
0.00000000099999999964 0.00000000099999999964 0.00000000099999999964 0.99999999699999997382 
0.00000000099999999978 0.00000000099999999978 0.00000000099999999978 0.99999999699999997382 
0.00000000099999999996 0.00855716141360723243 0.00021619116158506400 0.99122664642480762254 
0.00458649417767432836 0.04253509526944260905 0.00000000099999999999 0.95287840955288294342 
0.00000000099999999980 0.01154216531167105708 0.00000000099999999980 0.98845783268832887458 
0.00000000099999999977 0.00841137791469167770 0.00000000099999999977 0.99158862008530823662 
0.00000000099999999959 0.00000000099999999959 0.00000000099999999959 0.99999999700000008485 
0.00000000099999999976 0.00471904643355678093 0.00000000099999999976 0.99528095156644325048 
0.00000000099999999977 0.02643024988738797154 0.00000000099999999977 0.97356974811261209890 
0.00000000099999999982 0.00803992250769285793 0.00000000099999999982 0.99196007549230713618 
0.00000000099999999997 0.09070073442664798591 0.00120472222822513267 0.90809454234512698712 
0.00000000100000000000 0.01666490279402205871 0.00050863951854566937 0.98282645668743240375 
0.00000000099999999989 0.00000000099999999989 0.00000000099999999989 0.99999999699999997382 
0.00056988420659886724 0.05304890354949614445 0.00000000099999999997 0.94638121124390506278 
0.00000000099999999984 0.00000000099999999984 0.00000000099999999984 0.99999999700000008485 
0.00263332591153886799 0.00000000100000000000 0.00264488513149264233 0.99472178795696852838 
0.00198248128032365223 0.00000000099999999998 0.00000000099999999998 0.99801751671967642299 
0.00658948803362104530 0.01221344371561892093 0.00291854986735091667 0.97827851838340917912 
0.00613113630203284722 0.00000000099999999998 0.00000000099999999998 0.99386886169796728741 
0.00189532444099445763 0.00000000099999999999 0.00000000099999999999 0.99810467355900556186 
0.00000000099999999986 0.01917413500277408492 0.00000000099999999986 0.98082586299722596124 
0.00000000099999999985 0.00614729067881913862 0.00000000099999999985 0.99385270732118091708 
0.00000000099999999984 0.02841916536520088660 0.00000000099999999984 0.97158083263479910752 
0.00000000099999999998 0.00656878536801229224 0.00228215359489648264 0.99114906003709124516 
0.00000000099999999972 0.00000000099999999972 0.00000000099999999972 0.99999999700000008485 
0.00013528403861899453 0.00427059402392288186 0.00260779224923181991 0.99298632968822619915 
0.00000000099999999998 0.15808752039175585913 0.00163156142304799173 0.84028091718519615227 
0.00000000099999999984 0.07534891362543345850 0.00000000099999999984 0.92465108437456666746 
0.00000000100000000000 0.00040251975232616046 0.00069705174330787312 0.99890042750436602859 
0.00000000099999999996 0.00000000099999999996 0.00000000099999999996 0.99999999700000008485 
0.00000000099999999999 0.00326161269738197606 0.00146737830202869207 0.99527100800058942998 
0.00140754051792391804 0.00000001011178250038 0.00269003199635643904 0.99590241737393703225 
0.00000000099999999989 0.02094214269219195346 0.00000000099999999989 0.97905785530780797821 
0.00000000099999999987 0.00388863168603928271 0.00000000099999999987 0.99611136631396079988 
0.00000000099999999985 0.04792237634073714947 0.00000000099999999985 0.95207762165926290709 
0.00000000099999999996 0.00000000099999999996 0.00129698356152014162 0.99870301443847997458 
0.00000000099999999982 0.00000000099999999982 0.00000000099999999982 0.99999999699999997382 
0.00000000099999999976 0.00000000099999999976 0.00000000099999999976 0.99999999700000008485 
0.00731285130136658315 0.00000000167018273891 0.00042082817086795969 0.99226631885758276308 
0.00000000099999999979 0.00000000099999999979 0.00000000099999999979 0.99999999700000008485 
0.00000000099999999999 0.01378865723953054921 0.00053155480733299738 0.98567978695313651638 
0.00000000099999999974 0.00000000099999999974 0.00000000099999999974 0.99999999699999997382 
0.00000000099999999993 0.00000000913077704594 0.00000000099999999993 0.99999998886922292218 
0.00077234546097129252 0.00464738432909306363 0.00015799226288217865 0.99442227794705351229 
0.00226460827946949788 0.02769657905637559411 0.00363331652689267374 0.96640549613726223210 
0.00129216768207198103 0.00000000099999999999 0.00000000099999999999 0.99870783031792798035 
0.00000000099999999993 0.00000000099999999993 0.00000000099999999993 0.99999999700000008485 
0.00091798689429399647 0.00671712636268851412 0.00000000099999999997 0.99236488574301739973 
0.00070116470452576943 0.01635609547880620754 0.00000000099999999998 0.98294273881666816006 
0.00000000099999999995 0.01790886210808816104 0.00000000099999999995 0.98209113589191177063 
0.00000000099999999997 0.00000000099999999997 0.00000000099999999997 0.99999999699999997382 
0.00835643151194541932 0.00267252643662262493 0.00000000099999999998 0.98897104105143196495 
0.00261606025175073736 0.00000000100000000000 0.00111880474710224481 0.99626513400114702357 
0.00095765024287646275 0.00793039574474277593 0.00122953359436728379 0.98988242041801344229 
0.01281231435456047299 0.09285196907971007829 0.00000000100000000000 0.89433571556572932781 
0.00255822267487787859 0.01074135343969447216 0.00061937431978384611 0.98608104956564379684 
0.00243568187566078377 0.03040496482293661429 0.00000000099999999999 0.96715935230140259726 
0.00000000099999999991 0.00000000099999999991 0.00000000099999999991 0.99999999699999997382 
0.00000000099999999974 0.00000000099999999974 0.00000000099999999974 0.99999999700000008485 
0.00000000099999999986 0.00007061928832132402 0.00000000099999999986 0.99992937871167864028 
0.00000000099999999996 0.00550493828285293901 0.00011202048153166383 0.99438304023561552292 
0.00000000099999999989 0.01058908705250420808 0.00000000099999999989 0.98941091094749589185 
0.00093794192877937402 0.00000000099999999998 0.00000000099999999998 0.99906205607122067214 
0.00447934699662496175 0.00000000100000000000 0.00022958460182725130 0.99529106740154782429 
0.00000000099999999998 0.00000000099999999998 0.00000000099999999998 0.99999999700000008485 
0.00567487521235270683 0.00000000100000000000 0.00000000100000000000 0.99432512278764728642 
0.00098647138334281566 0.00720315367663430187 0.00226745897345291721 0.98954291596656984709 
0.00554873559450459915 0.00000006400250521463 0.00111067363753595020 0.99334052676545425697 
0.00601600833715684041 0.00258769827775515810 0.00278587701721460428 0.98861041636787350129 
0.01216244099631377112 0.01191823495949323117 0.00000003482168317882 0.97591928922250981149 
0.00000000100000000000 0.00060091566559508528 0.00001113740668656551 0.99938794592771840186 
0.00000000099999999983 0.00000000099999999983 0.00000000099999999983 0.99999999700000008485 
0.00000000099999999988 0.00000000099999999988 0.00000000099999999988 0.99999999699999997382 
0.00000000099999999998 0.00444428146842443337 0.00176979880759110006 0.99378591872398447382 
0.00000000099999999989 0.01114194529373365057 0.00000000099999999989 0.98885805270626636609 
0.00000000099999999997 0.03820346283652276131 0.00062169929076643878 0.96117483687271076942 
0.00000000099999999990 0.01154623349656235150 0.00000000099999999990 0.98845376450343769292 
0.00000000099999999988 0.00000000099999999988 0.00000000099999999988 0.99999999700000008485 
0.00000000099999999960 0.00224481757400736602 0.00000000099999999960 0.99775518042599253832 
0.00000000099999999996 0.00000000099999999996 0.00000000099999999996 0.99999999700000008485 
0.00000000099999999996 0.00027713193863666076 0.00000000099999999996 0.99972286606136329112 
0.00000000099999999995 0.04355614422257953616 0.00000000099999999995 0.95644385377742058285 
0.00000000099999999995 0.03063120552597755480 0.00000000099999999995 0.96936879247402241155 
0.00000000099999999994 0.00921629962471585094 0.00000000099999999994 0.99078369837528412756 
0.00057106521950965735 0.02075609022951455454 0.00000000099999999998 0.97867284355097583504 
0.00000000099999999989 0.00000000099999999989 0.00000000099999999989 0.99999999699999997382 
0.00611760385462658835 0.02201847444238590884 0.00000000100000000000 0.97186392070298743828 
0.00728651554074379471 0.02506925646488415704 0.00000000099999999999 0.96764422699437191433 
0.00037267826108522379 0.00000000099999999999 0.00097814955829792264 0.99864917118061691248 
0.00201179669548962221 0.00000000099999999998 0.00000000099999999998 0.99798820130451038057 
0.00000000099999999971 0.00000000099999999971 0.00000000099999999971 0.99999999699999997382 
0.00000000099999999989 0.01803457119532534889 0.00000000099999999989 0.98196542680467457931 
0.00000000099999999982 0.00000000099999999982 0.00000000099999999982 0.99999999700000008485 
0.00000000099999999986 0.00872511776054876904 0.00000000099999999986 0.99127488023945131701 
0.00000000099999999983 0.00000003936675230540 0.00000000099999999983 0.99999995863324764311 
0.00000000099999999986 0.02067056577701808021 0.00000000099999999986 0.97932943222298196595 
0.00000000099999999976 0.00733599310558170990 0.00000000099999999976 0.99266400489441830590 
0.00164043064022739542 0.09841214460096786576 0.00000059561760962887 0.89994682914119505934 
0.00000000099999999984 0.00000000099999999984 0.00000000099999999984 0.99999999699999997382 
0.00000000099999999986 0.00000000099999999986 0.00000000099999999986 0.99999999700000008485 
0.00000000099999999989 0.01887034620828468429 0.00000000099999999989 0.98112965179171529595 
0.00000000099999999978 0.00520852368145064640 0.00000000099999999978 0.99479147431854941797 
0.00000000099999999980 0.00000000099999999980 0.00000000099999999980 0.99999999700000008485 
0.00000000099999999994 0.00000002304917643828 0.00000000099999999994 0.99999997495082360022 
0.00000000099999999980 0.00000000099999999980 0.00000000099999999980 0.99999999699999997382 
0.00000000099999999982 0.00475171152724257386 0.00000000099999999982 0.99524828647275742632 
0.00000000099999999975 0.00000000099999999975 0.00000000099999999975 0.99999999699999997382 
0.00000000099999999973 0.00299228766252632779 0.00000000099999999973 0.99700771033747359606 
0.00000000099999999981 0.00000000099999999981 0.00000000099999999981 0.99999999699999997382 
0.00224226097174457396 0.00000000099999999997 0.00000000099999999997 0.99775773702825543143 
0.00148758816081998751 0.00000000099999999999 0.00000000099999999999 0.99851240983917988192 
0.00110757387181321639 0.00145223110790418971 0.00000000099999999998 0.99744019402028250010 
0.00000000099999999989 0.00000000099999999989 0.00000000099999999989 0.99999999699999997382 
0.00000000099999999957 0.00000000099999999957 0.00000000099999999957 0.99999999699999997382 
0.00000000099999999959 0.00000000099999999959 0.00000000099999999959 0.99999999700000008485 
0.00000000099999999977 0.00248757210039747198 0.00000000099999999977 0.99751242589960242846 
0.00000000099999999969 0.00000000099999999969 0.00000000099999999969 0.99999999700000008485 
0.00000000099999999964 0.00257514456524594220 0.00000000099999999964 0.99742485343475406623 
0.00000000099999999960 0.00043860132910911783 0.00000000099999999960 0.99956139667089083378 
0.00000000099999999973 0.00000000099999999973 0.00000000099999999973 0.99999999700000008485 
0.00000000099999999955 0.00000000099999999955 0.00000000099999999955 0.99999999700000008485 
0.00000000099999999982 0.00468209133286237589 0.00000000099999999982 0.99531790666713770843 
0.00000000099999999969 0.00166912715227540850 0.00000000099999999969 0.99833087084772464959 
0.00000000099999999963 0.00000000099999999963 0.00000000099999999963 0.99999999700000008485 
0.00000000099999999986 0.00928854124709351144 0.00000000099999999986 0.99071145675290661625 
0.00000000099999999980 0.00000000099999999980 0.00000000099999999980 0.99999999699999997382 
0.00000000099999999983 0.00000000099999999983 0.00000000099999999983 0.99999999699999997382 
0.00000000099999999979 0.00000000099999999979 0.00000000099999999979 0.99999999700000008485 
0.00000000099999999976 0.00000663626746088461 0.00000000099999999976 0.99999336173253905447 
0.00000000099999999967 0.00000000099999999967 0.00000000099999999967 0.99999999700000008485 
0.00000000099999999966 0.00259652022485547512 0.00000000099999999966 0.99740347777514448691 
0.00000000099999999979 0.00000000099999999979 0.00000000099999999979 0.99999999699999997382 
0.00000000099999999981 0.00649958244656534141 0.00000000099999999981 0.99350041555343460153 
0.00000000099999999969 0.00856353060501845176 0.00000000099999999969 0.99143646739498159093 
0.00391269950661497605 0.00806939079249727187 0.00000000099999999998 0.98801790870088790353 
0.00633834030404316871 0.02097564772236952882 0.00000000099999999999 0.97268601097358720065 
0.00000000099999999990 0.00000000099999999990 0.00000000099999999990 0.99999999699999997382 
0.00274094211014131155 0.01963946385156490476 0.00000000100000000000 0.97761959303829371049 
0.00438981115587294603 0.00468435411574772906 0.00000000100000000000 0.99092583372837927946 
0.00496790543135318570 0.00000000099999999999 0.00000000099999999999 0.99503209256864677545 
0.00135532277016608385 0.00000000099999999997 0.00000000099999999997 0.99864467522983402237 
0.00000000099999999995 0.00000000099999999995 0.00000000099999999995 0.99999999700000008485 
0.00291342312189098694 0.00000000099999999998 0.00000000099999999998 0.99708657487810892217 
0.00263478943870363701 0.00495409008798459918 0.00000000099999999999 0.99241111947331162035 
0.00000000099999999984 0.00239624133668186199 0.00000000099999999984 0.99760375666331813083 
0.00623311421714507676 0.01754402409494833920 0.00000000100000000000 0.97622286068790653513 
0.00220474752371725355 0.00529000981186886297 0.00123848278858715907 0.99126675987582679728 
0.00000000100000000000 0.64718486032975786060 0.00249782621927219879 0.35031731245097003091 
0.00000000100000000000 0.60582041734486680173 0.00542534569703935574 0.38875423595809394106 
0.00511217084748944069 0.38166574947782405669 0.00000000100000000000 0.61322207867468647713 
0.00000000099999999982 0.00961525033123619699 0.00000000099999999982 0.99038474766876372080 
0.00000000099999999979 0.00222817639847500398 0.00000000099999999979 0.99777182160152499968 
0.00000000099999999973 0.00000000099999999973 0.00000000099999999973 0.99999999700000008485 
0.00000000099999999973 0.00000000099999999973 0.00000000099999999973 0.99999999699999997382 
0.00866187835475028256 0.00140335158061048455 0.00000000099999999999 0.98993476906463928611 
0.00000000099999999992 0.00000000099999999992 0.00027036424828042995 0.99972963375171952638 
0.00094223895241180857 0.01407063356816173547 0.00000000099999999998 0.98498712647942654463 
0.00000000099999999975 0.00000000099999999975 0.00000000099999999975 0.99999999699999997382 
0.00000000099999999982 0.00000000099999999982 0.00000000099999999982 0.99999999699999997382 
0.00000000099999999986 0.00000000099999999986 0.00000000099999999986 0.99999999699999997382 
0.00000000099999999980 0.00000000099999999980 0.00000000099999999980 0.99999999700000008485 
0.00000000099999999998 0.00000000099999999998 0.00412080293516626367 0.99587919506483368881 
0.00000000099999999981 0.00000000099999999981 0.00117778385174461967 0.99882221414825544947 
0.00000000099999999993 0.00000000099999999993 0.00374529382313016192 0.99625470417686978752 
0.00000000099999999970 0.00000000099999999970 0.00000000099999999970 0.99999999700000008485 
0.00000000099999999962 0.00000000099999999962 0.00000000099999999962 0.99999999700000008485 
0.00000000099999999987 0.00179230506366696027 0.00523983312913019542 0.99296786080720278456 
0.00000000099999999972 0.00000000099999999972 0.00000000099999999972 0.99999999700000008485 
0.00000000099999999966 0.00000000099999999966 0.00000000099999999966 0.99999999700000008485 
0.00000000099999999975 0.00000000099999999975 0.00000000099999999975 0.99999999699999997382 
0.00000000099999999967 0.00212345561716733959 0.00000000099999999967 0.99787654238283263197 
0.00000000099999999976 0.00000000099999999976 0.00000000099999999976 0.99999999699999997382 
0.00269456919788190960 0.00000000099999999998 0.00000000099999999998 0.99730542880211803247 
0.00000000099999999972 0.00590633287780219663 0.00000000099999999972 0.99409366512219787815 
0.00000000099999999977 0.00000000099999999977 0.00000000099999999977 0.99999999699999997382 
0.00000000099999999963 0.00727906542245117943 0.00000000099999999963 0.99272093257754878692 
0.00256760307092880353 0.00289779649320075130 0.00000000099999999998 0.99453459943587052550 
0.00000000099999999964 0.00000000099999999964 0.00000000099999999964 0.99999999699999997382 
0.00000000099999999962 0.00269858160969219541 0.00000000099999999962 0.99730141639030789324 
0.00000000099999999973 0.01037527307514245212 0.00000000099999999973 0.98962472492485753506 
0.00000000099999999950 0.00000000099999999950 0.00000000099999999950 0.99999999700000008485 
0.00000000099999999958 0.00301002199942046423 0.00000000099999999958 0.99698997600057948087 
0.00000000099999999979 0.00000000099999999979 0.00000000099999999979 0.99999999699999997382 
0.00000000099999999970 0.01479500993702911014 0.00000000099999999970 0.98520498806297085448 
0.00000000099999999967 0.00000000099999999967 0.00000000099999999967 0.99999999700000008485 
0.00000000099999999988 0.04375542062785534730 0.00000000099999999988 0.95624457737214452191 
0.00000000099999999977 0.01220190082826603205 0.00000000099999999977 0.98779809717173405748 
0.00000000099999999992 0.00000000099999999992 0.00000000099999999992 0.99999999700000008485 
0.00000000099999999974 0.00311949818993467786 0.00000000099999999974 0.99688049981006521261 
0.00000000099999999990 0.01713869802190415292 0.00000000099999999990 0.98286129997809579262 
0.00000000099999999981 0.01698262807462414675 0.00000000099999999981 0.98301736992537591675 
0.00000000099999999970 0.00351600644202699564 0.00000000099999999970 0.99648399155797295901 
0.00000000099999999967 0.00000000099999999967 0.00000000099999999967 0.99999999699999997382 
0.00000000099999999971 0.00816836446234803400 0.00000000099999999971 0.99183163353765191328 
0.00000000099999999988 0.04224499468612499115 0.00000000099999999988 0.95775500331387497521 
0.00000000099999999958 0.00000000099999999958 0.00000000099999999958 0.99999999700000008485 
0.00000000099999999984 0.00210590046608693376 0.00000000099999999984 0.99789409753391300484 
0.00390695471435013354 0.00000456080158680355 0.00000000099999999998 0.99608848348406320294 
0.00000000099999999971 0.00000000099999999971 0.00000000099999999971 0.99999999700000008485 
0.00000000099999999975 0.00000000099999999975 0.00000000099999999975 0.99999999700000008485 
0.00000000099999999948 0.00000000099999999948 0.00000000099999999948 0.99999999700000008485 
0.00152442661338713075 0.00273800678357418630 0.00000000099999999998 0.99573756560303872121 
0.00115346929877855621 0.00000000099999999993 0.00000000099999999993 0.99884652870122148105 
0.00000000099999999966 0.00000000099999999966 0.00000000099999999966 0.99999999700000008485 
0.00000000099999999961 0.00000000099999999961 0.00000000099999999961 0.99999999699999997382 
0.00000000099999999983 0.00000000099999999983 0.00000000099999999983 0.99999999699999997382 
0.00000000099999999954 0.00000000099999999954 0.00000000099999999954 0.99999999699999997382 
0.00000000099999999997 0.00000000099999999997 0.00000000099999999997 0.99999999700000008485 
0.00000000099999999993 0.00000000099999999993 0.00000000099999999993 0.99999999700000008485 
0.00000000099999999977 0.00000000099999999977 0.00000000099999999977 0.99999999699999997382 
0.00000000099999999986 0.00000000099999999986 0.00000000099999999986 0.99999999700000008485 
0.00090766380758152603 0.00000009768342819123 0.00000000099999999999 0.99909223750899023297 
0.00000000099999999992 0.00000000099999999992 0.00000000099999999992 0.99999999699999997382 
0.00329464582578790693 0.00000000099999999999 0.00000000099999999999 0.99670535217421218910 
0.00218775685451055510 0.00720646340896076865 0.00000000099999999996 0.99060577873652866376 
