0.00000000099999999869 0.00000000099999999869 0.00000000099999999869 0.99999999399999994765 0.00000000099999999869 0.00000000099999999869 0.00000000099999999869 
0.00000000099999999875 0.00000000099999999875 0.00000000099999999875 0.99999999399999994765 0.00000000099999999875 0.00000000099999999875 0.00000000099999999875 
0.00000000099999999873 0.00000000099999999873 0.00000000099999999873 0.99999999399999983662 0.00000000099999999873 0.00000000099999999873 0.00000000099999999873 
0.00000000099999999875 0.00000000099999999875 0.00000000099999999875 0.99999999399999994765 0.00000000099999999875 0.00000000099999999875 0.00000000099999999875 
0.00000000099999999879 0.00000000099999999879 0.00000000099999999879 0.99999999399999994765 0.00000000099999999879 0.00000000099999999879 0.00000000099999999879 
0.00000000099999999880 0.00000000099999999880 0.00000000099999999880 0.99999999399999983662 0.00000000099999999880 0.00000000099999999880 0.00000000099999999880 
0.00000000099999999872 0.00000000099999999872 0.00000000099999999872 0.99999999399999983662 0.00000000099999999872 0.00000000099999999872 0.00000000099999999872 
0.00000000099999999883 0.00000000099999999883 0.00000000099999999883 0.99999999399999994765 0.00000000099999999883 0.00000000099999999883 0.00000000099999999883 
0.00000000099999999875 0.00000000099999999875 0.00000000099999999875 0.99999999399999983662 0.00000000099999999875 0.00000000099999999875 0.00000000099999999875 
0.00000000099999999882 0.00000000099999999882 0.00000000099999999882 0.99999999399999983662 0.00000000099999999882 0.00000000099999999882 0.00000000099999999882 
0.00000000099999999878 0.00000000099999999878 0.00000000099999999878 0.99999999399999983662 0.00000000099999999878 0.00000000099999999878 0.00000000099999999878 
0.00000000099999999900 0.00000000099999999900 0.00000000099999999900 0.99999999399999994765 0.00000000099999999900 0.00000000099999999900 0.00000000099999999900 
0.00000000099999999878 0.00000000099999999878 0.00000000099999999878 0.99999999399999983662 0.00000000099999999878 0.00000000099999999878 0.00000000099999999878 
0.00000000099999999874 0.00000000099999999874 0.00000000099999999874 0.99999999399999983662 0.00000000099999999874 0.00000000099999999874 0.00000000099999999874 
0.00000000099999999877 0.00000000099999999877 0.00000000099999999877 0.99999999399999983662 0.00000000099999999877 0.00000000099999999877 0.00000000099999999877 
0.00000000099999999876 0.00000000099999999876 0.00000000099999999876 0.99999999399999994765 0.00000000099999999876 0.00000000099999999876 0.00000000099999999876 
0.00000000099999999876 0.00000000099999999876 0.00000000099999999876 0.99999999399999994765 0.00000000099999999876 0.00000000099999999876 0.00000000099999999876 
0.00000000099999999884 0.00000000099999999884 0.00000000099999999884 0.99999999399999983662 0.00000000099999999884 0.00000000099999999884 0.00000000099999999884 
0.00000000099999999887 0.00000000099999999887 0.00000000099999999887 0.99999999399999983662 0.00000000099999999887 0.00000000099999999887 0.00000000099999999887 
0.00000000099999999885 0.00000000099999999885 0.00000000099999999885 0.99999999399999994765 0.00000000099999999885 0.00000000099999999885 0.00000000099999999885 
0.00000000099999999880 0.00000000099999999880 0.00000000099999999880 0.99999999399999994765 0.00000000099999999880 0.00000000099999999880 0.00000000099999999880 
0.00000000099999999883 0.00000000099999999883 0.00000000099999999883 0.99999999399999983662 0.00000000099999999883 0.00000000099999999883 0.00000000099999999883 
0.00000000099999999880 0.00000000099999999880 0.00000000099999999880 0.99999999399999994765 0.00000000099999999880 0.00000000099999999880 0.00000000099999999880 
0.00000000099999999883 0.00000000099999999883 0.00000000099999999883 0.99999999399999994765 0.00000000099999999883 0.00000000099999999883 0.00000000099999999883 
0.00000000099999999917 0.00000000099999999917 0.00000000099999999917 0.99999999399999994765 0.00000000099999999917 0.00000000099999999917 0.00000000099999999917 
0.00000000099999999879 0.00000000099999999879 0.00000000099999999879 0.99999999399999994765 0.00000000099999999879 0.00000000099999999879 0.00000000099999999879 
0.00000000099999999884 0.00000000099999999884 0.00000000099999999884 0.99999999399999994765 0.00000000099999999884 0.00000000099999999884 0.00000000099999999884 
0.00000000099999999886 0.00000000099999999886 0.00000000099999999886 0.99999999399999994765 0.00000000099999999886 0.00000000099999999886 0.00000000099999999886 
0.00000000099999999887 0.00000000099999999887 0.00000000099999999887 0.99999999399999983662 0.00000000099999999887 0.00000000099999999887 0.00000000099999999887 
0.00000000099999999883 0.00000000099999999883 0.00000000099999999883 0.99999999399999994765 0.00000000099999999883 0.00000000099999999883 0.00000000099999999883 
0.00000000099999999901 0.00000000099999999901 0.00000000099999999901 0.99999999399999994765 0.00000000099999999901 0.00000000099999999901 0.00000000099999999901 
0.00000000099999999918 0.00000000099999999918 0.00000000099999999918 0.99999999400000005867 0.00000000099999999918 0.00000000099999999918 0.00000000099999999918 
0.00000000099999999895 0.00000000099999999895 0.00000000099999999895 0.99999999399999983662 0.00000000099999999895 0.00000000099999999895 0.00000000099999999895 
0.00000000099999999909 0.00000000099999999909 0.00000000099999999909 0.99999999400000005867 0.00000000099999999909 0.00000000099999999909 0.00000000099999999909 
0.00000000099999999895 0.00000000099999999895 0.00000000099999999895 0.99999999399999994765 0.00000000099999999895 0.00000000099999999895 0.00000000099999999895 
0.00000000099999999905 0.00000000099999999905 0.00000000099999999905 0.99999999400000005867 0.00000000099999999905 0.00000000099999999905 0.00000000099999999905 
0.00000000099999999898 0.00000000099999999898 0.00000000099999999898 0.99999999399999983662 0.00000000099999999898 0.00000000099999999898 0.00000000099999999898 
0.00000000099999999899 0.00000000099999999899 0.00000000099999999899 0.99999999399999983662 0.00000000099999999899 0.00000000099999999899 0.00000000099999999899 
0.00000000099999999902 0.00000000099999999902 0.00000000099999999902 0.99999999399999994765 0.00000000099999999902 0.00000000099999999902 0.00000000099999999902 
0.00000000099999999921 0.00000000099999999921 0.00000000099999999921 0.99999999400000005867 0.00000000099999999921 0.00000000099999999921 0.00000000099999999921 
0.00000000099999999896 0.00000000099999999896 0.00000000099999999896 0.99999999399999983662 0.00000000099999999896 0.00000000099999999896 0.00000000099999999896 
0.00000000099999999910 0.00000000099999999910 0.00000000099999999910 0.99999999400000005867 0.00000000099999999910 0.00000000099999999910 0.00000000099999999910 
0.00000000099999999901 0.00000000099999999901 0.00000000099999999901 0.99999999400000005867 0.00000000099999999901 0.00000000099999999901 0.00000000099999999901 
0.00000000099999999898 0.00000000099999999898 0.00000000099999999898 0.99999999399999994765 0.00000000099999999898 0.00000000099999999898 0.00000000099999999898 
0.00000000099999999909 0.00000000099999999909 0.00000000099999999909 0.99999999400000005867 0.00000000099999999909 0.00000000099999999909 0.00000000099999999909 
0.00000000099999999901 0.00000000099999999901 0.00000000099999999901 0.99999999400000005867 0.00000000099999999901 0.00000000099999999901 0.00000000099999999901 
0.00000000099999999905 0.00000000099999999905 0.00000000099999999905 0.99999999399999994765 0.00000000099999999905 0.00000000099999999905 0.00000000099999999905 
0.00000000099999999926 0.00000000099999999926 0.00000000099999999926 0.99999999400000005867 0.00000000099999999926 0.00000000099999999926 0.00000000099999999926 
0.00000000099999999928 0.00000000099999999928 0.00000000099999999928 0.99999999399999994765 0.00000000099999999928 0.00000000099999999928 0.00000000099999999928 
0.00000000099999999937 0.00000000099999999937 0.00000000099999999937 0.99999999400000005867 0.00000000099999999937 0.00000000099999999937 0.00000000099999999937 
0.00000000099999999964 0.00000000099999999964 0.00000000099999999964 0.99999999399999994765 0.00000000099999999964 0.00000000099999999964 0.00000000099999999964 
0.00000000099999999970 0.00052157865567003386 0.59851924731156336268 0.00000000099999999970 0.40095917003276659862 0.00000000099999999970 0.00000000099999999970 
0.00000000099999999944 0.00000000099999999944 0.55630593193521893358 0.00000000099999999944 0.44369406306478098578 0.00000000099999999944 0.00000000099999999944 
0.00000000099999999975 0.00000000099999999975 0.51236154383248189159 0.00000000099999999975 0.48763845116751808328 0.00000000099999999975 0.00000000099999999975 
0.00000000099999999913 0.00000000099999999913 0.60772255134119479436 0.00000000099999999913 0.39227744365880534705 0.00000000099999999913 0.00000000099999999913 
0.00000000099999999927 0.00000000099999999927 0.60419483592710765407 0.00000000099999999927 0.39580515907289232080 0.00000000099999999927 0.00000000099999999927 
0.00000000099999999912 0.00000000099999999912 0.59767184394525296742 0.00000000099999999912 0.40232815105474695194 0.00000000099999999912 0.00000000099999999912 
0.00000000099999999952 0.00000000099999999952 0.60493155163929357432 0.00000000099999999952 0.39506844336070634505 0.00000000099999999952 0.00000000099999999952 
0.00000000099999999929 0.00000000099999999929 0.62617444182088011218 0.00000000099999999929 0.37382555317911986270 0.00000000099999999929 0.00000000099999999929 
0.00000000099999999944 0.00000000099999999944 0.59512011805843567647 0.00000000099999999944 0.40487987694156435392 0.00000000099999999944 0.00000000099999999944 
0.00000000099999999996 0.00000000099999999996 0.59710068053470066740 0.00000000099999999996 0.39825060931578476486 0.00464870614951459326 0.00000000099999999996 
0.00000000099999999928 0.00000000099999999928 0.57409076198149544545 0.00000000099999999928 0.42590923301850458493 0.00000000099999999928 0.00000000099999999928 
0.00000000099999999924 0.00000000099999999924 0.57802781526118029998 0.00000000099999999924 0.42197217973881973041 0.00000000099999999924 0.00000000099999999924 
0.00000000099999999990 0.00000000099999999990 0.56833265966129087321 0.00000000099999999990 0.42697288611830142013 0.00469445022040760208 0.00000000099999999990 
0.00000000099999999939 0.00000000099999999939 0.56997181919539063877 0.00000000099999999939 0.43002817580460933611 0.00000000099999999939 0.00000000099999999939 
0.00000000099999999982 0.00000000099999999982 0.61693525169969321009 0.00000000099999999982 0.38306474330030676478 0.00000000099999999982 0.00000000099999999982 
0.00000000099999999916 0.00000000099999999916 0.60669439692541538012 0.00000000099999999916 0.39330559807458465027 0.00000000099999999916 0.00000000099999999916 
0.00000000099999999950 0.00000000099999999950 0.51216768814678126365 0.00000000099999999950 0.48783230685321860021 0.00000000099999999950 0.00000000099999999950 
0.00000000099999999982 0.00000000099999999982 0.51555767235855687325 0.00000000099999999982 0.48444232264144321265 0.00000000099999999982 0.00000000099999999982 
0.00000000099999999931 0.00000000099999999931 0.56808509547264807171 0.00000000099999999931 0.43191489952735184765 0.00000000099999999931 0.00000000099999999931 
0.00000000099999999933 0.00000000099999999933 0.58076242332843108773 0.00000000099999999933 0.41923757167156883163 0.00000000099999999933 0.00000000099999999933 
0.00000000099999999938 0.00000000099999999938 0.58938427423018169282 0.00000000099999999938 0.41061572076981822654 0.00000000099999999938 0.00000000099999999938 
0.00000000099999999912 0.00000000099999999912 0.59210997561441380821 0.00000000099999999912 0.40789001938558611116 0.00000000099999999912 0.00000000099999999912 
0.00000000099999999943 0.00000000099999999943 0.55658654625150527639 0.00000000099999999943 0.44341344874849469848 0.00000000099999999943 0.00000000099999999943 
0.00000000099999999939 0.00000000099999999939 0.53552652613157014638 0.00000000099999999939 0.46447346886842988400 0.00000000099999999939 0.00000000099999999939 
0.00000000099999999965 0.00000000099999999965 0.50589820331075496807 0.00000000099999999965 0.49410179168924511783 0.00000000099999999965 0.00000000099999999965 
0.00000000099999999930 0.00000000099999999930 0.59490676379831075593 0.00000000099999999930 0.40509323120168916343 0.00000000099999999930 0.00000000099999999930 
0.00000000099999999943 0.00000000099999999943 0.53435030883333323182 0.00000000099999999943 0.46564968616666674306 0.00000000099999999943 0.00000000099999999943 
0.00000000099999999989 0.00000000099999999989 0.54116619562676415711 0.00050288861968082103 0.45368538473563990721 0.00464552801791483661 0.00000000099999999989 
0.00000000099999999995 0.00088621660042598649 0.59886698066568544441 0.00000000099999999995 0.40024679873388863127 0.00000000099999999995 0.00000000099999999995 
0.00000000099999999949 0.00000000099999999949 0.54897227313761909340 0.00000000099999999949 0.45102772186238099250 0.00000000099999999949 0.00000000099999999949 
0.00000000099999999933 0.00000000099999999933 0.61632761175082328986 0.00000000099999999933 0.38367238324917685155 0.00000000099999999933 0.00000000099999999933 
0.00000001919646785400 0.00000000099999999995 0.56848351963396603903 0.00180445580843614350 0.42730691484792526769 0.00000000099999999995 0.00240508851320453973 
0.00000000099999999965 0.00000000099999999965 0.46155982806492562576 0.00000000099999999965 0.53844016693507434912 0.00000000099999999965 0.00000000099999999965 
0.00000000099999999959 0.00000000099999999959 0.54145485402102810912 0.00000000099999999959 0.45854514097897181024 0.00000000099999999959 0.00000000099999999959 
0.00000000099999999948 0.00000000099999999948 0.52815191400869043736 0.00000000099999999948 0.47184808099130964854 0.00000000099999999948 0.00000000099999999948 
0.00000000099999999962 0.00000000099999999962 0.57879460835707630117 0.00000000099999999962 0.42120538664292372921 0.00000000099999999962 0.00000000099999999962 
0.00000000099999999948 0.00000000099999999948 0.51652905615864241895 0.00000000099999999948 0.48347093884135750042 0.00000000099999999948 0.00000000099999999948 
0.00000000099999999954 0.00000000099999999954 0.51946975694128649792 0.00000000099999999954 0.48053023805871353247 0.00000000099999999954 0.00000000099999999954 
0.00000000099999999952 0.00000000099999999952 0.48160805423667718550 0.00000000099999999952 0.51839194076332284489 0.00000000099999999952 0.00000000099999999952 
0.00295852101179515424 0.00000000099999999984 0.58130513625350943574 0.00000000099999999984 0.41573633873469556521 0.00000000099999999984 0.00000000099999999984 
0.00000000099999999971 0.00000000099999999971 0.57577752802993376058 0.00000000099999999971 0.42422246697006626981 0.00000000099999999971 0.00000000099999999971 
0.00000000099999999987 0.00000000099999999987 0.56506782761774887458 0.00022272087958445243 0.43470944750266671264 0.00000000099999999987 0.00000000099999999987 
0.00000000099999999956 0.00000000099999999956 0.58786352124899143856 0.00000000099999999956 0.41213647375100848080 0.00000000099999999956 0.00000000099999999956 
0.00000000099999999932 0.00000000099999999932 0.52505987782288754406 0.00000000099999999932 0.47494011717711254184 0.00000000099999999932 0.00000000099999999932 
0.00000000099999999929 0.00000000099999999929 0.54510393160496506404 0.00000000099999999929 0.45489606339503491084 0.00000000099999999929 0.00000000099999999929 
0.00000000099999999935 0.00000000099999999935 0.52875508899100653881 0.00000000099999999935 0.47124490600899338055 0.00000000099999999935 0.00000000099999999935 
0.00000000099999999938 0.00000000099999999938 0.54711315058482379303 0.00000000099999999938 0.45288684441517612633 0.00000000099999999938 0.00000000099999999938 
0.00096290733496047845 0.00000000099999999985 0.50967927786630140563 0.00000000099999999985 0.48935781079873824639 0.00000000099999999985 0.00000000099999999985 
0.00000000099999999932 0.00000000099999999932 0.55241236698008810979 0.00000000099999999932 0.44758762801991197611 0.00000000099999999932 0.00000000099999999932 
0.00000000099999999958 0.00000000099999999958 0.50097242390827378955 0.00000000099999999958 0.49902757109172635186 0.00000000099999999958 0.00000000099999999958 
0.00000000099999999936 0.00000000099999999936 0.56584707445333182196 0.00000000099999999936 0.43415292054666815291 0.00000000099999999936 0.00000000099999999936 
0.00000000099999999942 0.00000000099999999942 0.51080707669477287691 0.00000000099999999942 0.48919291830522720899 0.00000000099999999942 0.00000000099999999942 
0.00000000099999999957 0.00000000099999999957 0.53849770702385457710 0.00000000099999999957 0.46150228797614545329 0.00000000099999999957 0.00000000099999999957 
0.00000000099999999958 0.00000000099999999958 0.58124859854769495016 0.00000000099999999958 0.41875139645230491370 0.00000000099999999958 0.00000000099999999958 
0.00000000099999999944 0.00000000099999999944 0.55705093295309471291 0.00000000099999999944 0.44294906204690526197 0.00000000099999999944 0.00000000099999999944 
0.00000000099999999947 0.00000000099999999947 0.57416343558430438243 0.00000000099999999947 0.42583655941569564796 0.00000000099999999947 0.00000000099999999947 
0.00000000099999999963 0.00000000099999999963 0.56413536603844094408 0.00000000099999999963 0.43586462896155897528 0.00000000099999999963 0.00000000099999999963 
0.00000000099999999964 0.00000000099999999964 0.54531183734672183938 0.00117932683451393589 0.45350883181876422423 0.00000000099999999964 0.00000000099999999964 
0.00000000099999999938 0.00000000099999999938 0.55899959493765816188 0.00000000099999999938 0.44100040006234175749 0.00000000099999999938 0.00000000099999999938 
0.00000000099999999965 0.00000000099999999965 0.57397699122918155457 0.00000000099999999965 0.42602300377081842031 0.00000000099999999965 0.00000000099999999965 
0.00000000099999999930 0.00000000099999999930 0.53127324477637605238 0.00000000099999999930 0.46872675022362392250 0.00000000099999999930 0.00000000099999999930 
0.00000000099999999982 0.00000000099999999982 0.51649635957446915491 0.00000000099999999982 0.48212902899351317565 0.00000000099999999982 0.00137460743201769540 
0.00000000099999999970 0.00000000099999999970 0.53587376995405067159 0.00182577769900932503 0.46230044834694000722 0.00000000099999999970 0.00000000099999999970 
0.00000000099999999980 0.00000000099999999980 0.52605273841095234744 0.00000000099999999980 0.47172449977910774210 0.00000000099999999980 0.00222275780993980284 
0.00000000099999999963 0.00000000099999999963 0.56726673808024674628 0.00000000099999999963 0.43273325691975322860 0.00000000099999999963 0.00000000099999999963 
0.00000000099999999981 0.00000000099999999981 0.50134243436466341404 0.00000000099999999981 0.49865756063533650533 0.00000000099999999981 0.00000000099999999981 
0.00000000099999999998 0.00000000099999999998 0.60318243444041386159 0.00343285448993506728 0.38656835873806222326 0.00210547442792830995 0.00471087590366039630 
0.00000000930493090187 0.00000000099999999997 0.55422551008840104103 0.00191841534868948866 0.43830249976772905907 0.00132751688947289849 0.00422604760077673839 
0.00000000099999999993 0.00000000099999999993 0.54804778493700312403 0.00163613180080790770 0.44551483964331645149 0.00000000099999999993 0.00480124061887258168 
0.00159469667395185054 0.00000000099999999994 0.53651560254252539384 0.00000000099999999994 0.46108230375761305453 0.00000000099999999994 0.00080739402590966592 
0.00020861449772088234 0.00001533301523606751 0.52676083804353601714 0.00311438215833161362 0.46852871157739328645 0.00137211970778215427 0.00000000099999999998 
0.00000000099999999995 0.00000000099999999995 0.56673502347750748243 0.00246035632146394782 0.42865151907791387842 0.00215207347399728197 0.00000102564911721417 
0.00000000099999999949 0.00000000099999999949 0.99053383395777561127 0.00000000099999999949 0.00946616104222436708 0.00000000099999999949 0.00000000099999999949 
0.00000000099999999944 0.00000000099999999944 0.99999999399999994765 0.00000000099999999944 0.00000000099999999944 0.00000000099999999944 0.00000000099999999944 
0.00000000099999999968 0.00000000099999999968 0.99311785423520204663 0.00000000099999999968 0.00688214076479789095 0.00000000099999999968 0.00000000099999999968 
0.00000000099999999988 0.00000000099999999988 0.99999999399999994765 0.00000000099999999988 0.00000000099999999988 0.00000000099999999988 0.00000000099999999988 
0.00000000099999999938 0.00000000099999999938 0.99999999400000005867 0.00000000099999999938 0.00000000099999999938 0.00000000099999999938 0.00000000099999999938 
0.00000000099999999946 0.00000000099999999946 0.99999999399999994765 0.00000000099999999946 0.00000000099999999946 0.00000000099999999946 0.00000000099999999946 
0.00000000099999999960 0.00000000099999999960 0.99891143595168807590 0.00000000099999999960 0.00108855904831201347 0.00000000099999999960 0.00000000099999999960 
0.00000000099999999958 0.00000000099999999958 0.99407124246286837632 0.00000000099999999958 0.00592875253713166708 0.00000000099999999958 0.00000000099999999958 
0.00000000099999999946 0.00000000099999999946 0.99833351512848622633 0.00000000099999999946 0.00166647987151377782 0.00000000099999999946 0.00000000099999999946 
0.00000000099999999980 0.00000000099999999980 0.99924916055259871417 0.00075083444740119847 0.00000000099999999980 0.00000000099999999980 0.00000000099999999980 
0.00000000099999999947 0.00000000099999999947 0.99999999399999994765 0.00000000099999999947 0.00000000099999999947 0.00000000099999999947 0.00000000099999999947 
0.00000000099999999935 0.00000000099999999935 0.99624527534957230124 0.00000000099999999935 0.00375471965042762810 0.00000000099999999935 0.00000000099999999935 
0.00000000099999999946 0.00000000099999999946 0.99999999400000005867 0.00000000099999999946 0.00000000099999999946 0.00000000099999999946 0.00000000099999999946 
0.00000000099999999948 0.00000000099999999948 0.99999998453066174520 0.00000000099999999948 0.00000001046933821103 0.00000000099999999948 0.00000000099999999948 
0.00000000099999999970 0.00000000099999999970 0.99875294187967855741 0.00124705312032144630 0.00000000099999999970 0.00000000099999999970 0.00000000099999999970 
0.00000000099999999955 0.00000000099999999955 0.97016510360576346805 0.00000000099999999955 0.02983489139423664213 0.00000000099999999955 0.00000000099999999955 
0.00000000099999999962 0.00000000099999999962 0.99729689287205813830 0.00000000099999999962 0.00270310212794176372 0.00000000099999999962 0.00000000099999999962 
0.00000000099999999922 0.00000000099999999922 0.99999999399999994765 0.00000000099999999922 0.00000000099999999922 0.00000000099999999922 0.00000000099999999922 
0.00155193643067920439 0.00000000099999999995 0.98613276597755650243 0.00000000099999999995 0.01139011361095523117 0.00092518098080898866 0.00000000099999999995 
0.00178404820656290750 0.00050051910311825639 0.94745017671053843866 0.00000000099999999993 0.05026525297978035045 0.00000000099999999993 0.00000000099999999993 
0.00000000099999999979 0.00000000099999999979 0.99999999399999994765 0.00000000099999999979 0.00000000099999999979 0.00000000099999999979 0.00000000099999999979 
0.00000000099999999993 0.00000000099999999993 0.94087564605346818425 0.00000000099999999993 0.05094647972851287093 0.00000000099999999993 0.00817787021801881162 
0.00000000099999999977 0.00000000099999999977 0.92978260628378861519 0.00000000099999999977 0.06653584427881759078 0.00000000099999999977 0.00368154543739377489 
0.00000000099999999989 0.00000000099999999989 0.93301085682010553857 0.00000000099999999989 0.06237574783288410418 0.00118830356679048297 0.00342508878021975747 
0.00000000099999999991 0.00000000099999999991 0.98978794877295173116 0.00057597514984847960 0.00828734054650693414 0.00000000099999999991 0.00134873253069291176 
0.00472276325514072500 0.00000000099999999981 0.93671822777536284388 0.00000000099999999981 0.05855900496949647399 0.00000000099999999981 0.00000000099999999981 
0.00373857701077095041 0.00000000099999999981 0.96134987374624514267 0.00000000099999999981 0.03491154524298396150 0.00000000099999999981 0.00000000099999999981 
0.00333584839170215008 0.00000000099999999968 0.96808617261012974708 0.00000000099999999968 0.02857797499816826237 0.00000000099999999968 0.00000000099999999968 
0.00162598187381630434 0.00000000099999999989 0.97563132754878001407 0.00000000099999999989 0.02274268657740366809 0.00000000099999999989 0.00000000099999999989 
0.00000000099999999977 0.00000000099999999977 0.94151832643854704852 0.00000000099999999977 0.05848166856145288472 0.00000000099999999977 0.00000000099999999977 
0.00000000099999999976 0.00000000099999999976 0.95693077578795082694 0.00000000099999999976 0.03959689369994680297 0.00000000099999999976 0.00347232651210243291 
0.00648297093247388392 0.00000000099999999977 0.95703933231995319542 0.00000000099999999977 0.03647769274757288460 0.00000000099999999977 0.00000000099999999977 
0.00518217463360080496 0.00000000099999999993 0.93812413695754837129 0.00000000099999999993 0.05406241030110250922 0.00263127510774834907 0.00000000099999999993 
0.00000000099999999989 0.00000000099999999989 0.97953518090663704854 0.00000002810874557925 0.02046478698461737591 0.00000000099999999989 0.00000000099999999989 
0.00000000099999999974 0.00000000099999999974 0.94102742622771828884 0.00000000099999999974 0.05897256877228158889 0.00000000099999999974 0.00000000099999999974 
0.00000000099999999957 0.00000000099999999957 0.92287266871523365719 0.00000000099999999957 0.07712732628476642871 0.00000000099999999957 0.00000000099999999957 
0.00149921391926891652 0.00000000099999999977 0.95431050051110366539 0.00000000099999999977 0.04419028156962741261 0.00000000099999999977 0.00000000099999999977 
0.00000000099999999998 0.00703295317588428434 0.91428043639474720905 0.00000064119652243826 0.07511111009152718343 0.00000000099999999998 0.00357485714131894295 
0.00000000099999999999 0.00000000099999999999 0.87786544948115208253 0.00000000099999999999 0.11832703693970039738 0.00000000099999999999 0.00380750957914756036 
0.00000000099999999999 0.00000000099999999999 0.83321459283996679446 0.00129615535731319401 0.14683525700067132091 0.00000000099999999999 0.01865399180204864102 
0.00000000099999999963 0.00000000099999999963 0.93404946058860960356 0.00597442858052349510 0.05997610683086698063 0.00000000099999999963 0.00000000099999999963 
0.00000000099999999999 0.00000000099999999999 0.87669550470351609306 0.00000000099999999999 0.10549383834761552614 0.00000000099999999999 0.01781065294886834474 
0.00000000099999999998 0.00196336853502757308 0.76180328864815882728 0.00000000099999999998 0.23623333881681360391 0.00000000099999999998 0.00000000099999999998 
0.00000000099999999990 0.00000000099999999990 0.99303385955286771480 0.00066707001850262149 0.00629906642862953971 0.00000000099999999990 0.00000000099999999990 
0.00000000099999999999 0.00000000099999999999 0.95789023148409169206 0.00867681150295369040 0.03058959379061975195 0.00000000099999999999 0.00284336022233473359 
0.00000000099999999983 0.00000000099999999983 0.94945003070991851324 0.01577549097925269941 0.03477447431082877211 0.00000000099999999983 0.00000000099999999983 
0.00000000099999999989 0.00000000099999999989 0.97932279304569813672 0.00172688144943901074 0.01895032150486268899 0.00000000099999999989 0.00000000099999999989 
0.00000000099999999964 0.00000000099999999964 0.97463952596835734532 0.00836476218541986824 0.01699570784622261160 0.00000000099999999964 0.00000000099999999964 
0.00000044990417635445 0.00000000099999999989 0.97714209256072248611 0.00218881907827693425 0.02066863545682437117 0.00000000099999999989 0.00000000099999999989 
0.00000000099999999934 0.00000000099999999934 0.96141054555299754192 0.00000000099999999934 0.03858944944700241908 0.00000000099999999934 0.00000000099999999934 
0.00000000099999999958 0.00000000099999999958 0.99396418049736690037 0.00000000099999999958 0.00603581450263298083 0.00000000099999999958 0.00000000099999999958 
0.00000000099999999996 0.00000000099999999996 0.74907865193400158255 0.00000000099999999996 0.24966381919962055136 0.00125752486637775913 0.00000000099999999996 
0.00000000099999999981 0.00000003739001285496 0.77530472637417480186 0.00142308412005072676 0.22327214911576165335 0.00000000099999999981 0.00000000099999999981 
0.00000000099999999995 0.07652028522991287385 0.56028637366924594065 0.00000000099999999995 0.10317691137485850150 0.26001642672598274109 0.00000000099999999995 
0.00000000099999999997 0.00054460079914205788 0.71579460103787273528 0.00452179488920926090 0.27655604922688459268 0.00258295204689136700 0.00000000099999999997 
0.00000000099999999995 0.00000000661102896417 0.74324729825289193030 0.00230331913402987819 0.25094432547888734231 0.00239232912875309142 0.00111272039440886363 
0.00000000099999999996 0.06234133292478532401 0.54398838580773722917 0.00000000099999999996 0.10442418525622247649 0.28924609301125503436 0.00000000099999999996 
0.00000000099999999995 0.05777343695573917970 0.54803430937689179281 0.00000000099999999995 0.17176113465669698432 0.22243111601067189209 0.00000000099999999995 
0.00000000099999999997 0.03592215458467060835 0.60786665842042930663 0.00000000099999999997 0.12038440523845257701 0.23582677875644739163 0.00000000099999999997 
0.00000000099999999997 0.00000000099999999997 0.61183842065636673269 0.00335470909469399005 0.14662688272854104699 0.23817998452039809698 0.00000000099999999997 
0.00000000099999999998 0.00672193523800016391 0.59513972756584387902 0.00153709015381571956 0.16919470736213240714 0.22740653768020774317 0.00000000099999999998 
0.00000000099999999979 0.00000000099999999979 0.75712760294023362384 0.00000000099999999979 0.24287239205976629552 0.00000000099999999979 0.00000000099999999979 
0.00000212519661116432 0.00000000099999999997 0.59362138028543942614 0.00000000099999999997 0.12238230066144417663 0.28399419085650506878 0.00000000099999999997 
0.00000000099999999997 0.00088159715130943115 0.75256670259118962907 0.00679133502599185961 0.23452788585300862745 0.00523247737850046982 0.00000000099999999997 
0.00000000099999999997 0.03578371364448458547 0.52454814252498982441 0.00000000099999999997 0.14799754255439895312 0.29167059827612656919 0.00000000099999999997 
0.00000000099999999970 0.00000000099999999970 0.73877431633939183442 0.00276200518925984618 0.25846367447134838136 0.00000000099999999970 0.00000000099999999970 
0.00000000099999999966 0.00000000099999999966 0.73003761608728601207 0.00000000099999999966 0.26996237891271412934 0.00000000099999999966 0.00000000099999999966 
0.00000000099999999997 0.00000000099999999997 0.53350104330170700084 0.00640788271715133934 0.15080971901494819032 0.28617652868395543342 0.02310482428223799636 
0.00000000099999999981 0.00000000099999999981 0.77264246905186417802 0.00053695829265674793 0.22682056865547903235 0.00000000099999999981 0.00000000099999999981 
0.00000000099999999996 0.00063194916964080480 0.73892774019037898992 0.00000000099999999996 0.25839804953734812898 0.00204225651834460389 0.00000000258428735227 
0.00000002905407664158 0.00000000201492584788 0.87276317620581866930 0.00000000099999999999 0.12185279293262819833 0.00000000099999999999 0.00538399779255073312 
0.00000000099999999999 0.00000000099999999999 0.89083884953742775714 0.00000000099999999999 0.03241888950455024815 0.00000000099999999999 0.07674225695802190661 
0.00125108087932527330 0.00000000099999999998 0.93317593952059518791 0.00000000099999999998 0.06430155631025462337 0.00000000099999999998 0.00127142028982498399 
0.00197084136721765134 0.00039233251309362684 0.99481009406642129100 0.00000000099999999992 0.00282672905326755968 0.00000000099999999992 0.00000000099999999992 
0.05376431420635934683 0.00000000099999999963 0.93167290709927186310 0.00000000099999999963 0.01456277469436875228 0.00000000099999999963 0.00000000099999999963 
0.00000000099999999949 0.00000000099999999949 0.99999999400000005867 0.00000000099999999949 0.00000000099999999949 0.00000000099999999949 0.00000000099999999949 
0.00000000099999999950 0.00000000099999999950 0.99999999400000005867 0.00000000099999999950 0.00000000099999999950 0.00000000099999999950 0.00000000099999999950 
0.01357346914081194837 0.00000127738611850019 0.85544517413742393597 0.00179303151902727043 0.00000000099999999999 0.12918704581661835662 0.00000000099999999999 
0.00000088059132939159 0.00030353056953201068 0.99969558483913867342 0.00000000099999999989 0.00000000099999999989 0.00000000099999999989 0.00000000099999999989 
0.00000000099999999979 0.00000000099999999979 0.99999999399999994765 0.00000000099999999979 0.00000000099999999979 0.00000000099999999979 0.00000000099999999979 
0.00000000099999999898 0.00000000099999999898 0.99999999399999994765 0.00000000099999999898 0.00000000099999999898 0.00000000099999999898 0.00000000099999999898 
0.00000000099999999930 0.00000000099999999930 0.99942000535990860310 0.00000000099999999930 0.00057998964009142295 0.00000000099999999930 0.00000000099999999930 
0.00000000099999999930 0.00000000099999999930 0.99889545679304514447 0.00000000099999999930 0.00110453820695491259 0.00000000099999999930 0.00000000099999999930 
0.00000000099999999930 0.00000000099999999930 0.99999999399999994765 0.00000000099999999930 0.00000000099999999930 0.00000000099999999930 0.00000000099999999930 
0.00000000099999999916 0.00000000099999999916 0.99999999400000005867 0.00000000099999999916 0.00000000099999999916 0.00000000099999999916 0.00000000099999999916 
0.00000000099999999951 0.00000000099999999951 0.99182993680060882458 0.00000000099999999951 0.00817005819939127520 0.00000000099999999951 0.00000000099999999951 
0.00000000099999999974 0.00000000099999999974 0.99701767633198989937 0.00000000099999999974 0.00298231866801002433 0.00000000099999999974 0.00000000099999999974 
0.00000000099999999940 0.00000000099999999940 0.99999999399999994765 0.00000000099999999940 0.00000000099999999940 0.00000000099999999940 0.00000000099999999940 
0.00069788848082549750 0.00000000099999999995 0.99330305046128997137 0.00000000099999999995 0.00000000099999999995 0.00599905705788460111 0.00000000099999999995 
0.00000000099999999979 0.00000000099999999979 0.96693864363994164179 0.00036537290172016998 0.03269597945833817992 0.00000000099999999979 0.00000000099999999979 
0.00000000099999999955 0.00000000099999999955 0.99371388329654519733 0.00000000099999999955 0.00628611170345492066 0.00000000099999999955 0.00000000099999999955 
0.00000000099999999978 0.00137294404969822001 0.99235136767912934808 0.00000000099999999978 0.00627568427117251599 0.00000000099999999978 0.00000000099999999978 
0.00000000099999999930 0.00000000099999999930 0.99999999399999994765 0.00000000099999999930 0.00000000099999999930 0.00000000099999999930 0.00000000099999999930 
0.00000000099999999956 0.00000000099999999956 0.99999999399999994765 0.00000000099999999956 0.00000000099999999956 0.00000000099999999956 0.00000000099999999956 
0.00000000099999999979 0.00141432103746659695 0.99172315891829254664 0.00000000099999999979 0.00686251604424081060 0.00000000099999999979 0.00000000099999999979 
0.00000553677687645411 0.00000000099999999997 0.95501640773242435500 0.00000000099999999997 0.03979986642600641389 0.00367612858317574237 0.00150205848151693214 
0.00000000099999999964 0.00000000099999999964 0.99075130051299586942 0.00000000099999999964 0.00924869448700418179 0.00000000099999999964 0.00000000099999999964 
0.00000000099999999958 0.00000000099999999958 0.99365167168446744128 0.00000000099999999958 0.00634832331553249283 0.00000000099999999958 0.00000000099999999958 
0.00000000099999999917 0.00000000099999999917 0.99999999400000005867 0.00000000099999999917 0.00000000099999999917 0.00000000099999999917 0.00000000099999999917 
0.00000000099999999955 0.00000000099999999955 0.99554922206517149075 0.00000000099999999955 0.00445077293482856826 0.00000000099999999955 0.00000000099999999955 
0.00000000099999999954 0.00000000099999999954 0.97685969747521372852 0.00000000099999999954 0.02314029752478628452 0.00000000099999999954 0.00000000099999999954 
0.00000000099999999969 0.00000000099999999969 0.99295520991640717767 0.00000000099999999969 0.00704478508359271914 0.00000000099999999969 0.00000000099999999969 
0.00135541605255273291 0.00000000099999999987 0.92207201617723311138 0.00101463558637416109 0.07555792918384013346 0.00000000099999999987 0.00000000099999999987 
0.00000000099999999993 0.00000000099999999993 0.98682257229290160083 0.00166010762271140530 0.01151731608438689124 0.00000000099999999993 0.00000000099999999993 
0.00000000099999999976 0.00000000099999999976 0.99999999400000005867 0.00000000099999999976 0.00000000099999999976 0.00000000099999999976 0.00000000099999999976 
0.00000000099999999989 0.00000000099999999989 0.94828227567210277016 0.00000000099999999989 0.05124419844102545696 0.00047352188687152920 0.00000000099999999989 
0.00000000099999999975 0.00000000099999999975 0.99754654835709077876 0.00162068694944890999 0.00000000099999999975 0.00000000099999999975 0.00083276069346045853 
0.00350894328450251838 0.00000000099999999995 0.99318422876930412269 0.00162404533344885009 0.00000000099999999995 0.00168277961274455445 0.00000000099999999995 
0.00098429003553086804 0.00000000099999999992 0.99752448190294562558 0.00000000099999999992 0.00000000099999999992 0.00149122406152360889 0.00000000099999999992 
0.00000000099999999990 0.00000000099999999990 0.97313438113818828690 0.00248750881663355140 0.01137498016947682128 0.00000000099999999990 0.01300312687570140922 
0.00085189547584908483 0.00000000099999999992 0.99305970074390348401 0.00000000099999999992 0.00000066284381027673 0.00608773793643724477 0.00000000099999999992 
0.00000000099999999986 0.00000000099999999986 0.99566205308020072628 0.00000000099999999986 0.00000000099999999986 0.00000000099999999986 0.00433794191979935614 
0.00000000099999999974 0.00000000099999999974 0.99043796922961613305 0.00000000099999999974 0.00956202577038375683 0.00000000099999999974 0.00000000099999999974 
0.00000000099999999976 0.00000000099999999976 0.99551199422835257025 0.00000000099999999976 0.00448800077164741591 0.00000000099999999976 0.00000000099999999976 
0.00000000099999999965 0.00000000099999999965 0.96940578701853064025 0.00000000099999999965 0.03059420798146938666 0.00000000099999999965 0.00000000099999999965 
0.00000000099999999980 0.00000000099999999980 0.98968195341732900783 0.00163576470410378748 0.00478810612781585630 0.00000000099999999980 0.00389417275075126801 
0.00000000099999999956 0.00000000099999999956 0.99999999399999994765 0.00000000099999999956 0.00000000099999999956 0.00000000099999999956 0.00000000099999999956 
0.00000000099999999980 0.00000000099999999980 0.99473911281245419591 0.00000000099999999980 0.00000045901051318167 0.00000000099999999980 0.00526042417703270673 
0.00000000099999999994 0.00000000099999999994 0.85991929593071203541 0.00281955004713689518 0.13726115002215114047 0.00000000099999999994 0.00000000099999999994 
0.00000000099999999967 0.00000000099999999967 0.93022821712296011043 0.00000000099999999967 0.06977177787703982281 0.00000000099999999967 0.00000000099999999967 
0.00000000099999999992 0.00000000099999999992 0.99545761381487818387 0.00000000099999999992 0.00123036926312941565 0.00000000099999999992 0.00331201292199236877 
0.00000000099999999990 0.00000000099999999990 0.99999999400000005867 0.00000000099999999990 0.00000000099999999990 0.00000000099999999990 0.00000000099999999990 
0.00000000099999999993 0.00000000099999999993 0.99731530764391884691 0.00268468735608117046 0.00000000099999999993 0.00000000099999999993 0.00000000099999999993 
