1:           5.734154e-01 1.000000e-09 4.265846e-01 1           
2:           5.777420e-01 1.000000e-09 4.222580e-01 1           
3:           5.746129e-01 1.000000e-09 4.253871e-01 1           
4:           5.768139e-01 1.000000e-09 4.231861e-01 1           
5:           5.771454e-01 1.000000e-09 4.228546e-01 1           
6:           5.707854e-01 1.000000e-09 4.292146e-01 1           
7:           5.708782e-01 1.000000e-09 4.291218e-01 1           
8:           5.756818e-01 1.000000e-09 4.243182e-01 1           
9:           5.732631e-01 1.000000e-09 4.267369e-01 1           
10:          5.754547e-01 1.000000e-09 4.245453e-01 1           
11:          5.743922e-01 1.000000e-09 4.256078e-01 1           
12:          5.767309e-01 1.000000e-09 4.232691e-01 1           
13:          5.753965e-01 1.000000e-09 4.246035e-01 1           
14:          5.698517e-01 1.000000e-09 4.301483e-01 1           
15:          5.738214e-01 1.000000e-09 4.261786e-01 1           
16:          5.750589e-01 1.000000e-09 4.249411e-01 1           
17:          5.750781e-01 1.000000e-09 4.249219e-01 1           
18:          5.782065e-01 1.000000e-09 4.217935e-01 1           
19:          5.786892e-01 1.000000e-09 4.213108e-01 1           
20:          5.833944e-01 1.000000e-09 4.166056e-01 1           
21:          5.764678e-01 1.000000e-09 4.235322e-01 1           
22:          5.726818e-01 1.000000e-09 4.273182e-01 1           
23:          5.745689e-01 1.000000e-09 4.254311e-01 1           
24:          5.740317e-01 1.000000e-09 4.259683e-01 1           
25:          5.754015e-01 1.000000e-09 4.245985e-01 1           
26:          5.727044e-01 1.000000e-09 4.272956e-01 1           
27:          5.761805e-01 1.000000e-09 4.238195e-01 1           
28:          5.761646e-01 1.000000e-09 4.238354e-01 1           
29:          5.741215e-01 1.000000e-09 4.258785e-01 1           
30:          5.755317e-01 1.000000e-09 4.244683e-01 1           
31:          5.816073e-01 1.000000e-09 4.183927e-01 1           
32:          5.776466e-01 1.000000e-09 4.223534e-01 1           
33:          5.810303e-01 1.000000e-09 4.189697e-01 1           
34:          5.820139e-01 1.000000e-09 4.179861e-01 1           
35:          5.721946e-01 1.000000e-09 4.278054e-01 1           
36:          5.899311e-01 1.000000e-09 4.100689e-01 1           
37:          5.780286e-01 1.000000e-09 4.219714e-01 1           
38:          5.794071e-01 1.000000e-09 4.205929e-01 1           
39:          5.783122e-01 1.000000e-09 4.216878e-01 1           
40:          5.916765e-01 1.000000e-09 4.083235e-01 1           
41:          5.767372e-01 1.000000e-09 4.232628e-01 1           
42:          5.837739e-01 1.000000e-09 4.162261e-01 1           
43:          5.831180e-01 1.000000e-09 4.168820e-01 1           
44:          5.829204e-01 1.000000e-09 4.170796e-01 1           
45:          5.812479e-01 1.000000e-09 4.187521e-01 1           
46:          5.888112e-01 1.000000e-09 4.111888e-01 1           
47:          5.826778e-01 1.000000e-09 4.173222e-01 1           
48:          5.857494e-01 1.000000e-09 4.142506e-01 1           
49:          5.757360e-01 1.000000e-09 4.242640e-01 1           
50:          5.914974e-01 1.000000e-09 4.085026e-01 1           
51:          5.777536e-01 1.000000e-09 4.222464e-01 1           
52:          4.041159e-01 5.958841e-01 1.000000e-09 1           
53:          4.464309e-01 5.535691e-01 1.000000e-09 1           
54:          5.065126e-01 4.934874e-01 1.000000e-09 1           
55:          3.898455e-01 6.101545e-01 1.000000e-09 1           
56:          4.000381e-01 5.999619e-01 1.000000e-09 1           
57:          3.989374e-01 6.010626e-01 1.000000e-09 1           
58:          3.992860e-01 6.007140e-01 1.000000e-09 1           
59:          3.760642e-01 6.239358e-01 1.000000e-09 1           
60:          4.118114e-01 5.881886e-01 1.000000e-09 1           
61:          4.039864e-01 5.908668e-01 5.146797e-03 1           
62:          4.283671e-01 5.716329e-01 1.000000e-09 1           
63:          4.235248e-01 5.764752e-01 1.000000e-09 1           
64:          4.284168e-01 5.662110e-01 5.372234e-03 1           
65:          4.423589e-01 5.576411e-01 1.000000e-09 1           
66:          4.025171e-01 5.974829e-01 1.000000e-09 1           
67:          3.967902e-01 6.032098e-01 1.000000e-09 1           
68:          5.090939e-01 4.909061e-01 1.000000e-09 1           
69:          4.934561e-01 5.065439e-01 1.000000e-09 1           
70:          4.433184e-01 5.566816e-01 1.000000e-09 1           
71:          4.163096e-01 5.836904e-01 1.000000e-09 1           
72:          4.199608e-01 5.800392e-01 1.000000e-09 1           
73:          4.067522e-01 5.932478e-01 1.000000e-09 1           
74:          4.467870e-01 5.532130e-01 1.000000e-09 1           
75:          4.696155e-01 5.303845e-01 1.000000e-09 1           
76:          5.016624e-01 4.983376e-01 1.000000e-09 1           
77:          4.204981e-01 5.795019e-01 1.000000e-09 1           
78:          4.784861e-01 5.215139e-01 1.000000e-09 1           
79:          4.499658e-01 5.446941e-01 5.340076e-03 1           
80:          4.005673e-01 5.994327e-01 1.000000e-09 1           
81:          4.525816e-01 5.474184e-01 1.000000e-09 1           
82:          3.845414e-01 6.154586e-01 1.000000e-09 1           
83:          4.294123e-01 5.687648e-01 1.822890e-03 1           
84:          5.633530e-01 4.366470e-01 1.000000e-09 1           
85:          4.691131e-01 5.308869e-01 1.000000e-09 1           
86:          4.882096e-01 5.117904e-01 1.000000e-09 1           
87:          4.397611e-01 5.602389e-01 1.000000e-09 1           
88:          5.024576e-01 4.975424e-01 1.000000e-09 1           
89:          4.968573e-01 5.031427e-01 1.000000e-09 1           
90:          5.276452e-01 4.723548e-01 1.000000e-09 1           
91:          4.224700e-01 5.760561e-01 1.473931e-03 1           
92:          4.497555e-01 5.502445e-01 1.000000e-09 1           
93:          4.634821e-01 5.365179e-01 1.000000e-09 1           
94:          4.106805e-01 5.893195e-01 1.000000e-09 1           
95:          4.892316e-01 5.107684e-01 1.000000e-09 1           
96:          4.693107e-01 5.306893e-01 1.000000e-09 1           
97:          4.860731e-01 5.139269e-01 1.000000e-09 1           
98:          4.799999e-01 5.200001e-01 1.000000e-09 1           
99:          5.005133e-01 4.994867e-01 1.000000e-09 1           
100:         4.571164e-01 5.428836e-01 1.000000e-09 1           
101:         5.080660e-01 4.919340e-01 1.000000e-09 1           
102:         4.464318e-01 5.535682e-01 1.000000e-09 1           
103:         5.057433e-01 4.942567e-01 1.000000e-09 1           
104:         4.952123e-01 5.047877e-01 1.000000e-09 1           
105:         4.569271e-01 5.430729e-01 1.000000e-09 1           
106:         4.652720e-01 5.347280e-01 1.000000e-09 1           
107:         4.460476e-01 5.539524e-01 1.000000e-09 1           
108:         4.693472e-01 5.306528e-01 1.000000e-09 1           
109:         4.905759e-01 5.094241e-01 1.000000e-09 1           
110:         4.563750e-01 5.436250e-01 1.000000e-09 1           
111:         4.437931e-01 5.562069e-01 1.000000e-09 1           
112:         4.954591e-01 5.045409e-01 1.000000e-09 1           
113:         5.244375e-01 4.755625e-01 1.000000e-09 1           
114:         5.000799e-01 4.999201e-01 1.000000e-09 1           
115:         5.075997e-01 4.924003e-01 1.000000e-09 1           
116:         4.502734e-01 5.497266e-01 1.000000e-09 1           
117:         5.380255e-01 4.619745e-01 1.000000e-09 1           
118:         4.259452e-01 5.675203e-01 6.534434e-03 1           
119:         4.690308e-01 5.261963e-01 4.772912e-03 1           
120:         4.647131e-01 5.317916e-01 3.495324e-03 1           
121:         4.817682e-01 5.170969e-01 1.134888e-03 1           
122:         5.150221e-01 4.829334e-01 2.044504e-03 1           
123:         4.759980e-01 5.213480e-01 2.654077e-03 1           
124:         8.696106e-03 9.913039e-01 1.000000e-09 1           
125:         1.000000e-09 1.000000e+00 1.000000e-09 1           
126:         4.911047e-03 9.950890e-01 1.000000e-09 1           
127:         1.000000e-09 1.000000e+00 1.000000e-09 1           
128:         1.000000e-09 1.000000e+00 1.000000e-09 1           
129:         1.000000e-09 1.000000e+00 1.000000e-09 1           
130:         6.050018e-05 9.999395e-01 1.000000e-09 1           
131:         6.861318e-03 9.931387e-01 1.000000e-09 1           
132:         4.639234e-05 9.999536e-01 1.000000e-09 1           
133:         1.000000e-09 1.000000e+00 1.000000e-09 1           
134:         1.000000e-09 1.000000e+00 1.000000e-09 1           
135:         4.887115e-03 9.951129e-01 1.000000e-09 1           
136:         1.000000e-09 1.000000e+00 1.000000e-09 1           
137:         1.000000e-09 1.000000e+00 1.000000e-09 1           
138:         1.000000e-09 1.000000e+00 1.000000e-09 1           
139:         3.087484e-02 9.691252e-01 1.000000e-09 1           
140:         4.977599e-03 9.950224e-01 1.000000e-09 1           
141:         1.000000e-09 1.000000e+00 1.000000e-09 1           
142:         1.402061e-02 9.837786e-01 2.200824e-03 1           
143:         6.159448e-02 9.368202e-01 1.585295e-03 1           
144:         1.532248e-09 1.000000e+00 1.000000e-09 1           
145:         6.879157e-02 9.254191e-01 5.789312e-03 1           
146:         7.114003e-02 9.271648e-01 1.695148e-03 1           
147:         6.349147e-02 9.327247e-01 3.783858e-03 1           
148:         1.059940e-02 9.887930e-01 6.075568e-04 1           
149:         7.194116e-02 9.251597e-01 2.899116e-03 1           
150:         4.210580e-02 9.558624e-01 2.031812e-03 1           
151:         4.034103e-02 9.588533e-01 8.056776e-04 1           
152:         3.712937e-02 9.620258e-01 8.448669e-04 1           
153:         7.520579e-02 9.247942e-01 1.000000e-09 1           
154:         4.350039e-02 9.551966e-01 1.303056e-03 1           
155:         4.592995e-02 9.500822e-01 3.987836e-03 1           
156:         6.641850e-02 9.265830e-01 6.998545e-03 1           
157:         3.158644e-02 9.684136e-01 1.000000e-09 1           
158:         7.776244e-02 9.222376e-01 1.000000e-09 1           
159:         9.386395e-02 9.061360e-01 1.000000e-09 1           
160:         4.904633e-02 9.509537e-01 1.000000e-09 1           
161:         8.502405e-02 9.086215e-01 6.354422e-03 1           
162:         1.701776e-01 8.264550e-01 3.367393e-03 1           
163:         1.918532e-01 7.930943e-01 1.505249e-02 1           
164:         7.333972e-02 9.248805e-01 1.779789e-03 1           
165:         1.362244e-01 8.507665e-01 1.300906e-02 1           
166:         2.121254e-01 7.878746e-01 1.000000e-09 1           
167:         2.273184e-02 9.772682e-01 1.000000e-09 1           
168:         7.019254e-03 9.885320e-01 4.448752e-03 1           
169:         4.810247e-02 9.465813e-01 5.316194e-03 1           
170:         1.918303e-02 9.808170e-01 1.000000e-09 1           
171:         2.743612e-02 9.703471e-01 2.216755e-03 1           
172:         3.830289e-02 9.610647e-01 6.324405e-04 1           
173:         4.380199e-02 9.561980e-01 1.000000e-09 1           
174:         1.727647e-02 9.827235e-01 1.000000e-09 1           
175:         2.614020e-01 7.375775e-01 1.020509e-03 1           
176:         2.338151e-01 7.661849e-01 1.000000e-09 1           
177:         1.145348e-01 5.476837e-01 3.377814e-01 1           
178:         2.947546e-01 7.009905e-01 4.254893e-03 1           
179:         2.720108e-01 7.240914e-01 3.897815e-03 1           
180:         9.894229e-02 5.368536e-01 3.642041e-01 1           
181:         1.614780e-01 5.492158e-01 2.893062e-01 1           
182:         1.249487e-01 5.835287e-01 2.915226e-01 1           
183:         1.352966e-01 5.920606e-01 2.726428e-01 1           
184:         1.672155e-01 5.649321e-01 2.678524e-01 1           
185:         2.579609e-01 7.420391e-01 1.000000e-09 1           
186:         1.270510e-01 5.494355e-01 3.235135e-01 1           
187:         2.492334e-01 7.425457e-01 8.220935e-03 1           
188:         1.289563e-01 5.201080e-01 3.509357e-01 1           
189:         2.836951e-01 7.163049e-01 1.000000e-09 1           
190:         2.809645e-01 7.190355e-01 1.000000e-09 1           
191:         1.467358e-01 5.136015e-01 3.396627e-01 1           
192:         2.394075e-01 7.605925e-01 1.000000e-09 1           
193:         2.754868e-01 7.225004e-01 2.012813e-03 1           
194:         1.468465e-01 8.491572e-01 3.996305e-03 1           
195:         5.449294e-02 8.901334e-01 5.537364e-02 1           
196:         7.508565e-02 9.237429e-01 1.171416e-03 1           
197:         7.526670e-03 9.913173e-01 1.155984e-03 1           
198:         5.947413e-02 9.077207e-01 3.280520e-02 1           
199:         1.145375e-04 9.998855e-01 1.000000e-09 1           
200:         1.000000e-09 1.000000e+00 1.000000e-09 1           
201:         6.905748e-03 8.279990e-01 1.650953e-01 1           
202:         1.000000e-09 1.000000e+00 1.000000e-09 1           
203:         1.000000e-09 1.000000e+00 1.000000e-09 1           
204:         1.000000e-09 1.000000e+00 1.000000e-09 1           
205:         1.526328e-07 9.999998e-01 1.000000e-09 1           
206:         1.228384e-03 9.987716e-01 1.000000e-09 1           
207:         1.000000e-09 1.000000e+00 1.000000e-09 1           
208:         1.000000e-09 1.000000e+00 1.000000e-09 1           
209:         1.077262e-02 9.892274e-01 1.000000e-09 1           
210:         4.609448e-03 9.953906e-01 1.000000e-09 1           
211:         1.000000e-09 1.000000e+00 1.000000e-09 1           
212:         1.000000e-09 9.924978e-01 7.502231e-03 1           
213:         3.897254e-02 9.610275e-01 1.000000e-09 1           
214:         7.041295e-03 9.929587e-01 1.000000e-09 1           
215:         6.530385e-03 9.934696e-01 1.000000e-09 1           
216:         1.000000e-09 1.000000e+00 1.000000e-09 1           
217:         1.000000e-09 1.000000e+00 1.000000e-09 1           
218:         1.067600e-02 9.893240e-01 1.000000e-09 1           
219:         4.682187e-02 9.476595e-01 5.518676e-03 1           
220:         1.297678e-02 9.870232e-01 1.000000e-09 1           
221:         1.047817e-02 9.895218e-01 1.000000e-09 1           
222:         1.000000e-09 1.000000e+00 1.000000e-09 1           
223:         4.797499e-03 9.952025e-01 1.000000e-09 1           
224:         2.546113e-02 9.745389e-01 1.000000e-09 1           
225:         9.139658e-03 9.908603e-01 1.000000e-09 1           
226:         9.400094e-02 9.051096e-01 8.894855e-04 1           
227:         1.943568e-02 9.802574e-01 3.068739e-04 1           
228:         1.000000e-09 1.000000e+00 1.000000e-09 1           
229:         5.388323e-02 9.461168e-01 1.000000e-09 1           
230:         1.000000e-09 1.000000e+00 1.000000e-09 1           
231:         1.000000e-09 9.949757e-01 5.024321e-03 1           
232:         3.923821e-09 9.978230e-01 2.176947e-03 1           
233:         1.229504e-02 9.776974e-01 1.000754e-02 1           
234:         1.000000e-09 9.923594e-01 7.640590e-03 1           
235:         1.000000e-09 9.979292e-01 2.070801e-03 1           
236:         2.238700e-02 9.776130e-01 1.000000e-09 1           
237:         6.426813e-03 9.935732e-01 1.000000e-09 1           
238:         2.742595e-02 9.725740e-01 1.000000e-09 1           
239:         1.265278e-02 9.856466e-01 1.700656e-03 1           
240:         1.000000e-09 1.000000e+00 1.000000e-09 1           
241:         4.962266e-03 9.927453e-01 2.292448e-03 1           
242:         1.706994e-01 8.293006e-01 1.000000e-09 1           
243:         7.724340e-02 9.227566e-01 1.000000e-09 1           
244:         7.238982e-04 9.992761e-01 1.000000e-09 1           
245:         6.237653e-07 9.999994e-01 1.000000e-09 1           
246:         1.277014e-02 9.868312e-01 3.986985e-04 1           
247:         6.536054e-06 9.963346e-01 3.658825e-03 1           
248:         2.340814e-02 9.765919e-01 1.000000e-09 1           
249:         1.778999e-02 9.822100e-01 1.000000e-09 1           
250:         5.170297e-02 9.482970e-01 1.000000e-09 1           
251:         1.000000e-09 9.992637e-01 7.363145e-04 1           
252:         1.000000e-09 1.000000e+00 1.000000e-09 1           
253:         3.792081e-08 1.000000e+00 1.000000e-09 1           
254:         8.424912e-05 9.905431e-01 9.372630e-03 1           
255:         1.000000e-09 1.000000e+00 1.000000e-09 1           
256:         1.499399e-02 9.850060e-01 1.000000e-09 1           
257:         1.000000e-09 1.000000e+00 1.000000e-09 1           
258:         2.564674e-03 9.974353e-01 1.000000e-09 1           
259:         3.723407e-03 9.959059e-01 3.706608e-04 1           
260:         3.716400e-02 9.577435e-01 5.092480e-03 1           
261:         1.000000e-09 9.986284e-01 1.371552e-03 1           
262:         1.000000e-09 1.000000e+00 1.000000e-09 1           
263:         7.247143e-03 9.927137e-01 3.916910e-05 1           
264:         1.655843e-02 9.834363e-01 5.292008e-06 1           
265:         2.192002e-02 9.780800e-01 1.000000e-09 1           
266:         1.000000e-09 1.000000e+00 1.000000e-09 1           
267:         5.579872e-04 9.892808e-01 1.016122e-02 1           
268:         1.719759e-07 9.959648e-01 4.035050e-03 1           
269:         8.001420e-03 9.899466e-01 2.052028e-03 1           
270:         9.733838e-02 8.862584e-01 1.640327e-02 1           
271:         1.212251e-02 9.844623e-01 3.415211e-03 1           
272:         3.136064e-02 9.657671e-01 2.872265e-03 1           
273:         1.000000e-09 1.000000e+00 1.000000e-09 1           
274:         1.000000e-09 1.000000e+00 1.000000e-09 1           
275:         1.831695e-05 9.999817e-01 1.000000e-09 1           
276:         5.423324e-03 9.945767e-01 1.000000e-09 1           
277:         1.127001e-02 9.887300e-01 1.000000e-09 1           
278:         1.000000e-09 9.988215e-01 1.178516e-03 1           
279:         1.000000e-09 9.944424e-01 5.557555e-03 1           
280:         1.000000e-09 1.000000e+00 1.000000e-09 1           
281:         1.000000e-09 9.927927e-01 7.207331e-03 1           
282:         8.087811e-03 9.892024e-01 2.709783e-03 1           
283:         2.369474e-06 9.925892e-01 7.408432e-03 1           
284:         4.010509e-03 9.865369e-01 9.452582e-03 1           
285:         1.239481e-02 9.728488e-01 1.475640e-02 1           
286:         1.492962e-04 9.998507e-01 1.000000e-09 1           
287:         1.000000e-09 1.000000e+00 1.000000e-09 1           
288:         1.000000e-09 1.000000e+00 1.000000e-09 1           
289:         6.247605e-03 9.924513e-01 1.301121e-03 1           
290:         1.463806e-02 9.853619e-01 1.000000e-09 1           
291:         4.048916e-02 9.595108e-01 1.000000e-09 1           
292:         1.125720e-02 9.887428e-01 1.000000e-09 1           
293:         1.000000e-09 1.000000e+00 1.000000e-09 1           
294:         1.597433e-03 9.984026e-01 1.000000e-09 1           
295:         5.879681e-08 9.999999e-01 1.000000e-09 1           
296:         4.541824e-03 9.954582e-01 1.000000e-09 1           
297:         4.658372e-02 9.534163e-01 1.000000e-09 1           
298:         3.341483e-02 9.665852e-01 1.000000e-09 1           
299:         9.739579e-03 9.902604e-01 1.000000e-09 1           
300:         2.040183e-02 9.795982e-01 1.000000e-09 1           
301:         1.000000e-09 1.000000e+00 1.000000e-09 1           
302:         2.115485e-02 9.711956e-01 7.649521e-03 1           
303:         2.673620e-02 9.641590e-01 9.104777e-03 1           
304:         1.000000e-09 9.986806e-01 1.319353e-03 1           
305:         1.000000e-09 9.976278e-01 2.372174e-03 1           
306:         1.000000e-09 1.000000e+00 1.000000e-09 1           
307:         1.955217e-02 9.804478e-01 1.000000e-09 1           
308:         1.000000e-09 1.000000e+00 1.000000e-09 1           
309:         8.485117e-03 9.915149e-01 1.000000e-09 1           
310:         1.680130e-07 9.999998e-01 1.000000e-09 1           
311:         2.039424e-02 9.796058e-01 1.000000e-09 1           
312:         8.348038e-03 9.916520e-01 1.000000e-09 1           
313:         1.004277e-01 8.979624e-01 1.609980e-03 1           
314:         1.000000e-09 1.000000e+00 1.000000e-09 1           
315:         1.000000e-09 1.000000e+00 1.000000e-09 1           
316:         1.999249e-02 9.800075e-01 1.000000e-09 1           
317:         3.200597e-03 9.967994e-01 1.000000e-09 1           
318:         1.000000e-09 1.000000e+00 1.000000e-09 1           
319:         3.808149e-05 9.999619e-01 1.000000e-09 1           
320:         1.000000e-09 1.000000e+00 1.000000e-09 1           
321:         4.990693e-03 9.950093e-01 1.000000e-09 1           
322:         1.000000e-09 1.000000e+00 1.000000e-09 1           
323:         2.940498e-03 9.970595e-01 1.000000e-09 1           
324:         1.000000e-09 1.000000e+00 1.000000e-09 1           
325:         1.000000e-09 9.975007e-01 2.499292e-03 1           
326:         1.000000e-09 9.983915e-01 1.608483e-03 1           
327:         1.267664e-03 9.975540e-01 1.178373e-03 1           
328:         1.000000e-09 1.000000e+00 1.000000e-09 1           
329:         1.000000e-09 1.000000e+00 1.000000e-09 1           
330:         1.000000e-09 1.000000e+00 1.000000e-09 1           
331:         2.443877e-03 9.975561e-01 1.000000e-09 1           
332:         1.000000e-09 1.000000e+00 1.000000e-09 1           
333:         2.540337e-03 9.974597e-01 1.000000e-09 1           
334:         2.115349e-06 9.999979e-01 1.000000e-09 1           
335:         1.000000e-09 1.000000e+00 1.000000e-09 1           
336:         1.000000e-09 1.000000e+00 1.000000e-09 1           
337:         4.855854e-03 9.951441e-01 1.000000e-09 1           
338:         1.505238e-03 9.984948e-01 1.000000e-09 1           
339:         1.000000e-09 1.000000e+00 1.000000e-09 1           
340:         8.671735e-03 9.913283e-01 1.000000e-09 1           
341:         1.000000e-09 1.000000e+00 1.000000e-09 1           
342:         1.000000e-09 1.000000e+00 1.000000e-09 1           
343:         1.000000e-09 1.000000e+00 1.000000e-09 1           
344:         6.869397e-08 9.999999e-01 1.000000e-09 1           
345:         1.000000e-09 1.000000e+00 1.000000e-09 1           
346:         2.464245e-03 9.975358e-01 1.000000e-09 1           
347:         1.000000e-09 1.000000e+00 1.000000e-09 1           
348:         6.177301e-03 9.938227e-01 1.000000e-09 1           
349:         9.169563e-03 9.908304e-01 1.000000e-09 1           
350:         7.143429e-03 9.883214e-01 4.535142e-03 1           
351:         1.824213e-02 9.742006e-01 7.557242e-03 1           
352:         1.000000e-09 1.000000e+00 1.000000e-09 1           
353:         1.887359e-02 9.779032e-01 3.223206e-03 1           
354:         4.784376e-03 9.897285e-01 5.487137e-03 1           
355:         1.000000e-09 9.937934e-01 6.206601e-03 1           
356:         1.000000e-09 9.987010e-01 1.298974e-03 1           
357:         1.000000e-09 1.000000e+00 1.000000e-09 1           
358:         1.000000e-09 9.965819e-01 3.418067e-03 1           
359:         4.889432e-03 9.920133e-01 3.097256e-03 1           
360:         3.194359e-03 9.968056e-01 1.000000e-09 1           
361:         1.961810e-02 9.726749e-01 7.706953e-03 1           
362:         5.705129e-03 9.908321e-01 3.462790e-03 1           
363:         6.425230e-01 3.558242e-01 1.652769e-03 1           
364:         6.334666e-01 3.665334e-01 1.000000e-09 1           
365:         3.883693e-01 6.053090e-01 6.321763e-03 1           
366:         8.895268e-03 9.911047e-01 1.000000e-09 1           
367:         2.224667e-03 9.977753e-01 1.000000e-09 1           
368:         1.000000e-09 1.000000e+00 1.000000e-09 1           
369:         1.000000e-09 1.000000e+00 1.000000e-09 1           
370:         7.176051e-06 9.893049e-01 1.068792e-02 1           
371:         1.000000e-09 1.000000e+00 1.000000e-09 1           
372:         1.373736e-02 9.855450e-01 7.176248e-04 1           
373:         1.000000e-09 1.000000e+00 1.000000e-09 1           
374:         1.000000e-09 1.000000e+00 1.000000e-09 1           
375:         1.000000e-09 1.000000e+00 1.000000e-09 1           
376:         1.000000e-09 1.000000e+00 1.000000e-09 1           
377:         1.811107e-05 9.969010e-01 3.080903e-03 1           
378:         1.000000e-09 1.000000e+00 1.000000e-09 1           
379:         1.000000e-09 9.975801e-01 2.419906e-03 1           
380:         1.000000e-09 1.000000e+00 1.000000e-09 1           
381:         1.000000e-09 1.000000e+00 1.000000e-09 1           
382:         1.631268e-02 9.809197e-01 2.767632e-03 1           
383:         1.000000e-09 1.000000e+00 1.000000e-09 1           
384:         1.000000e-09 1.000000e+00 1.000000e-09 1           
385:         1.000000e-09 1.000000e+00 1.000000e-09 1           
386:         2.249302e-03 9.977507e-01 1.000000e-09 1           
387:         1.000000e-09 1.000000e+00 1.000000e-09 1           
388:         1.000000e-09 9.969641e-01 3.035880e-03 1           
389:         6.819901e-03 9.931801e-01 1.000000e-09 1           
390:         1.000000e-09 1.000000e+00 1.000000e-09 1           
391:         7.742301e-03 9.922577e-01 1.000000e-09 1           
392:         2.791644e-03 9.944237e-01 2.784695e-03 1           
393:         1.000000e-09 1.000000e+00 1.000000e-09 1           
394:         2.606310e-03 9.973937e-01 1.000000e-09 1           
395:         1.067978e-02 9.893202e-01 1.000000e-09 1           
396:         1.000000e-09 1.000000e+00 1.000000e-09 1           
397:         1.556652e-03 9.984433e-01 1.000000e-09 1           
398:         1.000000e-09 1.000000e+00 1.000000e-09 1           
399:         1.512432e-02 9.848757e-01 1.000000e-09 1           
400:         1.000000e-09 1.000000e+00 1.000000e-09 1           
401:         4.919616e-02 9.508038e-01 1.000000e-09 1           
402:         1.325505e-02 9.867449e-01 1.000000e-09 1           
403:         6.012723e-06 9.999940e-01 1.000000e-09 1           
404:         3.320427e-03 9.966796e-01 1.000000e-09 1           
405:         1.830404e-02 9.816960e-01 1.000000e-09 1           
406:         1.839865e-02 9.816013e-01 1.000000e-09 1           
407:         3.553025e-03 9.964470e-01 1.000000e-09 1           
408:         1.084407e-06 9.999989e-01 1.000000e-09 1           
409:         9.504714e-03 9.904953e-01 1.000000e-09 1           
410:         3.654608e-02 9.634539e-01 1.000000e-09 1           
411:         1.000000e-09 1.000000e+00 1.000000e-09 1           
412:         2.525036e-03 9.974750e-01 1.000000e-09 1           
413:         2.490874e-09 9.954295e-01 4.570537e-03 1           
414:         1.000000e-09 1.000000e+00 1.000000e-09 1           
415:         1.000000e-09 1.000000e+00 1.000000e-09 1           
416:         1.000000e-09 1.000000e+00 1.000000e-09 1           
417:         2.469441e-03 9.957977e-01 1.732869e-03 1           
418:         1.000000e-09 9.990596e-01 9.404202e-04 1           
419:         1.000000e-09 1.000000e+00 1.000000e-09 1           
420:         1.000000e-09 1.000000e+00 1.000000e-09 1           
421:         1.000000e-09 1.000000e+00 1.000000e-09 1           
422:         1.000000e-09 1.000000e+00 1.000000e-09 1           
423:         1.000000e-09 1.000000e+00 1.000000e-09 1           
424:         1.000000e-09 1.000000e+00 1.000000e-09 1           
425:         1.000000e-09 1.000000e+00 1.000000e-09 1           
426:         1.000000e-09 1.000000e+00 1.000000e-09 1           
427:         2.595441e-07 9.991397e-01 8.600014e-04 1           
428:         1.930597e-09 1.000000e+00 1.000000e-09 1           
429:         1.000000e-09 9.962509e-01 3.749071e-03 1           
430:         5.277813e-03 9.924374e-01 2.284783e-03 1           
431:         1.000000e-09 9.975140e-01 2.486007e-03 1           
432:         2.845018e-02 9.715498e-01 1.000000e-09 1           
433:         1.000000e-09 1.000000e+00 1.000000e-09 1           
434:         2.928898e-02 9.707110e-01 1.000000e-09 1           
435:         1.000000e-09 1.000000e+00 1.000000e-09 1           
436:         1.000000e-09 1.000000e+00 1.000000e-09 1           
437:         1.000000e-09 1.000000e+00 1.000000e-09 1           
438:         1.000000e-09 9.975046e-01 2.495387e-03 1           
439:         2.241106e-02 9.775889e-01 1.000000e-09 1           
440:         1.006460e-02 9.886449e-01 1.290523e-03 1           
441:         4.210480e-06 9.976641e-01 2.331700e-03 1           
442:         5.055200e-02 9.488349e-01 6.131259e-04 1           
443:         1.614258e-05 9.929595e-01 7.024344e-03 1           
444:         2.946040e-02 9.648322e-01 5.707385e-03 1           
445:         9.930646e-03 9.900694e-01 1.000000e-09 1           
446:         1.577842e-02 9.842216e-01 1.000000e-09 1           
447:         2.398648e-02 9.748753e-01 1.138198e-03 1           
448:         4.740807e-02 9.430352e-01 9.556737e-03 1           
449:         8.608812e-02 9.066560e-01 7.255919e-03 1           
450:         4.649117e-03 3.452732e-01 6.500777e-01 1           
451:         1.891812e-05 4.268308e-01 5.731502e-01 1           
452:         6.463972e-03 3.478068e-01 6.457293e-01 1           
453:         3.730989e-02 3.518497e-01 6.108405e-01 1           
454:         4.289193e-04 5.813315e-01 4.182396e-01 1           
455:         2.949056e-02 3.959404e-01 5.745691e-01 1           
456:         4.894386e-02 3.509766e-01 6.000796e-01 1           
457:         9.391228e-03 4.730694e-01 5.175394e-01 1           
458:         2.718806e-02 2.870030e-01 6.858089e-01 1           
459:         2.028608e-02 9.451833e-01 3.453059e-02 1           
460:         1.783451e-02 9.821655e-01 1.000000e-09 1           
461:         1.589944e-02 9.841006e-01 1.000000e-09 1           
462:         1.925254e-04 9.998075e-01 1.000000e-09 1           
463:         1.000000e-09 9.991073e-01 8.927418e-04 1           
464:         1.033422e-02 9.896658e-01 1.000000e-09 1           
465:         5.293288e-01 4.706712e-01 1.000000e-09 1           
466:         7.530834e-02 9.193420e-01 5.349615e-03 1           
467:         3.812918e-02 9.595797e-01 2.291139e-03 1           
468:         1.009775e-02 9.868434e-01 3.058900e-03 1           
469:         1.024836e-01 8.951053e-01 2.411118e-03 1           
470:         2.846371e-02 9.698497e-01 1.686620e-03 1           
471:         3.217887e-07 9.999997e-01 1.000000e-09 1           
472:         1.000000e-09 1.000000e+00 1.000000e-09 1           
473:         1.000000e-09 1.000000e+00 1.000000e-09 1           
474:         1.000000e-09 9.280757e-01 7.192426e-02 1           
475:         6.046213e-04 9.445939e-01 5.480152e-02 1           
476:         1.887265e-02 9.343934e-01 4.673393e-02 1           
477:         1.145953e-02 9.869906e-01 1.549862e-03 1           
478:         1.000000e-09 1.000000e+00 1.000000e-09 1           
479:         3.237527e-02 9.364389e-01 3.118578e-02 1           
480:         2.759691e-04 9.894044e-01 1.031964e-02 1           
481:         1.313622e-02 9.808805e-01 5.983248e-03 1           
482:         9.352360e-03 9.868058e-01 3.841843e-03 1           
483:         2.103073e-03 9.932229e-01 4.674050e-03 1           
484:         1.880069e-02 9.582807e-01 2.291863e-02 1           
485:         1.988989e-02 9.789143e-01 1.195832e-03 1           
486:         1.000000e-09 1.000000e+00 1.000000e-09 1           
487:         9.198566e-04 9.745192e-01 2.456099e-02 1           
488:         1.000000e-09 1.000000e+00 1.000000e-09 1           
489:         1.568832e-05 9.999843e-01 1.000000e-09 1           
490:         1.056854e-01 8.859916e-01 8.322947e-03 1           
491:         1.000000e-09 9.940063e-01 5.993666e-03 1           
492:         2.445222e-02 9.639909e-01 1.155684e-02 1           
493:         6.114750e-02 9.313190e-01 7.533522e-03 1           
494:         3.370233e-04 9.948587e-01 4.804289e-03 1           
495:         8.517975e-03 9.896438e-01 1.838199e-03 1           
496:         6.025365e-03 9.894953e-01 4.479323e-03 1           
497:         5.509256e-03 9.879373e-01 6.553434e-03 1           
498:         1.000000e-09 1.000000e+00 1.000000e-09 1           
499:         1.000000e-09 1.000000e+00 1.000000e-09 1           
500:         1.434483e-02 9.856552e-01 1.000000e-09 1           
501:         7.559501e-02 9.244050e-01 1.000000e-09 1           
502:         1.000000e-09 9.992452e-01 7.547838e-04 1           
503:         2.915278e-02 9.708472e-01 1.000000e-09 1           
504:         1.928953e-02 9.807105e-01 1.000000e-09 1           
505:         8.707914e-03 9.912921e-01 1.000000e-09 1           
506:         4.782404e-02 9.521760e-01 1.000000e-09 1           
507:         1.585372e-02 9.841463e-01 1.000000e-09 1           
508:         4.692113e-02 9.530789e-01 1.000000e-09 1           
509:         1.867453e-02 9.813255e-01 1.000000e-09 1           
510:         1.000000e-09 1.000000e+00 1.000000e-09 1           
511:         3.756042e-02 9.624396e-01 1.000000e-09 1           
512:         5.537833e-02 9.423604e-01 2.261311e-03 1           
513:         8.936883e-02 9.083206e-01 2.310545e-03 1           
514:         1.760477e-01 8.197103e-01 4.241988e-03 1           
515:         2.775734e-01 7.175305e-01 4.896059e-03 1           
516:         1.687588e-01 8.299597e-01 1.281571e-03 1           
517:         3.374865e-02 9.662514e-01 1.000000e-09 1           
518:         2.010977e-02 9.798902e-01 1.000000e-09 1           
519:         5.829244e-02 9.417076e-01 1.000000e-09 1           
520:         3.093364e-01 6.871538e-01 3.509791e-03 1           
521:         7.258471e-02 9.274153e-01 1.000000e-09 1           
522:         2.552616e-01 7.345521e-01 1.018632e-02 1           
523:         5.672217e-02 9.432778e-01 1.000000e-09 1           
524:         2.853017e-02 9.714698e-01 1.000000e-09 1           
525:         1.140345e-05 9.994496e-01 5.389651e-04 1           
526:         7.069658e-04 9.992930e-01 1.000000e-09 1           
527:         6.900318e-02 9.296920e-01 1.304865e-03 1           
528:         1.069862e-02 9.893014e-01 1.000000e-09 1           
529:         4.729129e-02 9.491739e-01 3.534833e-03 1           
530:         4.324944e-03 9.956751e-01 1.000000e-09 1           
531:         1.672935e-03 9.983271e-01 1.000000e-09 1           
532:         3.322535e-02 9.667746e-01 1.000000e-09 1           
533:         8.531755e-03 9.914682e-01 1.000000e-09 1           
534:         5.975588e-03 9.940244e-01 1.000000e-09 1           
535:         1.038236e-02 9.758374e-01 1.378027e-02 1           
536:         1.000000e-09 9.964008e-01 3.599226e-03 1           
537:         1.795243e-03 9.982048e-01 1.000000e-09 1           
538:         1.000000e-09 1.000000e+00 1.000000e-09 1           
539:         1.000000e-09 1.000000e+00 1.000000e-09 1           
540:         7.542134e-03 9.924579e-01 1.000000e-09 1           
541:         1.000000e-09 1.000000e+00 1.000000e-09 1           
542:         1.000000e-09 1.000000e+00 1.000000e-09 1           
543:         1.000000e-09 1.000000e+00 1.000000e-09 1           
544:         1.000000e-09 1.000000e+00 1.000000e-09 1           
545:         5.029263e-09 1.000000e+00 1.000000e-09 1           
546:         1.000000e-09 1.000000e+00 1.000000e-09 1           
547:         7.179682e-06 9.987566e-01 1.236253e-03 1           
548:         1.000000e-09 1.000000e+00 1.000000e-09 1           
549:         1.000000e-09 1.000000e+00 1.000000e-09 1           
550:         5.414563e-01 4.518437e-01 6.700056e-03 1           
551:         2.135790e-01 7.864210e-01 1.000000e-09 1           
552:         2.794259e-01 7.194753e-01 1.098862e-03 1           
553:         2.950234e-01 5.773720e-01 1.276047e-01 1           
554:         2.891187e-01 7.085148e-01 2.366499e-03 1           
555:         4.412672e-01 5.587328e-01 1.000000e-09 1           
556:         4.244582e-01 5.755418e-01 1.000000e-09 1           
557:         4.370111e-01 5.629889e-01 1.000000e-09 1           
558:         4.482303e-01 5.517697e-01 1.000000e-09 1           
559:         3.971416e-01 6.028584e-01 1.000000e-09 1           
560:         4.556729e-01 5.443271e-01 1.000000e-09 1           
561:         4.162547e-01 5.837453e-01 1.000000e-09 1           
562:         3.797549e-01 6.202451e-01 1.000000e-09 1           
563:         4.383710e-01 5.616290e-01 1.000000e-09 1           
564:         4.409760e-01 5.590240e-01 1.000000e-09 1           
565:         4.311637e-01 5.688363e-01 1.000000e-09 1           
566:         4.782874e-01 5.217126e-01 1.000000e-09 1           
567:         4.584523e-01 5.415477e-01 1.000000e-09 1           
568:         4.282811e-01 5.717189e-01 1.000000e-09 1           
569:         5.251423e-01 4.748577e-01 1.000000e-09 1           
570:         4.292270e-01 5.707730e-01 1.000000e-09 1           
571:         4.258095e-01 5.741905e-01 1.000000e-09 1           
572:         4.449700e-01 5.550300e-01 1.000000e-09 1           
573:         4.796248e-01 5.203752e-01 1.000000e-09 1           
574:         4.021713e-01 5.978287e-01 1.000000e-09 1           
575:         4.932270e-02 9.506773e-01 1.000000e-09 1           
576:         3.641281e-02 9.635872e-01 1.000000e-09 1           
577:         3.831476e-05 9.999617e-01 1.000000e-09 1           
578:         5.166211e-02 9.483379e-01 1.000000e-09 1           
579:         1.909204e-02 9.809080e-01 1.000000e-09 1           
580:         1.000000e-09 1.000000e+00 1.000000e-09 1           
581:         2.737987e-02 9.726201e-01 1.000000e-09 1           
582:         3.115613e-02 9.688439e-01 1.000000e-09 1           
583:         2.414340e-02 9.737955e-01 2.061079e-03 1           
584:         3.165277e-02 9.683472e-01 1.000000e-09 1           
585:         1.570739e-02 9.842926e-01 1.000000e-09 1           
586:         1.759675e-02 9.824032e-01 1.000000e-09 1           
587:         1.000000e-09 1.000000e+00 1.000000e-09 1           
588:         2.772218e-02 9.722778e-01 1.000000e-09 1           
589:         5.405214e-02 9.459479e-01 1.000000e-09 1           
590:         7.352817e-03 9.926472e-01 1.000000e-09 1           
591:         4.820296e-02 9.517970e-01 1.000000e-09 1           
592:         2.801392e-02 9.719861e-01 1.000000e-09 1           
593:         3.459229e-02 9.654077e-01 1.000000e-09 1           
594:         1.190868e-02 9.880913e-01 1.000000e-09 1           
595:         4.523795e-03 9.954762e-01 1.000000e-09 1           
596:         3.761013e-02 9.623899e-01 1.000000e-09 1           
597:         6.009933e-02 9.399007e-01 1.000000e-09 1           
598:         3.446200e-02 9.655380e-01 1.000000e-09 1           
599:         6.436906e-02 9.356309e-01 1.000000e-09 1           
600:         1.847506e-02 9.815249e-01 1.000000e-09 1           
601:         6.402363e-03 9.935976e-01 1.000000e-09 1           
602:         2.502402e-02 9.749760e-01 1.000000e-09 1           
603:         2.748031e-02 9.725197e-01 1.000000e-09 1           
604:         1.000000e-09 1.000000e+00 1.000000e-09 1           
605:         1.000000e-09 9.931997e-01 6.800317e-03 1           
606:         6.250969e-03 9.934949e-01 2.540858e-04 1           
607:         1.000000e-09 1.000000e+00 1.000000e-09 1           
608:         6.949567e-02 9.064347e-01 2.406962e-02 1           
609:         9.016085e-02 8.782473e-01 3.159188e-02 1           
610:         5.860177e-02 9.120457e-01 2.935258e-02 1           
611:         9.073955e-02 8.792146e-01 3.004582e-02 1           
612:         3.497353e-02 9.321668e-01 3.285967e-02 1           
613:         7.847205e-02 8.909580e-01 3.056997e-02 1           
614:         5.462478e-02 9.049238e-01 4.045147e-02 1           
615:         1.152207e-01 8.451185e-01 3.966081e-02 1           
