   1:   0.0000  0.0000  1.0000  0.0000  0.0000  0.0000  1
   2:   0.0000  0.0000  1.0000  0.0000  0.0000  0.0000  1
   3:   0.0000  0.0000  1.0000  0.0000  0.0000  0.0000  1
   4:   0.0000  0.0000  1.0000  0.0000  0.0000  0.0000  1
   5:   0.0000  0.0000  1.0000  0.0000  0.0000  0.0000  1
   6:   0.0000  0.0000  1.0000  0.0000  0.0000  0.0000  1
   7:   0.0000  0.0000  1.0000  0.0000  0.0000  0.0000  1
   8:   0.0000  0.0000  1.0000  0.0000  0.0000  0.0000  1
   9:   0.0000  0.0000  1.0000  0.0000  0.0000  0.0000  1
  10:   0.0000  0.0000  1.0000  0.0000  0.0000  0.0000  1
  11:   0.0000  0.0000  1.0000  0.0000  0.0000  0.0000  1
  12:   0.0000  0.0000  1.0000  0.0000  0.0000  0.0000  1
  13:   0.0000  0.0000  1.0000  0.0000  0.0000  0.0000  1
  14:   0.0000  0.0000  1.0000  0.0000  0.0000  0.0000  1
  15:   0.0000  0.0000  1.0000  0.0000  0.0000  0.0000  1
  16:   0.0000  0.0000  1.0000  0.0000  0.0000  0.0000  1
  17:   0.0000  0.0000  1.0000  0.0000  0.0000  0.0000  1
  18:   0.0000  0.0000  1.0000  0.0000  0.0000  0.0000  1
  19:   0.0000  0.0000  1.0000  0.0000  0.0000  0.0000  1
  20:   0.0000  0.0000  1.0000  0.0000  0.0000  0.0000  1
  21:   0.0000  0.0000  1.0000  0.0000  0.0000  0.0000  1
  22:   0.0000  0.0000  1.0000  0.0000  0.0000  0.0000  1
  23:   0.0000  0.0000  1.0000  0.0000  0.0000  0.0000  1
  24:   0.0000  0.0000  1.0000  0.0000  0.0000  0.0000  1
  25:   0.0000  0.0000  1.0000  0.0000  0.0000  0.0000  1
  26:   0.0000  0.0000  1.0000  0.0000  0.0000  0.0000  1
  27:   0.0000  0.0000  1.0000  0.0000  0.0000  0.0000  1
  28:   0.0000  0.0000  1.0000  0.0000  0.0000  0.0000  1
  29:   0.0000  0.0000  1.0000  0.0000  0.0000  0.0000  1
  30:   0.0000  0.0000  1.0000  0.0000  0.0000  0.0000  1
  31:   0.0000  0.0000  1.0000  0.0000  0.0000  0.0000  1
  32:   0.0000  0.0000  1.0000  0.0000  0.0000  0.0000  1
  33:   0.0000  0.0000  1.0000  0.0000  0.0000  0.0000  1
  34:   0.0000  0.0000  1.0000  0.0000  0.0000  0.0000  1
  35:   0.0000  0.0000  1.0000  0.0000  0.0000  0.0000  1
  36:   0.0000  0.0000  1.0000  0.0000  0.0000  0.0000  1
  37:   0.0000  0.0000  1.0000  0.0000  0.0000  0.0000  1
  38:   0.0000  0.0000  1.0000  0.0000  0.0000  0.0000  1
  39:   0.0000  0.0000  1.0000  0.0000  0.0000  0.0000  1
  40:   0.0000  0.0000  1.0000  0.0000  0.0000  0.0000  1
  41:   0.0000  0.0000  1.0000  0.0000  0.0000  0.0000  1
  42:   0.0000  0.0000  1.0000  0.0000  0.0000  0.0000  1
  43:   0.0000  0.0000  1.0000  0.0000  0.0000  0.0000  1
  44:   0.0000  0.0000  1.0000  0.0000  0.0000  0.0000  1
  45:   0.0000  0.0000  1.0000  0.0000  0.0000  0.0000  1
  46:   0.0000  0.0000  1.0000  0.0000  0.0000  0.0000  1
  47:   0.0000  0.0000  1.0000  0.0000  0.0000  0.0000  1
  48:   0.0000  0.0000  1.0000  0.0000  0.0000  0.0000  1
  49:   0.0000  0.0000  1.0000  0.0000  0.0000  0.0000  1
  50:   0.0000  0.0000  1.0000  0.0000  0.0000  0.0000  1
  51:   0.0000  0.0000  1.0000  0.0000  0.0000  0.0000  1
  52:   0.0000  0.0000  0.0000  0.0888  0.5383  0.3730  1
  53:   0.0000  0.0000  0.0000  0.0841  0.5009  0.4150  1
  54:   0.0000  0.0000  0.0000  0.0830  0.4609  0.4561  1
  55:   0.0000  0.0000  0.0000  0.0881  0.5468  0.3651  1
  56:   0.0000  0.0000  0.0000  0.0922  0.5440  0.3639  1
  57:   0.0000  0.0000  0.0000  0.0894  0.5380  0.3726  1
  58:   0.0000  0.0000  0.0000  0.0892  0.5443  0.3665  1
  59:   0.0000  0.0000  0.0000  0.0902  0.5635  0.3463  1
  60:   0.0000  0.0000  0.0000  0.0885  0.5356  0.3759  1
  61:   0.0028  0.0010  0.0000  0.0901  0.5375  0.3686  1
  62:   0.0000  0.0000  0.0000  0.0888  0.5170  0.3942  1
  63:   0.0000  0.0000  0.0000  0.0871  0.5206  0.3923  1
  64:   0.0028  0.0011  0.0000  0.0880  0.5118  0.3963  1
  65:   0.0000  0.0000  0.0000  0.0894  0.5129  0.3977  1
  66:   0.0000  0.0000  0.0000  0.0906  0.5570  0.3524  1
  67:   0.0000  0.0000  0.0000  0.0914  0.5468  0.3618  1
  68:   0.0000  0.0000  0.0000  0.0775  0.4614  0.4610  1
  69:   0.0007  0.0000  0.0000  0.0816  0.4659  0.4518  1
  70:   0.0000  0.0000  0.0000  0.0884  0.5116  0.4001  1
  71:   0.0000  0.0000  0.0000  0.0883  0.5228  0.3888  1
  72:   0.0000  0.0000  0.0000  0.0853  0.5312  0.3835  1
  73:   0.0000  0.0000  0.0000  0.0864  0.5330  0.3805  1
  74:   0.0000  0.0000  0.0000  0.0882  0.5011  0.4107  1
  75:   0.0000  0.0000  0.0000  0.0828  0.4819  0.4354  1
  76:   0.0000  0.0000  0.0000  0.0824  0.4564  0.4613  1
  77:   0.0000  0.0000  0.0000  0.0889  0.5354  0.3757  1
  78:   0.0000  0.0000  0.0000  0.0833  0.4809  0.4358  1
  79:   0.0028  0.0004  0.0004  0.0828  0.4871  0.4264  1
  80:   0.0000  0.0009  0.0000  0.0891  0.5408  0.3693  1
  81:   0.0000  0.0000  0.0000  0.0845  0.4949  0.4205  1
  82:   0.0000  0.0000  0.0000  0.0901  0.5547  0.3552  1
  83:   0.0013  0.0015  0.0014  0.0892  0.5131  0.3937  1
  84:   0.0000  0.0000  0.0000  0.0757  0.4147  0.5097  1
  85:   0.0000  0.0000  0.0000  0.0822  0.4864  0.4314  1
  86:   0.0000  0.0000  0.0000  0.0806  0.4750  0.4444  1
  87:   0.0000  0.0000  0.0000  0.0872  0.5208  0.3920  1
  88:   0.0005  0.0000  0.0000  0.0804  0.4648  0.4543  1
  89:   0.0000  0.0000  0.0000  0.0810  0.4667  0.4523  1
  90:   0.0010  0.0000  0.0000  0.0748  0.4335  0.4907  1
  91:   0.0023  0.0006  0.0000  0.0897  0.5194  0.3880  1
  92:   0.0000  0.0000  0.0000  0.0897  0.5183  0.3920  1
  93:   0.0078  0.0000  0.0000  0.0795  0.5097  0.4030  1
  94:   0.0000  0.0000  0.0000  0.0874  0.5291  0.3835  1
  95:   0.0000  0.0000  0.0000  0.0820  0.4725  0.4455  1
  96:   0.0000  0.0000  0.0000  0.0788  0.4903  0.4308  1
  97:   0.0000  0.0000  0.0000  0.0821  0.4759  0.4420  1
  98:   0.0000  0.0000  0.0000  0.0847  0.4922  0.4231  1
  99:   0.0000  0.0000  0.0000  0.0811  0.4546  0.4643  1
 100:   0.0000  0.0000  0.0000  0.0853  0.4972  0.4175  1
 101:   0.0000  0.0000  0.0000  0.0787  0.4511  0.4702  1
 102:   0.0000  0.0000  0.0000  0.0821  0.5119  0.4059  1
 103:   0.0000  0.0000  0.0000  0.0801  0.4606  0.4593  1
 104:   0.0000  0.0000  0.0000  0.0899  0.4843  0.4258  1
 105:   0.0000  0.0000  0.0000  0.0893  0.5230  0.3877  1
 106:   0.0000  0.0000  0.0000  0.0853  0.5008  0.4138  1
 107:   0.0001  0.0000  0.0000  0.0860  0.5169  0.3970  1
 108:   0.0000  0.0000  0.0000  0.0840  0.5078  0.4082  1
 109:   0.0000  0.0000  0.0005  0.0865  0.4908  0.4222  1
 110:   0.0000  0.0000  0.0000  0.0907  0.5037  0.4057  1
 111:   0.0000  0.0000  0.0000  0.0919  0.5157  0.3924  1
 112:   0.0000  0.0000  0.0000  0.0859  0.4776  0.4365  1
 113:   0.0000  0.0000  0.0000  0.0856  0.4577  0.4567  1
 114:   0.0000  0.0000  0.0014  0.0886  0.4816  0.4284  1
 115:   0.0001  0.0002  0.0001  0.0892  0.4677  0.4427  1
 116:   0.0000  0.0000  0.0000  0.0871  0.5110  0.4019  1
 117:   0.0013  0.0000  0.0000  0.0838  0.4503  0.4646  1
 118:   0.0059  0.0016  0.0040  0.0847  0.5462  0.3577  1
 119:   0.0018  0.0013  0.0011  0.0854  0.5003  0.4101  1
 120:   0.0007  0.0008  0.0004  0.0859  0.4948  0.4175  1
 121:   0.0002  0.0008  0.0001  0.0879  0.4826  0.4283  1
 122:   0.0014  0.0011  0.0031  0.0801  0.4730  0.4413  1
 123:   0.0012  0.0010  0.0022  0.0877  0.5121  0.3957  1
 124:   0.0000  0.0000  0.0000  0.0000  0.9903  0.0097  1
 125:   0.0000  0.0000  0.0000  0.0000  1.0000  0.0000  1
 126:   0.0000  0.0000  0.0000  0.0011  0.9919  0.0070  1
 127:   0.0000  0.0001  0.0000  0.0000  0.9999  0.0000  1
 128:   0.0005  0.0000  0.0000  0.0000  0.9990  0.0005  1
 129:   0.0000  0.0000  0.0000  0.0000  1.0000  0.0000  1
 130:   0.0000  0.0000  0.0000  0.0003  0.9974  0.0024  1
 131:   0.0000  0.0000  0.0000  0.0000  0.9940  0.0060  1
 132:   0.0000  0.0000  0.0000  0.0000  0.9980  0.0020  1
 133:   0.0000  0.0000  0.0006  0.0000  0.9994  0.0000  1
 134:   0.0000  0.0000  0.0000  0.0007  0.9993  0.0000  1
 135:   0.0000  0.0000  0.0000  0.0035  0.9929  0.0036  1
 136:   0.0000  0.0000  0.0000  0.0000  1.0000  0.0000  1
 137:   0.0003  0.0000  0.0000  0.0000  0.9995  0.0003  1
 138:   0.0000  0.0000  0.0011  0.0000  0.9989  0.0000  1
 139:   0.0000  0.0000  0.0000  0.0000  0.9691  0.0309  1
 140:   0.0000  0.0000  0.0000  0.0014  0.9961  0.0026  1
 141:   0.0000  0.0000  0.0000  0.0000  1.0000  0.0000  1
 142:   0.0039  0.0004  0.0003  0.0023  0.9807  0.0125  1
 143:   0.0021  0.0011  0.0000  0.0004  0.9426  0.0538  1
 144:   0.0038  0.0000  0.0000  0.0017  0.9945  0.0000  1
 145:   0.0017  0.0030  0.0009  0.0027  0.9396  0.0521  1
 146:   0.0011  0.0014  0.0000  0.0058  0.9234  0.0682  1
 147:   0.0038  0.0004  0.0000  0.0008  0.9303  0.0647  1
 148:   0.0014  0.0003  0.0002  0.0002  0.9868  0.0110  1
 149:   0.0029  0.0007  0.0000  0.0014  0.9331  0.0618  1
 150:   0.0045  0.0007  0.0001  0.0006  0.9542  0.0399  1
 151:   0.0003  0.0007  0.0000  0.0006  0.9669  0.0314  1
 152:   0.0002  0.0009  0.0002  0.0004  0.9731  0.0252  1
 153:   0.0000  0.0000  0.0000  0.0000  0.9381  0.0619  1
 154:   0.0016  0.0019  0.0000  0.0002  0.9546  0.0416  1
 155:   0.0068  0.0015  0.0005  0.0022  0.9488  0.0403  1
 156:   0.0066  0.0014  0.0000  0.0015  0.9329  0.0576  1
 157:   0.0012  0.0000  0.0000  0.0025  0.9738  0.0225  1
 158:   0.0008  0.0000  0.0000  0.0000  0.9351  0.0641  1
 159:   0.0006  0.0000  0.0000  0.0029  0.9182  0.0784  1
 160:   0.0001  0.0003  0.0000  0.0047  0.9493  0.0456  1
 161:   0.0101  0.0044  0.0021  0.0127  0.8951  0.0756  1
 162:   0.0313  0.0018  0.0004  0.0095  0.8336  0.1233  1
 163:   0.0054  0.0099  0.0057  0.0230  0.7990  0.1570  1
 164:   0.0008  0.0000  0.0060  0.0009  0.9321  0.0602  1
 165:   0.0142  0.0116  0.0000  0.0031  0.8625  0.1086  1
 166:   0.0421  0.0012  0.0000  0.0015  0.7250  0.2302  1
 167:   0.0005  0.0000  0.0006  0.0032  0.9889  0.0069  1
 168:   0.0010  0.0024  0.0073  0.0594  0.9263  0.0035  1
 169:   0.0050  0.0000  0.0158  0.0000  0.9446  0.0347  1
 170:   0.0003  0.0000  0.0017  0.0022  0.9769  0.0188  1
 171:   0.0022  0.0000  0.0082  0.0060  0.9664  0.0172  1
 172:   0.0013  0.0000  0.0021  0.0077  0.9674  0.0216  1
 173:   0.0004  0.0000  0.0000  0.0045  0.9553  0.0398  1
 174:   0.0039  0.0000  0.0000  0.0015  0.9876  0.0069  1
 175:   0.0046  0.0005  0.0000  0.0822  0.6861  0.2265  1
 176:   0.0038  0.0000  0.0012  0.0766  0.7153  0.2031  1
 177:   0.1765  0.0584  0.0000  0.1465  0.5178  0.1008  1
 178:   0.0052  0.0010  0.0045  0.0802  0.6556  0.2535  1
 179:   0.0107  0.0008  0.0023  0.0786  0.6804  0.2272  1
 180:   0.1792  0.0585  0.0000  0.1699  0.4971  0.0953  1
 181:   0.1358  0.0486  0.0000  0.1557  0.5019  0.1580  1
 182:   0.1450  0.0394  0.0003  0.1488  0.5602  0.1064  1
 183:   0.1428  0.0238  0.0029  0.1392  0.5598  0.1316  1
 184:   0.1466  0.0318  0.0019  0.1231  0.5410  0.1555  1
 185:   0.0072  0.0000  0.0000  0.0767  0.6954  0.2207  1
 186:   0.1932  0.0275  0.0014  0.1311  0.5353  0.1114  1
 187:   0.0120  0.0009  0.0064  0.0808  0.6869  0.2131  1
 188:   0.1749  0.0523  0.0009  0.1610  0.4774  0.1336  1
 189:   0.0064  0.0000  0.0024  0.0773  0.6763  0.2376  1
 190:   0.0082  0.0000  0.0000  0.0741  0.6684  0.2492  1
 191:   0.2016  0.0342  0.0078  0.1317  0.4868  0.1379  1
 192:   0.0025  0.0000  0.0004  0.0816  0.7100  0.2055  1
 193:   0.0093  0.0004  0.0000  0.0742  0.6785  0.2377  1
 194:   0.0012  0.0029  0.0000  0.0114  0.8682  0.1163  1
 195:   0.0325  0.0349  0.0000  0.0050  0.8829  0.0448  1
 196:   0.0047  0.0026  0.0000  0.0004  0.9260  0.0663  1
 197:   0.0004  0.0015  0.0000  0.0006  0.9933  0.0042  1
 198:   0.0174  0.0060  0.0000  0.0053  0.9179  0.0534  1
 199:   0.0000  0.0000  0.0000  0.0000  0.9992  0.0008  1
 200:   0.0002  0.0001  0.0000  0.0000  0.9998  0.0000  1
 201:   0.0902  0.0266  0.0043  0.0268  0.8521  0.0000  1
 202:   0.0004  0.0007  0.0000  0.0002  0.9977  0.0011  1
 203:   0.0004  0.0004  0.0000  0.0000  0.9992  0.0000  1
 204:   0.0000  0.0000  0.0000  0.0000  1.0000  0.0000  1
 205:   0.0000  0.0000  0.0000  0.0000  0.9991  0.0009  1
 206:   0.0000  0.0000  0.0000  0.0000  0.9982  0.0018  1
 207:   0.0000  0.0000  0.0000  0.0000  1.0000  0.0000  1
 208:   0.0000  0.0000  0.0000  0.0000  1.0000  0.0000  1
 209:   0.0003  0.0000  0.0000  0.0000  0.9914  0.0082  1
 210:   0.0000  0.0000  0.0000  0.0000  0.9973  0.0027  1
 211:   0.0000  0.0000  0.0000  0.0007  0.9993  0.0000  1
 212:   0.0038  0.0025  0.0000  0.0013  0.9924  0.0000  1
 213:   0.0000  0.0000  0.0003  0.0000  0.9651  0.0346  1
 214:   0.0000  0.0000  0.0000  0.0000  0.9934  0.0066  1
 215:   0.0001  0.0005  0.0000  0.0003  0.9925  0.0066  1
 216:   0.0000  0.0000  0.0000  0.0000  1.0000  0.0000  1
 217:   0.0000  0.0000  0.0000  0.0000  1.0000  0.0000  1
 218:   0.0047  0.0007  0.0000  0.0003  0.9864  0.0079  1
 219:   0.0016  0.0027  0.0000  0.0023  0.9551  0.0382  1
 220:   0.0000  0.0000  0.0000  0.0000  0.9901  0.0099  1
 221:   0.0000  0.0000  0.0000  0.0000  0.9937  0.0063  1
 222:   0.0000  0.0000  0.0000  0.0000  1.0000  0.0000  1
 223:   0.0000  0.0000  0.0000  0.0004  0.9949  0.0047  1
 224:   0.0000  0.0000  0.0000  0.0000  0.9760  0.0240  1
 225:   0.0022  0.0000  0.0000  0.0000  0.9904  0.0074  1
 226:   0.0001  0.0001  0.0018  0.0002  0.9202  0.0776  1
 227:   0.0004  0.0005  0.0009  0.0002  0.9861  0.0120  1
 228:   0.0002  0.0000  0.0001  0.0000  0.9998  0.0000  1
 229:   0.0004  0.0004  0.0000  0.0015  0.9458  0.0519  1
 230:   0.0000  0.0002  0.0012  0.0002  0.9984  0.0000  1
 231:   0.0016  0.0021  0.0013  0.0027  0.9923  0.0000  1
 232:   0.0014  0.0002  0.0000  0.0006  0.9979  0.0000  1
 233:   0.0099  0.0058  0.0051  0.0014  0.9683  0.0094  1
 234:   0.0049  0.0026  0.0000  0.0005  0.9919  0.0002  1
 235:   0.0011  0.0020  0.0000  0.0006  0.9953  0.0010  1
 236:   0.0000  0.0000  0.0000  0.0007  0.9876  0.0116  1
 237:   0.0000  0.0000  0.0000  0.0002  0.9952  0.0046  1
 238:   0.0000  0.0000  0.0000  0.0017  0.9666  0.0317  1
 239:   0.0045  0.0013  0.0025  0.0007  0.9907  0.0003  1
 240:   0.0003  0.0000  0.0000  0.0011  0.9986  0.0000  1
 241:   0.0076  0.0021  0.0015  0.0010  0.9867  0.0012  1
 242:   0.0011  0.0000  0.0029  0.0000  0.8550  0.1411  1
 243:   0.0000  0.0000  0.0000  0.0003  0.9289  0.0708  1
 244:   0.0018  0.0008  0.0000  0.0010  0.9922  0.0041  1
 245:   0.0000  0.0000  0.0000  0.0000  1.0000  0.0000  1
 246:   0.0035  0.0000  0.0026  0.0000  0.9939  0.0000  1
 247:   0.0040  0.0015  0.0023  0.0023  0.9900  0.0000  1
 248:   0.0000  0.0000  0.0000  0.0000  0.9795  0.0205  1
 249:   0.0000  0.0000  0.0000  0.0017  0.9982  0.0001  1
 250:   0.0000  0.0000  0.0000  0.0000  0.9584  0.0416  1
 251:   0.0000  0.0000  0.0021  0.0000  0.9979  0.0000  1
 252:   0.0000  0.0000  0.0000  0.0000  1.0000  0.0000  1
 253:   0.0000  0.0000  0.0000  0.0000  1.0000  0.0000  1
 254:   0.0159  0.0071  0.0000  0.0009  0.9761  0.0000  1
 255:   0.0000  0.0000  0.0000  0.0000  1.0000  0.0000  1
 256:   0.0002  0.0007  0.0000  0.0003  0.9852  0.0136  1
 257:   0.0006  0.0000  0.0000  0.0000  0.9994  0.0000  1
 258:   0.0006  0.0004  0.0000  0.0004  0.9986  0.0000  1
 259:   0.0014  0.0005  0.0000  0.0008  0.9932  0.0041  1
 260:   0.0033  0.0017  0.0026  0.0021  0.9733  0.0171  1
 261:   0.0012  0.0000  0.0000  0.0004  0.9984  0.0000  1
 262:   0.0000  0.0000  0.0000  0.0000  1.0000  0.0000  1
 263:   0.0005  0.0000  0.0000  0.0005  0.9916  0.0073  1
 264:   0.0012  0.0000  0.0000  0.0001  0.9820  0.0167  1
 265:   0.0000  0.0000  0.0000  0.0031  0.9888  0.0080  1
 266:   0.0021  0.0000  0.0016  0.0000  0.9963  0.0000  1
 267:   0.0061  0.0008  0.0000  0.0017  0.9903  0.0010  1
 268:   0.0018  0.0007  0.0010  0.0011  0.9945  0.0009  1
 269:   0.0022  0.0003  0.0045  0.0008  0.9875  0.0047  1
 270:   0.0129  0.0082  0.0042  0.0044  0.8887  0.0816  1
 271:   0.0015  0.0022  0.0000  0.0014  0.9885  0.0064  1
 272:   0.0013  0.0003  0.0000  0.0012  0.9686  0.0285  1
 273:   0.0000  0.0000  0.0000  0.0000  1.0000  0.0000  1
 274:   0.0000  0.0000  0.0000  0.0000  1.0000  0.0000  1
 275:   0.0000  0.0000  0.0009  0.0000  0.9991  0.0000  1
 276:   0.0002  0.0001  0.0001  0.0015  0.9918  0.0063  1
 277:   0.0012  0.0000  0.0000  0.0018  0.9863  0.0106  1
 278:   0.0006  0.0009  0.0000  0.0002  0.9983  0.0000  1
 279:   0.0039  0.0044  0.0000  0.0019  0.9898  0.0000  1
 280:   0.0000  0.0000  0.0000  0.0000  0.9999  0.0000  1
 281:   0.0047  0.0019  0.0007  0.0024  0.9903  0.0000  1
 282:   0.0006  0.0016  0.0004  0.0013  0.9908  0.0054  1
 283:   0.0042  0.0015  0.0022  0.0010  0.9912  0.0000  1
 284:   0.0036  0.0066  0.0098  0.0005  0.9784  0.0012  1
 285:   0.0064  0.0060  0.0001  0.0062  0.9744  0.0069  1
 286:   0.0013  0.0007  0.0000  0.0009  0.9964  0.0007  1
 287:   0.0000  0.0000  0.0000  0.0001  0.9999  0.0000  1
 288:   0.0000  0.0000  0.0005  0.0019  0.9976  0.0000  1
 289:   0.0000  0.0000  0.0038  0.0000  0.9955  0.0007  1
 290:   0.0000  0.0000  0.0000  0.0031  0.9923  0.0045  1
 291:   0.0000  0.0000  0.0020  0.0008  0.9635  0.0336  1
 292:   0.0000  0.0000  0.0000  0.0000  0.9874  0.0126  1
 293:   0.0000  0.0000  0.0000  0.0013  0.9987  0.0000  1
 294:   0.0000  0.0000  0.0000  0.0000  0.9975  0.0025  1
 295:   0.0001  0.0000  0.0000  0.0000  0.9999  0.0000  1
 296:   0.0000  0.0000  0.0000  0.0038  0.9962  0.0000  1
 297:   0.0023  0.0000  0.0000  0.0087  0.9458  0.0431  1
 298:   0.0006  0.0000  0.0022  0.0002  0.9730  0.0240  1
 299:   0.0000  0.0000  0.0000  0.0000  0.9937  0.0063  1
 300:   0.0005  0.0000  0.0000  0.0074  0.9711  0.0211  1
 301:   0.0000  0.0000  0.0000  0.0000  0.9999  0.0001  1
 302:   0.0052  0.0019  0.0007  0.0019  0.9773  0.0130  1
 303:   0.0042  0.0010  0.0000  0.0025  0.9773  0.0150  1
 304:   0.0004  0.0002  0.0000  0.0008  0.9985  0.0000  1
 305:   0.0020  0.0002  0.0000  0.0004  0.9974  0.0000  1
 306:   0.0000  0.0000  0.0000  0.0000  1.0000  0.0000  1
 307:   0.0000  0.0000  0.0000  0.0000  0.9829  0.0171  1
 308:   0.0004  0.0000  0.0000  0.0000  0.9996  0.0000  1
 309:   0.0000  0.0000  0.0000  0.0020  0.9901  0.0079  1
 310:   0.0000  0.0000  0.0000  0.0000  0.9986  0.0014  1
 311:   0.0007  0.0000  0.0000  0.0000  0.9796  0.0197  1
 312:   0.0000  0.0000  0.0000  0.0000  0.9951  0.0049  1
 313:   0.0010  0.0007  0.0003  0.0004  0.9232  0.0744  1
 314:   0.0000  0.0000  0.0000  0.0017  0.9983  0.0000  1
 315:   0.0000  0.0000  0.0000  0.0000  1.0000  0.0000  1
 316:   0.0000  0.0000  0.0000  0.0000  0.9814  0.0186  1
 317:   0.0012  0.0000  0.0000  0.0000  0.9943  0.0044  1
 318:   0.0000  0.0000  0.0000  0.0000  1.0000  0.0000  1
 319:   0.0002  0.0004  0.0000  0.0000  0.9984  0.0010  1
 320:   0.0000  0.0000  0.0000  0.0000  1.0000  0.0000  1
 321:   0.0000  0.0000  0.0000  0.0000  0.9948  0.0052  1
 322:   0.0000  0.0000  0.0000  0.0000  1.0000  0.0000  1
 323:   0.0000  0.0000  0.0000  0.0000  0.9970  0.0030  1
 324:   0.0000  0.0000  0.0000  0.0000  0.9992  0.0008  1
 325:   0.0013  0.0002  0.0010  0.0007  0.9969  0.0000  1
 326:   0.0012  0.0001  0.0005  0.0005  0.9977  0.0000  1
 327:   0.0013  0.0004  0.0000  0.0005  0.9957  0.0021  1
 328:   0.0001  0.0000  0.0000  0.0000  0.9999  0.0000  1
 329:   0.0000  0.0000  0.0000  0.0000  1.0000  0.0000  1
 330:   0.0002  0.0000  0.0000  0.0027  0.9971  0.0000  1
 331:   0.0000  0.0000  0.0000  0.0000  0.9976  0.0024  1
 332:   0.0000  0.0000  0.0000  0.0000  1.0000  0.0000  1
 333:   0.0000  0.0000  0.0000  0.0011  0.9968  0.0021  1
 334:   0.0008  0.0000  0.0000  0.0022  0.9942  0.0028  1
 335:   0.0000  0.0000  0.0000  0.0000  0.9994  0.0006  1
 336:   0.0000  0.0000  0.0000  0.0015  0.9985  0.0000  1
 337:   0.0000  0.0000  0.0000  0.0000  0.9958  0.0042  1
 338:   0.0000  0.0000  0.0000  0.0000  0.9986  0.0014  1
 339:   0.0000  0.0000  0.0000  0.0000  1.0000  0.0000  1
 340:   0.0012  0.0000  0.0000  0.0000  0.9858  0.0130  1
 341:   0.0000  0.0000  0.0000  0.0000  1.0000  0.0000  1
 342:   0.0012  0.0000  0.0000  0.0000  0.9988  0.0000  1
 343:   0.0000  0.0000  0.0000  0.0000  1.0000  0.0000  1
 344:   0.0000  0.0000  0.0000  0.0000  0.9978  0.0022  1
 345:   0.0000  0.0000  0.0000  0.0000  1.0000  0.0000  1
 346:   0.0001  0.0000  0.0000  0.0000  0.9971  0.0028  1
 347:   0.0000  0.0000  0.0000  0.0000  1.0000  0.0000  1
 348:   0.0000  0.0000  0.0000  0.0009  0.9916  0.0075  1
 349:   0.0000  0.0000  0.0000  0.0000  0.9922  0.0078  1
 350:   0.0031  0.0015  0.0000  0.0009  0.9865  0.0081  1
 351:   0.0057  0.0010  0.0000  0.0048  0.9712  0.0174  1
 352:   0.0000  0.0000  0.0002  0.0000  0.9998  0.0000  1
 353:   0.0039  0.0023  0.0000  0.0034  0.9737  0.0167  1
 354:   0.0029  0.0005  0.0009  0.0010  0.9905  0.0042  1
 355:   0.0034  0.0010  0.0000  0.0009  0.9947  0.0000  1
 356:   0.0011  0.0005  0.0000  0.0001  0.9983  0.0000  1
 357:   0.0002  0.0000  0.0000  0.0000  0.9998  0.0000  1
 358:   0.0122  0.0018  0.0000  0.0004  0.9856  0.0000  1
 359:   0.0013  0.0015  0.0000  0.0008  0.9935  0.0029  1
 360:   0.0000  0.0000  0.0000  0.0000  0.9996  0.0004  1
 361:   0.0024  0.0020  0.0004  0.0029  0.9767  0.0155  1
 362:   0.0010  0.0023  0.0000  0.0020  0.9912  0.0035  1
 363:   0.0142  0.0006  0.0000  0.0208  0.3151  0.6492  1
 364:   0.0000  0.0000  0.0085  0.0005  0.3898  0.6012  1
 365:   0.0254  0.0028  0.0026  0.0062  0.5863  0.3767  1
 366:   0.0000  0.0000  0.0000  0.0000  0.9879  0.0121  1
 367:   0.0000  0.0000  0.0000  0.0016  0.9962  0.0022  1
 368:   0.0003  0.0000  0.0000  0.0011  0.9986  0.0000  1
 369:   0.0000  0.0000  0.0000  0.0000  1.0000  0.0000  1
 370:   0.0072  0.0031  0.0000  0.0025  0.9848  0.0025  1
 371:   0.0000  0.0000  0.0008  0.0019  0.9973  0.0000  1
 372:   0.0004  0.0003  0.0000  0.0004  0.9848  0.0141  1
 373:   0.0000  0.0000  0.0000  0.0002  0.9998  0.0000  1
 374:   0.0005  0.0000  0.0000  0.0000  0.9995  0.0000  1
 375:   0.0005  0.0000  0.0000  0.0007  0.9988  0.0000  1
 376:   0.0000  0.0000  0.0000  0.0000  1.0000  0.0000  1
 377:   0.0002  0.0000  0.0088  0.0004  0.9906  0.0000  1
 378:   0.0000  0.0000  0.0022  0.0000  0.9978  0.0000  1
 379:   0.0000  0.0000  0.0075  0.0000  0.9925  0.0000  1
 380:   0.0000  0.0000  0.0000  0.0004  0.9996  0.0000  1
 381:   0.0000  0.0000  0.0000  0.0000  1.0000  0.0000  1
 382:   0.0000  0.0000  0.0115  0.0011  0.9870  0.0004  1
 383:   0.0000  0.0000  0.0000  0.0000  0.9990  0.0010  1
 384:   0.0000  0.0000  0.0000  0.0000  1.0000  0.0000  1
 385:   0.0000  0.0000  0.0005  0.0000  0.9995  0.0000  1
 386:   0.0002  0.0000  0.0000  0.0016  0.9961  0.0020  1
 387:   0.0022  0.0000  0.0000  0.0000  0.9978  0.0000  1
 388:   0.0005  0.0025  0.0000  0.0014  0.9956  0.0000  1
 389:   0.0000  0.0000  0.0000  0.0020  0.9927  0.0053  1
 390:   0.0000  0.0000  0.0000  0.0000  1.0000  0.0000  1
 391:   0.0000  0.0000  0.0000  0.0000  0.9933  0.0067  1
 392:   0.0005  0.0025  0.0000  0.0014  0.9928  0.0028  1
 393:   0.0000  0.0000  0.0000  0.0000  1.0000  0.0000  1
 394:   0.0000  0.0000  0.0000  0.0000  0.9972  0.0028  1
 395:   0.0000  0.0000  0.0000  0.0000  0.9870  0.0130  1
 396:   0.0000  0.0000  0.0000  0.0000  1.0000  0.0000  1
 397:   0.0000  0.0000  0.0000  0.0000  0.9970  0.0030  1
 398:   0.0000  0.0000  0.0000  0.0000  1.0000  0.0000  1
 399:   0.0000  0.0000  0.0000  0.0000  0.9870  0.0130  1
 400:   0.0000  0.0000  0.0000  0.0000  1.0000  0.0000  1
 401:   0.0000  0.0000  0.0000  0.0013  0.9589  0.0398  1
 402:   0.0000  0.0000  0.0000  0.0000  0.9893  0.0107  1
 403:   0.0001  0.0000  0.0010  0.0013  0.9976  0.0000  1
 404:   0.0000  0.0000  0.0000  0.0000  0.9973  0.0027  1
 405:   0.0000  0.0000  0.0007  0.0027  0.9810  0.0156  1
 406:   0.0000  0.0000  0.0000  0.0000  0.9897  0.0103  1
 407:   0.0000  0.0000  0.0000  0.0000  0.9966  0.0034  1
 408:   0.0000  0.0000  0.0000  0.0000  1.0000  0.0000  1
 409:   0.0000  0.0000  0.0000  0.0000  0.9931  0.0069  1
 410:   0.0016  0.0000  0.0000  0.0000  0.9572  0.0412  1
 411:   0.0000  0.0000  0.0000  0.0000  1.0000  0.0000  1
 412:   0.0011  0.0000  0.0000  0.0000  0.9970  0.0019  1
 413:   0.0028  0.0004  0.0000  0.0009  0.9937  0.0022  1
 414:   0.0000  0.0000  0.0000  0.0000  1.0000  0.0000  1
 415:   0.0000  0.0000  0.0000  0.0000  1.0000  0.0000  1
 416:   0.0000  0.0000  0.0000  0.0000  1.0000  0.0000  1
 417:   0.0008  0.0002  0.0015  0.0004  0.9959  0.0011  1
 418:   0.0008  0.0002  0.0000  0.0008  0.9982  0.0000  1
 419:   0.0000  0.0000  0.0000  0.0000  1.0000  0.0000  1
 420:   0.0000  0.0000  0.0000  0.0000  1.0000  0.0000  1
 421:   0.0000  0.0000  0.0000  0.0000  1.0000  0.0000  1
 422:   0.0000  0.0000  0.0000  0.0000  1.0000  0.0000  1
 423:   0.0003  0.0002  0.0000  0.0001  0.9978  0.0015  1
 424:   0.0001  0.0004  0.0000  0.0000  0.9995  0.0000  1
 425:   0.0000  0.0000  0.0000  0.0000  1.0000  0.0000  1
 426:   0.0003  0.0000  0.0000  0.0000  0.9997  0.0000  1
 427:   0.0003  0.0006  0.0000  0.0004  0.9983  0.0003  1
 428:   0.0000  0.0000  0.0000  0.0000  1.0000  0.0000  1
 429:   0.0023  0.0003  0.0003  0.0007  0.9964  0.0000  1
 430:   0.0015  0.0002  0.0000  0.0006  0.9917  0.0059  1
 431:   0.0012  0.0011  0.0000  0.0008  0.9970  0.0000  1
 432:   0.0000  0.0000  0.0007  0.0000  0.9822  0.0172  1
 433:   0.0006  0.0000  0.0000  0.0000  0.9994  0.0000  1
 434:   0.0008  0.0000  0.0000  0.0000  0.9722  0.0270  1
 435:   0.0000  0.0000  0.0000  0.0000  1.0000  0.0000  1
 436:   0.0000  0.0000  0.0000  0.0000  1.0000  0.0000  1
 437:   0.0000  0.0000  0.0000  0.0000  1.0000  0.0000  1
 438:   0.0013  0.0005  0.0000  0.0007  0.9975  0.0000  1
 439:   0.0957  0.0000  0.0000  0.0020  0.8803  0.0220  1
 440:   0.0972  0.0009  0.0010  0.0000  0.8921  0.0088  1
 441:   0.0962  0.0012  0.0026  0.0012  0.8988  0.0000  1
 442:   0.0950  0.0007  0.0000  0.0001  0.8688  0.0354  1
 443:   0.0956  0.0045  0.0000  0.0023  0.8949  0.0027  1
 444:   0.0964  0.0038  0.0000  0.0024  0.8728  0.0246  1
 445:   0.0961  0.0000  0.0000  0.0000  0.8981  0.0058  1
 446:   0.1001  0.0005  0.0000  0.0004  0.8833  0.0157  1
 447:   0.1001  0.0010  0.0013  0.0006  0.8801  0.0169  1
 448:   0.1019  0.0078  0.0000  0.0022  0.8485  0.0396  1
 449:   0.1005  0.0003  0.0016  0.0011  0.8375  0.0591  1
 450:   0.4312  0.1117  0.0006  0.1269  0.3296  0.0000  1
 451:   0.3580  0.1398  0.0000  0.1125  0.3896  0.0000  1
 452:   0.4431  0.0633  0.0000  0.1428  0.3507  0.0001  1
 453:   0.3661  0.1539  0.0000  0.1194  0.3275  0.0332  1
 454:   0.2734  0.0871  0.0000  0.0951  0.5404  0.0040  1
 455:   0.3950  0.0719  0.0282  0.1065  0.3907  0.0078  1
 456:   0.4008  0.0827  0.0313  0.1082  0.3222  0.0548  1
 457:   0.3437  0.0672  0.0017  0.1299  0.4575  0.0000  1
 458:   0.4438  0.1263  0.0049  0.1347  0.2903  0.0000  1
 459:   0.1076  0.0191  0.0049  0.0066  0.8606  0.0013  1
 460:   0.0977  0.0000  0.0000  0.0000  0.8867  0.0157  1
 461:   0.1000  0.0000  0.0000  0.0000  0.8843  0.0157  1
 462:   0.0961  0.0016  0.0000  0.0038  0.8974  0.0011  1
 463:   0.0973  0.0009  0.0000  0.0010  0.9009  0.0000  1
 464:   0.0969  0.0000  0.0000  0.0032  0.8917  0.0082  1
 465:   0.0613  0.0000  0.0035  0.0131  0.4602  0.4618  1
 466:   0.0777  0.0043  0.0000  0.0011  0.8547  0.0623  1
 467:   0.1002  0.0023  0.0011  0.0018  0.8605  0.0341  1
 468:   0.1006  0.0022  0.0000  0.0020  0.8881  0.0071  1
 469:   0.0960  0.0025  0.0054  0.0010  0.8318  0.0633  1
 470:   0.1003  0.0020  0.0010  0.0013  0.8778  0.0174  1
 471:   0.0968  0.0001  0.0000  0.0008  0.8965  0.0057  1
 472:   0.1000  0.0000  0.0000  0.0000  0.9000  0.0000  1
 473:   0.1000  0.0000  0.0000  0.0000  0.9000  0.0000  1
 474:   0.1053  0.0348  0.0039  0.0318  0.8242  0.0000  1
 475:   0.1038  0.0292  0.0018  0.0255  0.8395  0.0002  1
 476:   0.0993  0.0260  0.0000  0.0257  0.8489  0.0000  1
 477:   0.1000  0.0038  0.0000  0.0015  0.8878  0.0070  1
 478:   0.0000  0.0000  0.0000  0.0033  0.9967  0.0000  1
 479:   0.0101  0.0199  0.0000  0.0078  0.9393  0.0228  1
 480:   0.0027  0.0066  0.0007  0.0066  0.9828  0.0007  1
 481:   0.0020  0.0040  0.0000  0.0016  0.9811  0.0113  1
 482:   0.0016  0.0020  0.0005  0.0056  0.9802  0.0102  1
 483:   0.0032  0.0007  0.0000  0.0006  0.9945  0.0010  1
 484:   0.0076  0.0161  0.0000  0.0065  0.9604  0.0094  1
 485:   0.0000  0.0008  0.0010  0.0007  0.9801  0.0175  1
 486:   0.0000  0.0000  0.0007  0.0000  0.9993  0.0000  1
 487:   0.0128  0.0193  0.0000  0.0039  0.9622  0.0018  1
 488:   0.0005  0.0000  0.0000  0.0000  0.9995  0.0000  1
 489:   0.0003  0.0000  0.0000  0.0021  0.9966  0.0009  1
 490:   0.0039  0.0075  0.0002  0.0066  0.9099  0.0718  1
 491:   0.0016  0.0049  0.0000  0.0014  0.9920  0.0000  1
 492:   0.0104  0.0027  0.0011  0.0015  0.9735  0.0108  1
 493:   0.0030  0.0019  0.0016  0.0020  0.9246  0.0669  1
 494:   0.0024  0.0009  0.0020  0.0004  0.9940  0.0003  1
 495:   0.0041  0.0007  0.0011  0.0010  0.9803  0.0128  1
 496:   0.0033  0.0026  0.0000  0.0012  0.9929  0.0000  1
 497:   0.0034  0.0005  0.0002  0.0020  0.9883  0.0056  1
 498:   0.0000  0.0000  0.0005  0.0000  0.9995  0.0000  1
 499:   0.0000  0.0000  0.0000  0.0000  1.0000  0.0000  1
 500:   0.0004  0.0000  0.0000  0.0012  0.9833  0.0151  1
 501:   0.0000  0.0000  0.0000  0.0025  0.9234  0.0741  1
 502:   0.0006  0.0000  0.0024  0.0000  0.9969  0.0000  1
 503:   0.0005  0.0000  0.0000  0.0014  0.9658  0.0324  1
 504:   0.0000  0.0000  0.0000  0.0008  0.9840  0.0152  1
 505:   0.0006  0.0000  0.0000  0.0000  0.9904  0.0091  1
 506:   0.0019  0.0000  0.0000  0.0000  0.9536  0.0445  1
 507:   0.0000  0.0000  0.0000  0.0000  0.9842  0.0158  1
 508:   0.0000  0.0000  0.0000  0.0000  0.9762  0.0238  1
 509:   0.0000  0.0000  0.0000  0.0000  0.9940  0.0060  1
 510:   0.0000  0.0000  0.0000  0.0009  0.9990  0.0000  1
 511:   0.0000  0.0000  0.0000  0.0049  0.9642  0.0310  1
 512:   0.0116  0.0017  0.0000  0.0010  0.9211  0.0646  1
 513:   0.0073  0.0005  0.0018  0.0090  0.9049  0.0765  1
 514:   0.0137  0.0011  0.0075  0.0032  0.8267  0.1478  1
 515:   0.0039  0.0023  0.0000  0.0152  0.7398  0.2388  1
 516:   0.0002  0.0011  0.0000  0.0092  0.8483  0.1412  1
 517:   0.0007  0.0000  0.0000  0.0005  0.9676  0.0312  1
 518:   0.0004  0.0000  0.0000  0.0035  0.9810  0.0151  1
 519:   0.0008  0.0000  0.0000  0.0003  0.9513  0.0476  1
 520:   0.0004  0.0015  0.0000  0.0126  0.6874  0.2981  1
 521:   0.0001  0.0003  0.0006  0.0003  0.9382  0.0604  1
 522:   0.0016  0.0052  0.0154  0.0021  0.7630  0.2127  1
 523:   0.0157  0.0005  0.0000  0.0019  0.9275  0.0543  1
 524:   0.0001  0.0000  0.0000  0.0084  0.9579  0.0336  1
 525:   0.0014  0.0000  0.0029  0.0001  0.9955  0.0000  1
 526:   0.0061  0.0000  0.0000  0.0027  0.9910  0.0002  1
 527:   0.0002  0.0006  0.0000  0.0069  0.9339  0.0584  1
 528:   0.0030  0.0000  0.0000  0.0094  0.9703  0.0173  1
 529:   0.0022  0.0006  0.0003  0.0007  0.9404  0.0557  1
 530:   0.0000  0.0000  0.0000  0.0035  0.9889  0.0076  1
 531:   0.0015  0.0000  0.0000  0.0017  0.9939  0.0028  1
 532:   0.0014  0.0000  0.0000  0.0040  0.9731  0.0215  1
 533:   0.0000  0.0000  0.0000  0.0000  0.9907  0.0093  1
 534:   0.0002  0.0005  0.0000  0.0000  0.9941  0.0052  1
 535:   0.0090  0.0011  0.0000  0.0022  0.9804  0.0073  1
 536:   0.0025  0.0005  0.0006  0.0015  0.9949  0.0000  1
 537:   0.0000  0.0000  0.0000  0.0000  0.9982  0.0018  1
 538:   0.0000  0.0000  0.0000  0.0000  1.0000  0.0000  1
 539:   0.0000  0.0000  0.0000  0.0000  1.0000  0.0000  1
 540:   0.0000  0.0000  0.0000  0.0000  0.9921  0.0079  1
 541:   0.0004  0.0000  0.0000  0.0000  0.9996  0.0000  1
 542:   0.0000  0.0000  0.0000  0.0033  0.9967  0.0000  1
 543:   0.0000  0.0001  0.0000  0.0008  0.9992  0.0000  1
 544:   0.0000  0.0000  0.0000  0.0000  1.0000  0.0000  1
 545:   0.0003  0.0001  0.0000  0.0001  0.9985  0.0010  1
 546:   0.0000  0.0000  0.0000  0.0000  1.0000  0.0000  1
 547:   0.0002  0.0007  0.0006  0.0018  0.9967  0.0000  1
 548:   0.0000  0.0000  0.0000  0.0000  1.0000  0.0000  1
 549:   0.0000  0.0000  0.0000  0.0000  1.0000  0.0000  1
 550:   0.0065  0.0007  0.0000  0.0736  0.4363  0.4829  1
 551:   0.0096  0.0001  0.0000  0.0520  0.7662  0.1722  1
 552:   0.0533  0.0008  0.0000  0.0033  0.6434  0.2992  1
 553:   0.0855  0.0402  0.0038  0.0676  0.5421  0.2608  1
 554:   0.0013  0.0007  0.0000  0.0661  0.6827  0.2492  1
 555:   0.0039  0.0000  0.0000  0.0803  0.5389  0.3768  1
 556:   0.0000  0.0000  0.0000  0.0793  0.5495  0.3711  1
 557:   0.0009  0.0000  0.0000  0.0814  0.5318  0.3858  1
 558:   0.0050  0.0000  0.0014  0.0809  0.5265  0.3862  1
 559:   0.0029  0.0000  0.0001  0.0826  0.5631  0.3513  1
 560:   0.0016  0.0000  0.0015  0.0821  0.5117  0.4031  1
 561:   0.0046  0.0000  0.0000  0.0755  0.5625  0.3573  1
 562:   0.0006  0.0002  0.0000  0.0918  0.5743  0.3331  1
 563:   0.0011  0.0000  0.0000  0.0757  0.5286  0.3946  1
 564:   0.0013  0.0000  0.0000  0.0860  0.5290  0.3838  1
 565:   0.0042  0.0000  0.0000  0.0794  0.5453  0.3711  1
 566:   0.0030  0.0000  0.0000  0.0807  0.5045  0.4119  1
 567:   0.0005  0.0000  0.0000  0.0816  0.5019  0.4161  1
 568:   0.0001  0.0000  0.0000  0.0863  0.5482  0.3654  1
 569:   0.0030  0.0000  0.0000  0.0774  0.4783  0.4413  1
 570:   0.0133  0.0000  0.0000  0.0671  0.5283  0.3912  1
 571:   0.0048  0.0000  0.0017  0.0833  0.5426  0.3676  1
 572:   0.0019  0.0000  0.0010  0.0846  0.5468  0.3657  1
 573:   0.0047  0.0000  0.0000  0.0780  0.4913  0.4261  1
 574:   0.0083  0.0000  0.0000  0.0808  0.5747  0.3362  1
 575:   0.1000  0.0000  0.0000  0.0000  0.8601  0.0399  1
 576:   0.0988  0.0001  0.0000  0.0002  0.8716  0.0294  1
 577:   0.1000  0.0000  0.0000  0.0000  0.9000  0.0000  1
 578:   0.1000  0.0000  0.0000  0.0000  0.8632  0.0368  1
 579:   0.1000  0.0000  0.0000  0.0000  0.8794  0.0206  1
 580:   0.1000  0.0000  0.0000  0.0000  0.9000  0.0000  1
 581:   0.1000  0.0000  0.0008  0.0000  0.8867  0.0125  1
 582:   0.1000  0.0000  0.0000  0.0000  0.8717  0.0283  1
 583:   0.1008  0.0009  0.0000  0.0006  0.8872  0.0104  1
 584:   0.1000  0.0000  0.0000  0.0000  0.8775  0.0225  1
 585:   0.1000  0.0000  0.0000  0.0000  0.8843  0.0157  1
 586:   0.1000  0.0000  0.0000  0.0000  0.8854  0.0146  1
 587:   0.1000  0.0000  0.0000  0.0000  0.9000  0.0000  1
 588:   0.0987  0.0000  0.0000  0.0000  0.8793  0.0221  1
 589:   0.0987  0.0000  0.0011  0.0000  0.8550  0.0452  1
 590:   0.1000  0.0000  0.0000  0.0000  0.8920  0.0080  1
 591:   0.0967  0.0000  0.0000  0.0012  0.8733  0.0287  1
 592:   0.1000  0.0000  0.0000  0.0000  0.8781  0.0219  1
 593:   0.0984  0.0004  0.0000  0.0003  0.8734  0.0276  1
 594:   0.1000  0.0000  0.0000  0.0000  0.8900  0.0100  1
 595:   0.1000  0.0000  0.0000  0.0000  0.8998  0.0002  1
 596:   0.1000  0.0000  0.0000  0.0000  0.8648  0.0352  1
 597:   0.0963  0.0000  0.0000  0.0000  0.8555  0.0481  1
 598:   0.0996  0.0000  0.0000  0.0000  0.8679  0.0325  1
 599:   0.0980  0.0001  0.0000  0.0001  0.8333  0.0685  1
 600:   0.1000  0.0000  0.0000  0.0000  0.8829  0.0171  1
 601:   0.1001  0.0004  0.0000  0.0003  0.8928  0.0064  1
 602:   0.0981  0.0000  0.0000  0.0000  0.8766  0.0252  1
 603:   0.1000  0.0000  0.0000  0.0000  0.8748  0.0252  1
 604:   0.0891  0.0000  0.0000  0.0000  0.9109  0.0000  1
 605:   0.1028  0.0015  0.0003  0.0020  0.8934  0.0000  1
 606:   0.1002  0.0007  0.0000  0.0004  0.8943  0.0044  1
 607:   0.1000  0.0001  0.0007  0.0001  0.8991  0.0000  1
 608:   0.0940  0.0043  0.0578  0.0021  0.8205  0.0212  1
 609:   0.0694  0.0043  0.0793  0.0007  0.8134  0.0328  1
 610:   0.0754  0.0047  0.0699  0.0025  0.8306  0.0169  1
 611:   0.0923  0.0032  0.0849  0.0006  0.8103  0.0087  1
 612:   0.0876  0.0067  0.0678  0.0045  0.8334  0.0000  1
 613:   0.0948  0.0074  0.0568  0.0049  0.8124  0.0238  1
 614:   0.0980  0.0196  0.0585  0.0037  0.7951  0.0250  1
 615:   0.0958  0.0162  0.0662  0.0065  0.7866  0.0287  1
 616:   0.0961  0.0096  0.0475  0.0017  0.8134  0.0317  1
 617:   0.0941  0.0184  0.0784  0.0062  0.7832  0.0198  1
 618:   0.0954  0.0116  0.0613  0.0022  0.8061  0.0233  1
 619:   0.1101  0.0677  0.0000  0.0417  0.7805  0.0000  1
 620:   0.1120  0.0813  0.0000  0.0500  0.7567  0.0000  1
 621:   0.1092  0.0488  0.0000  0.0318  0.7923  0.0179  1
 622:   0.1093  0.0846  0.0005  0.0516  0.6400  0.1139  1
 623:   0.1100  0.0610  0.0000  0.0384  0.7905  0.0000  1
 624:   0.1094  0.0555  0.0000  0.0354  0.7998  0.0000  1
 625:   0.1131  0.0892  0.0000  0.0549  0.7428  0.0000  1
 626:   0.1098  0.0600  0.0000  0.0379  0.7923  0.0000  1
 627:   0.1107  0.0728  0.0000  0.0451  0.7714  0.0000  1
 628:   0.1078  0.0429  0.0009  0.0282  0.8203  0.0000  1
 629:   0.1094  0.0483  0.0005  0.0312  0.8105  0.0000  1
 630:   0.1076  0.0669  0.0006  0.0405  0.7588  0.0257  1
 631:   0.1093  0.0689  0.0004  0.0421  0.7711  0.0082  1
 632:   0.1062  0.0323  0.0009  0.0214  0.8392  0.0000  1
 633:   0.1067  0.0344  0.0007  0.0228  0.8036  0.0318  1
 634:   0.0019  0.0016  0.0000  0.0050  0.9915  0.0000  1
 635:   0.0011  0.0014  0.0000  0.0034  0.9941  0.0000  1
 636:   0.0003  0.0000  0.0000  0.0008  0.9989  0.0000  1
 637:   0.0008  0.0007  0.0007  0.0045  0.9837  0.0096  1
 638:   0.0015  0.0053  0.0002  0.0038  0.9892  0.0000  1
 639:   0.0050  0.0000  0.0000  0.0076  0.9722  0.0152  1
 640:   0.0000  0.0000  0.0000  0.0026  0.9956  0.0019  1
 641:   0.0026  0.0042  0.0000  0.0072  0.9735  0.0125  1
 642:   0.0000  0.0000  0.0000  0.0034  0.9966  0.0000  1
 643:   0.0034  0.0044  0.0000  0.0042  0.9879  0.0000  1
 644:   0.0148  0.0025  0.0001  0.0033  0.9178  0.0614  1
 645:   0.0104  0.0071  0.0000  0.0045  0.9779  0.0002  1
 646:   0.0090  0.0000  0.0000  0.0003  0.9653  0.0254  1
 647:   0.0091  0.0043  0.0006  0.0045  0.9753  0.0063  1
 648:   0.0091  0.0017  0.0000  0.0011  0.9610  0.0271  1
 649:   0.0016  0.0056  0.0008  0.0022  0.9861  0.0036  1
 650:   0.0059  0.0010  0.0015  0.0041  0.9875  0.0000  1
 651:   0.0104  0.0233  0.0000  0.0180  0.9483  0.0000  1
 652:   0.0945  0.0000  0.0000  0.0020  0.8834  0.0201  1
 653:   0.1000  0.0001  0.0000  0.0000  0.8999  0.0000  1
 654:   0.1000  0.0000  0.0000  0.0000  0.8847  0.0153  1
 655:   0.1000  0.0000  0.0000  0.0000  0.8772  0.0228  1
 656:   0.0990  0.0000  0.0000  0.0000  0.8673  0.0337  1
 657:   0.0999  0.0000  0.0000  0.0000  0.8764  0.0237  1
 658:   0.0973  0.0000  0.0000  0.0000  0.8405  0.0622  1
 659:   0.1000  0.0000  0.0000  0.0000  0.9000  0.0000  1
 660:   0.1000  0.0000  0.0000  0.0000  0.8921  0.0079  1
 661:   0.1028  0.0010  0.0000  0.0009  0.8790  0.0162  1
 662:   0.1030  0.0010  0.0000  0.0010  0.8726  0.0224  1
 663:   0.1054  0.0016  0.0000  0.0018  0.8850  0.0062  1
 664:   0.0987  0.0000  0.0000  0.0000  0.9006  0.0007  1
 665:   0.1002  0.0002  0.0009  0.0005  0.8983  0.0000  1
 666:   0.1028  0.0006  0.0000  0.0013  0.8774  0.0179  1
 667:   0.1017  0.0030  0.0000  0.0024  0.8881  0.0048  1
 668:   0.1002  0.0013  0.0001  0.0002  0.8983  0.0000  1
 669:   0.1028  0.0014  0.0000  0.0011  0.8947  0.0001  1
 670:   0.1002  0.0014  0.0000  0.0003  0.8779  0.0201  1
 671:   0.1021  0.0011  0.0000  0.0008  0.8886  0.0074  1
 672:   0.1000  0.0000  0.0006  0.0000  0.8875  0.0119  1
 673:   0.1001  0.0003  0.0006  0.0002  0.8889  0.0099  1
 674:   0.1005  0.0010  0.0000  0.0007  0.8979  0.0000  1
 675:   0.1009  0.0012  0.0000  0.0007  0.8972  0.0000  1
 676:   0.1040  0.0030  0.0008  0.0024  0.8868  0.0029  1
 677:   0.1000  0.0000  0.0000  0.0000  0.9000  0.0000  1
 678:   0.0966  0.0000  0.0000  0.0000  0.8568  0.0465  1
 679:   0.1000  0.0000  0.0000  0.0000  0.8812  0.0188  1
 680:   0.1000  0.0000  0.0000  0.0000  0.8613  0.0387  1
 681:   0.1000  0.0000  0.0000  0.0000  0.8942  0.0058  1
 682:   0.1001  0.0005  0.0000  0.0003  0.8900  0.0091  1
 683:   0.1000  0.0000  0.0000  0.0000  0.8726  0.0274  1
 684:   0.0979  0.0000  0.0000  0.0000  0.8840  0.0180  1
 685:   0.0994  0.0000  0.0000  0.0000  0.9006  0.0000  1
 686:   0.1000  0.0000  0.0000  0.0000  0.8808  0.0192  1
 687:   0.7005  0.0972  0.0041  0.1965  0.0017  0.0000  1
 688:   0.7008  0.0968  0.0030  0.1959  0.0035  0.0000  1
 689:   0.7000  0.0953  0.0061  0.1922  0.0064  0.0000  1
