1:           1.000000e-09 1.000000e-09 1.000000e-09 1.000000e+00 1.000000e-09 1.000000e-09 1           
2:           1.000000e-09 1.000000e-09 1.000000e-09 1.000000e+00 1.000000e-09 1.000000e-09 1           
3:           1.000000e-09 1.000000e-09 1.000000e-09 1.000000e+00 1.000000e-09 1.000000e-09 1           
4:           1.000000e-09 1.000000e-09 1.000000e-09 1.000000e+00 1.000000e-09 1.000000e-09 1           
5:           1.000000e-09 1.000000e-09 1.000000e-09 1.000000e+00 1.000000e-09 1.000000e-09 1           
6:           1.000000e-09 1.000000e-09 1.000000e-09 1.000000e+00 1.000000e-09 1.000000e-09 1           
7:           1.000000e-09 1.000000e-09 1.000000e-09 1.000000e+00 1.000000e-09 1.000000e-09 1           
8:           1.000000e-09 1.000000e-09 1.000000e-09 1.000000e+00 1.000000e-09 1.000000e-09 1           
9:           1.000000e-09 1.000000e-09 1.000000e-09 1.000000e+00 1.000000e-09 1.000000e-09 1           
10:          1.000000e-09 1.000000e-09 1.000000e-09 1.000000e+00 1.000000e-09 1.000000e-09 1           
11:          1.000000e-09 1.000000e-09 1.000000e-09 1.000000e+00 1.000000e-09 1.000000e-09 1           
12:          1.000000e-09 1.000000e-09 1.000000e-09 1.000000e+00 1.000000e-09 1.000000e-09 1           
13:          1.000000e-09 1.000000e-09 1.000000e-09 1.000000e+00 1.000000e-09 1.000000e-09 1           
14:          1.000000e-09 1.000000e-09 1.000000e-09 1.000000e+00 1.000000e-09 1.000000e-09 1           
15:          1.000000e-09 1.000000e-09 1.000000e-09 1.000000e+00 1.000000e-09 1.000000e-09 1           
16:          1.000000e-09 1.000000e-09 1.000000e-09 1.000000e+00 1.000000e-09 1.000000e-09 1           
17:          1.000000e-09 1.000000e-09 1.000000e-09 1.000000e+00 1.000000e-09 1.000000e-09 1           
18:          1.000000e-09 1.000000e-09 1.000000e-09 1.000000e+00 1.000000e-09 1.000000e-09 1           
19:          1.000000e-09 1.000000e-09 1.000000e-09 1.000000e+00 1.000000e-09 1.000000e-09 1           
20:          1.000000e-09 1.000000e-09 1.000000e-09 1.000000e+00 1.000000e-09 1.000000e-09 1           
21:          1.000000e-09 1.000000e-09 1.000000e-09 1.000000e+00 1.000000e-09 1.000000e-09 1           
22:          1.000000e-09 1.000000e-09 1.000000e-09 1.000000e+00 1.000000e-09 1.000000e-09 1           
23:          1.000000e-09 1.000000e-09 1.000000e-09 1.000000e+00 1.000000e-09 1.000000e-09 1           
24:          1.000000e-09 1.000000e-09 1.000000e-09 1.000000e+00 1.000000e-09 1.000000e-09 1           
25:          1.000000e-09 1.000000e-09 1.000000e-09 1.000000e+00 1.000000e-09 1.000000e-09 1           
26:          1.000000e-09 1.000000e-09 1.000000e-09 1.000000e+00 1.000000e-09 1.000000e-09 1           
27:          1.000000e-09 1.000000e-09 1.000000e-09 1.000000e+00 1.000000e-09 1.000000e-09 1           
28:          1.000000e-09 1.000000e-09 1.000000e-09 1.000000e+00 1.000000e-09 1.000000e-09 1           
29:          1.000000e-09 1.000000e-09 1.000000e-09 1.000000e+00 1.000000e-09 1.000000e-09 1           
30:          1.000000e-09 1.000000e-09 1.000000e-09 1.000000e+00 1.000000e-09 1.000000e-09 1           
31:          1.000000e-09 1.000000e-09 1.000000e-09 1.000000e+00 1.000000e-09 1.000000e-09 1           
32:          1.000000e-09 1.000000e-09 1.000000e-09 1.000000e+00 1.000000e-09 1.000000e-09 1           
33:          1.000000e-09 1.000000e-09 1.000000e-09 1.000000e+00 1.000000e-09 1.000000e-09 1           
34:          1.000000e-09 1.000000e-09 1.000000e-09 1.000000e+00 1.000000e-09 1.000000e-09 1           
35:          1.000000e-09 1.000000e-09 1.000000e-09 1.000000e+00 1.000000e-09 1.000000e-09 1           
36:          1.000000e-09 1.000000e-09 1.000000e-09 1.000000e+00 1.000000e-09 1.000000e-09 1           
37:          1.000000e-09 1.000000e-09 1.000000e-09 1.000000e+00 1.000000e-09 1.000000e-09 1           
38:          1.000000e-09 1.000000e-09 1.000000e-09 1.000000e+00 1.000000e-09 1.000000e-09 1           
39:          1.000000e-09 1.000000e-09 1.000000e-09 1.000000e+00 1.000000e-09 1.000000e-09 1           
40:          1.000000e-09 1.000000e-09 1.000000e-09 1.000000e+00 1.000000e-09 1.000000e-09 1           
41:          1.000000e-09 1.000000e-09 1.000000e-09 1.000000e+00 1.000000e-09 1.000000e-09 1           
42:          1.000000e-09 1.000000e-09 1.000000e-09 1.000000e+00 1.000000e-09 1.000000e-09 1           
43:          1.000000e-09 1.000000e-09 1.000000e-09 1.000000e+00 1.000000e-09 1.000000e-09 1           
44:          1.000000e-09 1.000000e-09 1.000000e-09 1.000000e+00 1.000000e-09 1.000000e-09 1           
45:          1.000000e-09 1.000000e-09 1.000000e-09 1.000000e+00 1.000000e-09 1.000000e-09 1           
46:          1.000000e-09 1.000000e-09 1.000000e-09 1.000000e+00 1.000000e-09 1.000000e-09 1           
47:          1.000000e-09 1.000000e-09 1.000000e-09 1.000000e+00 1.000000e-09 1.000000e-09 1           
48:          1.000000e-09 1.000000e-09 1.000000e-09 1.000000e+00 1.000000e-09 1.000000e-09 1           
49:          1.000000e-09 1.000000e-09 1.000000e-09 1.000000e+00 1.000000e-09 1.000000e-09 1           
50:          1.000000e-09 1.000000e-09 1.000000e-09 1.000000e+00 1.000000e-09 1.000000e-09 1           
51:          1.000000e-09 1.000000e-09 1.000000e-09 1.000000e+00 1.000000e-09 1.000000e-09 1           
52:          1.000000e-09 8.870253e-01 1.129747e-01 1.000000e-09 1.000000e-09 1.000000e-09 1           
53:          1.000000e-09 8.409842e-01 1.590158e-01 1.000000e-09 1.000000e-09 1.000000e-09 1           
54:          1.000000e-09 8.303556e-01 1.696444e-01 1.000000e-09 1.000000e-09 1.000000e-09 1           
55:          1.000000e-09 8.814425e-01 1.185575e-01 1.000000e-09 1.000000e-09 1.000000e-09 1           
56:          1.000000e-09 9.217063e-01 7.829365e-02 1.000000e-09 1.000000e-09 1.000000e-09 1           
57:          1.000000e-09 8.940692e-01 1.059308e-01 1.000000e-09 1.000000e-09 1.000000e-09 1           
58:          1.000000e-09 8.921635e-01 1.078365e-01 1.000000e-09 1.000000e-09 1.000000e-09 1           
59:          1.000000e-09 9.018313e-01 9.816873e-02 1.000000e-09 1.000000e-09 1.000000e-09 1           
60:          1.000000e-09 8.850974e-01 1.149026e-01 1.000000e-09 1.000000e-09 1.000000e-09 1           
61:          3.699623e-03 8.915837e-01 1.047167e-01 1.000000e-09 1.000000e-09 1.000000e-09 1           
62:          1.000000e-09 8.881120e-01 1.118880e-01 1.000000e-09 1.000000e-09 1.000000e-09 1           
63:          1.000000e-09 8.712239e-01 1.287761e-01 1.000000e-09 1.000000e-09 1.000000e-09 1           
64:          3.981069e-03 8.702312e-01 1.257878e-01 1.000000e-09 1.000000e-09 1.000000e-09 1           
65:          1.000000e-09 8.935272e-01 1.064633e-01 1.000000e-09 9.479810e-06 1.000000e-09 1           
66:          1.000000e-09 9.060566e-01 9.394339e-02 1.000000e-09 1.504969e-09 1.000000e-09 1           
67:          1.000000e-09 9.142383e-01 8.576165e-02 1.000000e-09 1.000000e-09 1.000000e-09 1           
68:          1.000000e-09 7.753246e-01 2.171958e-01 1.000000e-09 7.479672e-03 1.000000e-09 1           
69:          1.000000e-09 8.158029e-01 1.776200e-01 1.000000e-09 1.000000e-09 6.577089e-03 1           
70:          1.000000e-09 8.835868e-01 1.164132e-01 1.000000e-09 1.000000e-09 1.000000e-09 1           
71:          1.000000e-09 8.832944e-01 1.167056e-01 1.000000e-09 1.000000e-09 1.000000e-09 1           
72:          1.000000e-09 8.525431e-01 1.392057e-01 1.000000e-09 8.250789e-03 3.965736e-07 1           
73:          1.000000e-09 8.644830e-01 1.355170e-01 1.000000e-09 1.000000e-09 1.000000e-09 1           
74:          1.000000e-09 8.815340e-01 1.184660e-01 1.000000e-09 1.000000e-09 1.000000e-09 1           
75:          1.000000e-09 8.275123e-01 1.724877e-01 1.000000e-09 1.000000e-09 1.000000e-09 1           
76:          1.000000e-09 8.236307e-01 1.763693e-01 1.000000e-09 1.000000e-09 1.000000e-09 1           
77:          1.000000e-09 8.894845e-01 1.105155e-01 1.000000e-09 1.000000e-09 1.000000e-09 1           
78:          1.000000e-09 8.328846e-01 1.671154e-01 1.000000e-09 1.000000e-09 1.000000e-09 1           
79:          4.312248e-03 8.130687e-01 1.826191e-01 1.000000e-09 1.000000e-09 1.000000e-09 1           
80:          1.000000e-09 8.884085e-01 1.115915e-01 1.000000e-09 1.000000e-09 1.000000e-09 1           
81:          1.000000e-09 8.453704e-01 1.546296e-01 1.000000e-09 1.000000e-09 1.000000e-09 1           
82:          1.000000e-09 9.006522e-01 9.934778e-02 1.000000e-09 1.000000e-09 1.000000e-09 1           
83:          2.821467e-06 8.845027e-01 1.037191e-01 3.138776e-03 1.000000e-09 8.636672e-03 1           
84:          1.000000e-09 7.565010e-01 2.434990e-01 1.000000e-09 1.000000e-09 1.000000e-09 1           
85:          1.000000e-09 8.223059e-01 1.776941e-01 1.000000e-09 1.000000e-09 1.000000e-09 1           
86:          1.000000e-09 8.060597e-01 1.937671e-01 1.000000e-09 1.344767e-07 1.730548e-04 1           
87:          1.000000e-09 8.722312e-01 1.277685e-01 1.000000e-09 2.967449e-07 1.000000e-09 1           
88:          1.000000e-09 8.043700e-01 1.909962e-01 1.000000e-09 1.000000e-09 4.633846e-03 1           
89:          1.000000e-09 8.102375e-01 1.897625e-01 1.000000e-09 1.000000e-09 1.000000e-09 1           
90:          1.000000e-09 7.483845e-01 2.407129e-01 1.000000e-09 5.700985e-04 1.033259e-02 1           
91:          1.000000e-09 8.875906e-01 9.103128e-02 1.000000e-09 1.344674e-05 2.136465e-02 1           
92:          1.000000e-09 8.972743e-01 1.027257e-01 1.000000e-09 1.000000e-09 1.000000e-09 1           
93:          1.000000e-09 7.952500e-01 1.098070e-01 1.000000e-09 1.704610e-02 7.789689e-02 1           
94:          1.000000e-09 8.743886e-01 1.256114e-01 1.000000e-09 1.000000e-09 1.000000e-09 1           
95:          1.000000e-09 8.202152e-01 1.789462e-01 1.000000e-09 8.386090e-04 1.000000e-09 1           
96:          1.000000e-09 7.884810e-01 2.115190e-01 1.000000e-09 1.000000e-09 1.000000e-09 1           
97:          1.000000e-09 8.209938e-01 1.790062e-01 1.000000e-09 1.000000e-09 1.000000e-09 1           
98:          1.000000e-09 8.470248e-01 1.529752e-01 1.000000e-09 1.000000e-09 1.000000e-09 1           
99:          1.000000e-09 8.098263e-01 1.901737e-01 1.000000e-09 1.000000e-09 1.000000e-09 1           
100:         1.000000e-09 8.530921e-01 1.469079e-01 1.000000e-09 1.000000e-09 1.000000e-09 1           
101:         1.000000e-09 7.874417e-01 2.125583e-01 1.000000e-09 1.000000e-09 1.000000e-09 1           
102:         1.000000e-09 8.212728e-01 1.559531e-01 1.000000e-09 2.277415e-02 1.000000e-09 1           
103:         1.000000e-09 8.013564e-01 1.986436e-01 1.000000e-09 1.000000e-09 1.000000e-09 1           
104:         1.000000e-09 8.989599e-01 1.010401e-01 1.000000e-09 1.000000e-09 1.000000e-09 1           
105:         1.000000e-09 8.929051e-01 1.070945e-01 1.000000e-09 6.571880e-09 4.359980e-07 1           
106:         1.000000e-09 8.533591e-01 1.465958e-01 1.000000e-09 4.509965e-05 1.000000e-09 1           
107:         1.000000e-09 8.598035e-01 1.387075e-01 1.000000e-09 1.781079e-06 1.487258e-03 1           
108:         1.000000e-09 8.403459e-01 1.580369e-01 1.000000e-09 1.617256e-03 1.000000e-09 1           
109:         1.000000e-09 8.645830e-01 1.256014e-01 1.000000e-09 9.815579e-03 1.000000e-09 1           
110:         1.000000e-09 9.068987e-01 8.868056e-02 1.000000e-09 4.420783e-03 1.000000e-09 1           
111:         1.000000e-09 9.188187e-01 8.118127e-02 1.000000e-09 1.000000e-09 1.000000e-09 1           
112:         1.000000e-09 8.588568e-01 1.411431e-01 1.000000e-09 1.000000e-09 1.000000e-09 1           
113:         1.000000e-09 8.557846e-01 1.442154e-01 1.000000e-09 1.000000e-09 1.000000e-09 1           
114:         1.000000e-09 8.858535e-01 1.141465e-01 1.000000e-09 1.000000e-09 1.000000e-09 1           
115:         1.000000e-09 8.924387e-01 1.075613e-01 1.000000e-09 1.000000e-09 1.000000e-09 1           
116:         1.000000e-09 8.705463e-01 1.286562e-01 1.000000e-09 7.974808e-04 1.000000e-09 1           
117:         1.000000e-09 8.378785e-01 1.488619e-01 1.000000e-09 1.000000e-09 1.325951e-02 1           
118:         4.220249e-03 8.306279e-01 9.770314e-02 3.505851e-03 2.552188e-02 3.842103e-02 1           
119:         3.583965e-03 8.411916e-01 1.538961e-01 1.326694e-03 1.646428e-06 1.000000e-09 1           
120:         3.328652e-03 8.317541e-01 1.599978e-01 4.327088e-04 4.486584e-03 1.178294e-07 1           
121:         1.000000e-09 8.717093e-01 1.282907e-01 1.000000e-09 1.000000e-09 1.000000e-09 1           
122:         1.000000e-09 7.989978e-01 1.833565e-01 4.006999e-03 4.073433e-03 9.565290e-03 1           
123:         1.554405e-03 8.737439e-01 1.023939e-01 2.046678e-03 2.026110e-02 1.000000e-09 1           
124:         1.000000e-09 1.000000e-09 1.141111e-02 1.000000e-09 9.885889e-01 1.000000e-09 1           
125:         1.000000e-09 1.000000e-09 1.000000e-09 1.000000e-09 1.000000e+00 1.000000e-09 1           
126:         1.000000e-09 1.086666e-02 6.560172e-03 1.000000e-09 9.823335e-01 2.396852e-04 1           
127:         1.000000e-09 1.000000e-09 1.000000e-09 1.000000e-09 1.000000e+00 1.000000e-09 1           
128:         1.000000e-09 1.000000e-09 4.961108e-03 1.000000e-09 9.898271e-01 5.211828e-03 1           
129:         1.000000e-09 1.000000e-09 1.878358e-04 1.000000e-09 9.998122e-01 1.000000e-09 1           
130:         1.000000e-09 2.871748e-03 1.055193e-02 1.000000e-09 9.865763e-01 1.000000e-09 1           
131:         1.000000e-09 1.000000e-09 6.934387e-03 1.000000e-09 9.930656e-01 1.000000e-09 1           
132:         1.000000e-09 1.000000e-09 4.242076e-03 1.000000e-09 9.957579e-01 1.000000e-09 1           
133:         1.000000e-09 1.000000e-09 1.000000e-09 1.000000e-09 1.000000e+00 1.000000e-09 1           
134:         1.000000e-09 6.976324e-03 1.000000e-09 1.000000e-09 9.930237e-01 1.000000e-09 1           
135:         1.000000e-09 3.516329e-02 1.813720e-03 1.000000e-09 9.630230e-01 1.000000e-09 1           
136:         1.000000e-09 1.000000e-09 1.000000e-09 1.000000e-09 1.000000e+00 1.000000e-09 1           
137:         1.000000e-09 1.000000e-09 1.000000e-09 1.000000e-09 9.974953e-01 2.504723e-03 1           
138:         1.000000e-09 4.043740e-09 1.000000e-09 1.000000e-09 1.000000e+00 1.000000e-09 1           
139:         1.000000e-09 1.000000e-09 3.776162e-02 1.000000e-09 9.622384e-01 1.000000e-09 1           
140:         1.000000e-09 1.360382e-02 6.432297e-04 1.000000e-09 9.857529e-01 1.981328e-08 1           
141:         1.000000e-09 1.000000e-09 6.246764e-06 1.000000e-09 9.999937e-01 1.000000e-09 1           
142:         1.325561e-03 1.149646e-02 2.615713e-02 2.164904e-04 9.292223e-01 3.158202e-02 1           
143:         1.087657e-03 6.482161e-06 7.778913e-02 1.000000e-09 9.043314e-01 1.678532e-02 1           
144:         1.000000e-09 1.697270e-02 1.000000e-09 1.000000e-09 9.446004e-01 3.842690e-02 1           
145:         4.044040e-03 8.836447e-08 7.325017e-02 2.203643e-03 9.205020e-01 8.592551e-09 1           
146:         1.604853e-03 5.533173e-02 6.993087e-02 1.000000e-09 8.731325e-01 1.000000e-09 1           
147:         3.018647e-03 1.690846e-06 7.865053e-02 1.000000e-09 9.007472e-01 1.758191e-02 1           
148:         1.000000e-09 1.000000e-09 2.019613e-02 5.637506e-04 9.709276e-01 8.312526e-03 1           
149:         2.280845e-03 1.816037e-07 7.800786e-02 3.003940e-05 8.999365e-01 1.974454e-02 1           
150:         1.458927e-03 1.000000e-09 5.817302e-02 1.936932e-04 9.052855e-01 3.488884e-02 1           
151:         1.000000e-09 1.000000e-09 4.981229e-02 1.000000e-09 9.501877e-01 1.350289e-08 1           
152:         1.000000e-09 1.000000e-09 4.211248e-02 1.000000e-09 9.578875e-01 1.000000e-09 1           
153:         1.000000e-09 7.068047e-09 8.826486e-02 1.000000e-09 9.114645e-01 2.706642e-04 1           
154:         1.000000e-09 1.000000e-09 6.832273e-02 1.000000e-09 9.205670e-01 1.111030e-02 1           
155:         2.719522e-03 1.566330e-07 6.018206e-02 7.236678e-04 8.792833e-01 5.709134e-02 1           
156:         5.347990e-03 4.979528e-03 7.821659e-02 4.405703e-06 8.916009e-01 1.985060e-02 1           
157:         1.000000e-09 2.547689e-02 4.132349e-02 1.000000e-09 9.221395e-01 1.106015e-02 1           
158:         1.000000e-09 6.043602e-07 1.062990e-01 1.000000e-09 8.856590e-01 8.041368e-03 1           
159:         1.000000e-09 2.871240e-02 8.443110e-02 1.000000e-09 8.811412e-01 5.715316e-03 1           
160:         1.000000e-09 4.268029e-02 6.121838e-02 1.000000e-09 8.961013e-01 1.500674e-09 1           
161:         2.684311e-03 1.017335e-01 7.809556e-02 3.725332e-03 7.328641e-01 8.089716e-02 1           
162:         1.000000e-09 8.764984e-02 1.535655e-01 3.380796e-03 4.489021e-01 3.065018e-01 1           
163:         9.792830e-03 2.006556e-01 1.070191e-01 8.552507e-03 6.730875e-01 8.924538e-04 1           
164:         1.000000e-09 8.619442e-03 6.727729e-02 6.146757e-03 9.096446e-01 8.311898e-03 1           
165:         1.072592e-02 1.797901e-02 1.140088e-01 1.000000e-09 7.546892e-01 1.025971e-01 1           
166:         1.000000e-09 7.904498e-03 2.307068e-01 1.000000e-09 3.426672e-01 4.187215e-01 1           
167:         1.000000e-09 3.176869e-02 1.515565e-02 1.000000e-09 9.478726e-01 5.203028e-03 1           
168:         1.000000e-09 5.890368e-01 5.885130e-06 1.076345e-02 3.960229e-01 4.170970e-03 1           
169:         1.000000e-09 1.000000e-09 3.989734e-02 1.591275e-02 8.946589e-01 4.953106e-02 1           
170:         1.000000e-09 2.212443e-02 1.592055e-02 1.894017e-03 9.566077e-01 3.453267e-03 1           
171:         1.000000e-09 5.968124e-02 1.678715e-02 8.103777e-03 8.931668e-01 2.226107e-02 1           
172:         1.000000e-09 7.650256e-02 2.135753e-02 1.899362e-03 8.873249e-01 1.291570e-02 1           
173:         1.000000e-09 4.524419e-02 4.894223e-02 1.000000e-09 9.015325e-01 4.281048e-03 1           
174:         1.000000e-09 1.535770e-02 1.688903e-02 1.000000e-09 9.283188e-01 3.943449e-02 1           
175:         1.000000e-09 8.153479e-01 2.919033e-02 1.000000e-09 1.115700e-01 4.389182e-02 1           
176:         1.000000e-09 7.656390e-01 2.830183e-02 1.000000e-09 1.682352e-01 3.782395e-02 1           
177:         2.862172e-01 4.975953e-01 3.040315e-02 1.081721e-07 1.271809e-01 5.860339e-02 1           
178:         1.923535e-03 7.871167e-01 5.431922e-02 3.999895e-03 1.114088e-01 4.123185e-02 1           
179:         1.875289e-03 7.700281e-01 3.311929e-02 1.369368e-03 9.837341e-02 9.523453e-02 1           
180:         3.087230e-01 5.104585e-01 1.919659e-02 1.000000e-09 9.284526e-02 6.877662e-02 1           
181:         2.419612e-01 6.343709e-01 5.141860e-02 1.000000e-09 6.133029e-02 1.091902e-02 1           
182:         2.436259e-01 5.599044e-01 1.516499e-02 1.838963e-03 1.213701e-01 5.809567e-02 1           
183:         2.289038e-01 6.260851e-01 1.531051e-02 4.411140e-03 1.182543e-01 7.035129e-03 1           
184:         2.225415e-01 5.971934e-01 4.084073e-02 3.190352e-03 8.839129e-02 4.784268e-02 1           
185:         1.000000e-09 7.665409e-01 2.763500e-02 1.000000e-09 1.337848e-01 7.203927e-02 1           
186:         2.724173e-01 6.212769e-01 5.037235e-03 3.184447e-03 4.038433e-02 5.769984e-02 1           
187:         4.570016e-03 7.810510e-01 3.550433e-02 5.535122e-03 8.219249e-02 9.114704e-02 1           
188:         2.975277e-01 5.397094e-01 3.391651e-02 2.591639e-03 7.789066e-02 4.836402e-02 1           
189:         1.000000e-09 7.729806e-01 4.887155e-02 1.000000e-09 1.142878e-01 6.386005e-02 1           
190:         1.000000e-09 7.414470e-01 6.370302e-02 1.000000e-09 1.126604e-01 8.218961e-02 1           
191:         2.879969e-01 5.863315e-01 1.698951e-02 9.391099e-03 2.485566e-02 7.443538e-02 1           
192:         1.000000e-09 8.145699e-01 2.504152e-02 1.000000e-09 1.357621e-01 2.462644e-02 1           
193:         1.457660e-03 7.311542e-01 6.009844e-02 1.000000e-09 1.264399e-01 8.084972e-02 1           
194:         3.050615e-03 1.003321e-01 8.772062e-02 1.000000e-09 8.088859e-01 1.074973e-05 1           
195:         4.763475e-02 4.607061e-02 9.458550e-02 1.000000e-09 7.838609e-01 2.784821e-02 1           
196:         1.000000e-09 1.043400e-07 6.663956e-02 1.000000e-09 8.944783e-01 3.888204e-02 1           
197:         1.000000e-09 1.419685e-09 7.030280e-03 1.000000e-09 9.929697e-01 1.000000e-09 1           
198:         2.548207e-02 1.000000e-09 6.849379e-02 1.000000e-09 9.060241e-01 1.000000e-09 1           
199:         1.000000e-09 1.000000e-09 8.221848e-03 1.000000e-09 9.917781e-01 1.000000e-09 1           
200:         1.000000e-09 1.000000e-09 1.000000e-09 1.000000e-09 1.000000e+00 1.000000e-09 1           
201:         1.326064e-01 1.000000e-09 4.548114e-05 7.400289e-03 8.599478e-01 1.000000e-09 1           
202:         1.000000e-09 1.000000e-09 1.116230e-02 1.000000e-09 9.888377e-01 1.000000e-09 1           
203:         1.000000e-09 1.000000e-09 1.000000e-09 1.000000e-09 9.994163e-01 5.837074e-04 1           
204:         1.000000e-09 1.000000e-09 1.000000e-09 1.000000e-09 1.000000e+00 1.000000e-09 1           
205:         1.000000e-09 1.000000e-09 3.092708e-03 1.000000e-09 9.969073e-01 1.000000e-09 1           
206:         1.000000e-09 1.000000e-09 8.243045e-03 1.000000e-09 9.917570e-01 1.000000e-09 1           
207:         1.000000e-09 1.000000e-09 1.000000e-09 1.000000e-09 1.000000e+00 1.000000e-09 1           
208:         1.000000e-09 1.000000e-09 1.000000e-09 1.000000e-09 1.000000e+00 1.000000e-09 1           
209:         1.000000e-09 1.000000e-09 8.612516e-03 1.000000e-09 9.880673e-01 3.320182e-03 1           
210:         1.000000e-09 1.000000e-09 1.000000e-09 1.000000e-09 1.000000e+00 1.000000e-09 1           
211:         1.000000e-09 6.822547e-03 1.000000e-09 1.000000e-09 9.931774e-01 1.000000e-09 1           
212:         5.879755e-03 1.000000e-09 1.000000e-09 1.000000e-09 9.941202e-01 1.000000e-09 1           
213:         1.000000e-09 1.000000e-09 4.962590e-02 1.000000e-09 9.503741e-01 1.000000e-09 1           
214:         1.000000e-09 1.000000e-09 9.398523e-03 1.000000e-09 9.906015e-01 1.000000e-09 1           
215:         1.000000e-09 1.000000e-09 8.102165e-03 1.000000e-09 9.918978e-01 1.000000e-09 1           
216:         1.000000e-09 1.000000e-09 1.000000e-09 1.000000e-09 1.000000e+00 1.000000e-09 1           
217:         1.000000e-09 1.000000e-09 1.000000e-09 1.000000e-09 1.000000e+00 1.000000e-09 1           
218:         1.000000e-09 1.067657e-09 1.653962e-02 1.000000e-09 9.376904e-01 4.577002e-02 1           
219:         4.422547e-03 6.450771e-05 3.596660e-02 1.000000e-09 9.595463e-01 1.000000e-09 1           
220:         1.000000e-09 1.000000e-09 1.362157e-02 1.000000e-09 9.863784e-01 1.000000e-09 1           
221:         1.000000e-09 1.000000e-09 5.193184e-03 1.000000e-09 9.948068e-01 1.000000e-09 1           
222:         1.000000e-09 1.000000e-09 1.000000e-09 1.000000e-09 1.000000e+00 1.000000e-09 1           
223:         1.000000e-09 3.728999e-03 7.165010e-03 1.000000e-09 9.891060e-01 1.000000e-09 1           
224:         1.000000e-09 2.689307e-08 3.029137e-02 1.000000e-09 9.697086e-01 1.000000e-09 1           
225:         1.000000e-09 1.000000e-09 1.009777e-02 1.000000e-09 9.683956e-01 2.150665e-02 1           
226:         1.000000e-09 1.000000e-09 9.291341e-02 2.034981e-03 9.050516e-01 1.000000e-09 1           
227:         1.000000e-09 1.000000e-09 1.607550e-02 1.051907e-03 9.828726e-01 1.000000e-09 1           
228:         1.000000e-09 1.000000e-09 1.000000e-09 1.000000e-09 1.000000e+00 1.000000e-09 1           
229:         1.000000e-09 1.440709e-02 5.424386e-02 1.000000e-09 9.313490e-01 1.000000e-09 1           
230:         1.000000e-09 1.135641e-04 1.000000e-09 1.000000e-09 9.998864e-01 1.000000e-09 1           
231:         2.758224e-03 1.000000e-09 1.000000e-09 3.073256e-03 9.941685e-01 1.000000e-09 1           
232:         1.632850e-03 1.000000e-09 1.000000e-09 1.000000e-09 9.983671e-01 1.000000e-09 1           
233:         4.981457e-03 1.000000e-09 1.295460e-02 6.943361e-03 9.059176e-01 6.920299e-02 1           
234:         5.633605e-03 1.000000e-09 1.603329e-03 1.000000e-09 9.901405e-01 2.622589e-03 1           
235:         1.848200e-03 1.000000e-09 9.796931e-03 1.000000e-09 9.866907e-01 1.664119e-03 1           
236:         1.000000e-09 7.417355e-03 2.490905e-02 1.000000e-09 9.676736e-01 1.686072e-09 1           
237:         1.000000e-09 1.914223e-03 4.957746e-03 1.000000e-09 9.931280e-01 1.000000e-09 1           
238:         1.000000e-09 1.709499e-02 3.946339e-02 1.000000e-09 9.434416e-01 1.000000e-09 1           
239:         1.000000e-09 1.000000e-09 6.473506e-06 2.271884e-03 9.544830e-01 4.323869e-02 1           
240:         1.000000e-09 1.082887e-02 1.000000e-09 1.000000e-09 9.863905e-01 2.780597e-03 1           
241:         1.000000e-09 1.000000e-09 3.303114e-03 1.000000e-09 9.241282e-01 7.256864e-02 1           
242:         1.000000e-09 1.000000e-09 1.747734e-01 2.156060e-03 8.121168e-01 1.095384e-02 1           
243:         1.000000e-09 2.539335e-03 7.821334e-02 1.000000e-09 9.192473e-01 1.000000e-09 1           
244:         1.000000e-09 1.000000e-09 3.501034e-02 1.000000e-09 9.504771e-01 1.451257e-02 1           
245:         1.000000e-09 2.461468e-04 1.936466e-05 1.000000e-09 9.997343e-01 1.553249e-07 1           
246:         1.000000e-09 1.660575e-05 5.259956e-07 2.334521e-03 9.630302e-01 3.461814e-02 1           
247:         5.339853e-05 1.000000e-09 1.000000e-09 5.292619e-03 9.642959e-01 3.035805e-02 1           
248:         1.000000e-09 2.804676e-05 3.096428e-02 1.000000e-09 9.690077e-01 1.000000e-09 1           
249:         1.000000e-09 1.685261e-02 1.000000e-09 1.000000e-09 9.831474e-01 1.000000e-09 1           
250:         1.000000e-09 2.140396e-04 3.992008e-02 1.000000e-09 9.597655e-01 1.004126e-04 1           
251:         1.000000e-09 1.000000e-09 1.000000e-09 2.416371e-03 9.975836e-01 1.000000e-09 1           
252:         1.000000e-09 1.000000e-09 1.000000e-09 1.000000e-09 1.000000e+00 1.000000e-09 1           
253:         1.000000e-09 1.000000e-09 1.000000e-09 1.000000e-09 9.999998e-01 1.618426e-07 1           
254:         6.531668e-03 4.096301e-03 1.219072e-05 1.000000e-09 8.656266e-01 1.237332e-01 1           
255:         1.000000e-09 1.000000e-09 1.000000e-09 1.000000e-09 1.000000e+00 1.000000e-09 1           
256:         1.000000e-09 1.000000e-09 2.455187e-02 1.000000e-09 9.754481e-01 1.000000e-09 1           
257:         1.000000e-09 1.000000e-09 1.041813e-07 1.000000e-09 9.941284e-01 5.871457e-03 1           
258:         1.000000e-09 3.502264e-03 1.000000e-09 1.000000e-09 9.936667e-01 2.831027e-03 1           
259:         1.000000e-09 1.000000e-09 5.759190e-03 1.000000e-09 9.852065e-01 9.034352e-03 1           
260:         2.254764e-03 1.000000e-09 2.435478e-02 4.691140e-03 9.534272e-01 1.527216e-02 1           
261:         1.000000e-09 1.000000e-09 1.000000e-09 1.000000e-09 9.974880e-01 2.512042e-03 1           
262:         1.000000e-09 1.000000e-09 1.000000e-09 1.000000e-09 1.000000e+00 1.000000e-09 1           
263:         1.000000e-09 1.000000e-09 1.954682e-02 1.000000e-09 9.804532e-01 1.000000e-09 1           
264:         1.000000e-09 1.000000e-09 2.388069e-02 1.000000e-09 9.686614e-01 7.457935e-03 1           
265:         1.000000e-09 3.140514e-02 4.568278e-06 1.000000e-09 9.685903e-01 1.523478e-09 1           
266:         1.000000e-09 1.000000e-09 2.169658e-08 1.000000e-09 9.793197e-01 2.068028e-02 1           
267:         8.357063e-03 1.000000e-09 4.369419e-03 1.000000e-09 9.872735e-01 1.000000e-09 1           
268:         2.879589e-03 4.260283e-05 8.751741e-03 1.130995e-03 9.871951e-01 1.000000e-09 1           
269:         1.000000e-09 6.731307e-03 1.000000e-09 4.081510e-03 9.684775e-01 2.070965e-02 1           
270:         1.083156e-02 2.486537e-02 8.214463e-02 6.745566e-03 8.124996e-01 6.291331e-02 1           
271:         2.613853e-03 5.754624e-03 8.788989e-03 4.061144e-04 9.824364e-01 1.000000e-09 1           
272:         2.304786e-03 1.000000e-09 2.252654e-02 1.000000e-09 9.751687e-01 1.000000e-09 1           
273:         1.000000e-09 1.000000e-09 1.309463e-05 1.000000e-09 9.999869e-01 1.000000e-09 1           
274:         1.000000e-09 1.000000e-09 1.000000e-09 1.000000e-09 1.000000e+00 1.000000e-09 1           
275:         1.000000e-09 1.000000e-09 1.000000e-09 1.000000e-09 1.000000e+00 1.000000e-09 1           
276:         1.000000e-09 1.230998e-02 1.176038e-02 1.000000e-09 9.747691e-01 1.160582e-03 1           
277:         1.000000e-09 1.810593e-02 1.459594e-02 1.000000e-09 9.548539e-01 1.244422e-02 1           
278:         1.000000e-09 1.000000e-09 1.000000e-09 1.000000e-09 1.000000e+00 1.000000e-09 1           
279:         4.299087e-03 1.000000e-09 1.869253e-07 1.000000e-09 9.684414e-01 2.725934e-02 1           
280:         1.000000e-09 1.000000e-09 1.000000e-09 1.000000e-09 1.000000e+00 1.000000e-09 1           
281:         5.224874e-03 1.463742e-05 1.000000e-09 8.973296e-04 9.785184e-01 1.534473e-02 1           
282:         1.850090e-03 1.000000e-09 5.264925e-03 9.271245e-04 9.919579e-01 1.000000e-09 1           
283:         5.533237e-03 1.891606e-08 1.046429e-06 2.003761e-03 9.924619e-01 1.000000e-09 1           
284:         4.931025e-03 1.000000e-09 1.156976e-02 9.373353e-03 9.472009e-01 2.692492e-02 1           
285:         1.147474e-02 6.063681e-08 2.048839e-02 6.246010e-04 9.590831e-01 8.329074e-03 1           
286:         1.000000e-09 5.648016e-03 1.000000e-09 1.000000e-09 9.836356e-01 1.071635e-02 1           
287:         1.000000e-09 1.134592e-03 1.000000e-09 1.000000e-09 9.988654e-01 1.000000e-09 1           
288:         1.000000e-09 1.906028e-02 1.000000e-09 1.000000e-09 9.809397e-01 1.000000e-09 1           
289:         1.000000e-09 1.000000e-09 4.249232e-05 3.659860e-03 9.962976e-01 1.000000e-09 1           
290:         1.000000e-09 3.146016e-02 3.760270e-05 1.000000e-09 9.685022e-01 3.135624e-08 1           
291:         1.000000e-09 8.469949e-03 4.440941e-02 1.731663e-03 9.453889e-01 7.257536e-08 1           
292:         1.000000e-09 7.151103e-07 1.232393e-02 1.000000e-09 9.876754e-01 1.936586e-09 1           
293:         1.000000e-09 1.262768e-02 1.000000e-09 1.000000e-09 9.872694e-01 1.028781e-04 1           
294:         1.000000e-09 1.000000e-09 1.797885e-03 1.000000e-09 9.982021e-01 1.000000e-09 1           
295:         1.000000e-09 4.183917e-05 1.547583e-07 1.000000e-09 9.992097e-01 7.483419e-04 1           
296:         1.000000e-09 3.763038e-02 2.017386e-08 1.000000e-09 9.623696e-01 1.000000e-09 1           
297:         1.000000e-09 8.749995e-02 4.402697e-02 1.000000e-09 8.454959e-01 2.297716e-02 1           
298:         1.000000e-09 2.388885e-03 2.772397e-02 2.050866e-03 9.620926e-01 5.743682e-03 1           
299:         1.000000e-09 2.434391e-05 9.593075e-03 1.000000e-09 9.903826e-01 2.219359e-09 1           
300:         1.000000e-09 7.092696e-02 1.046209e-02 1.000000e-09 9.186109e-01 5.893282e-09 1           
301:         1.000000e-09 6.254335e-09 8.391852e-04 1.000000e-09 9.991608e-01 1.000000e-09 1           
302:         5.893560e-03 1.000000e-09 2.367378e-02 7.583189e-04 9.574963e-01 1.217807e-02 1           
303:         7.275830e-03 1.000000e-09 2.914597e-02 1.000000e-09 9.635782e-01 1.000000e-09 1           
304:         1.000000e-09 1.000000e-09 1.000000e-09 1.000000e-09 1.000000e+00 1.000000e-09 1           
305:         2.012752e-03 1.000000e-09 1.000000e-09 1.000000e-09 9.926428e-01 5.344412e-03 1           
306:         1.000000e-09 1.000000e-09 1.000000e-09 1.000000e-09 1.000000e+00 1.000000e-09 1           
307:         1.000000e-09 1.000000e-09 2.034953e-02 1.000000e-09 9.796505e-01 1.000000e-09 1           
308:         1.000000e-09 1.000000e-09 1.000000e-09 1.000000e-09 9.958827e-01 4.117336e-03 1           
309:         1.000000e-09 2.019069e-02 3.228528e-03 1.000000e-09 9.765808e-01 1.000000e-09 1           
310:         1.000000e-09 1.210566e-05 1.421785e-02 1.000000e-09 9.857700e-01 1.000000e-09 1           
311:         1.000000e-09 1.000000e-09 2.144523e-02 1.000000e-09 9.712726e-01 7.282183e-03 1           
312:         1.000000e-09 1.000000e-09 5.240761e-03 1.000000e-09 9.947592e-01 1.000000e-09 1           
313:         8.315743e-04 1.074773e-09 7.252170e-02 1.213088e-03 9.254336e-01 1.000000e-09 1           
314:         1.000000e-09 1.687369e-02 1.000000e-09 1.000000e-09 9.831263e-01 1.000000e-09 1           
315:         1.000000e-09 1.000000e-09 1.000000e-09 1.000000e-09 1.000000e+00 1.000000e-09 1           
316:         1.000000e-09 1.000000e-09 2.784279e-02 1.000000e-09 9.721572e-01 1.000000e-09 1           
317:         1.000000e-09 1.000000e-09 2.193079e-02 1.000000e-09 9.657627e-01 1.230652e-02 1           
318:         1.000000e-09 1.000000e-09 1.000000e-09 1.000000e-09 1.000000e+00 1.000000e-09 1           
319:         1.000000e-09 1.000000e-09 9.934075e-03 1.000000e-09 9.887581e-01 1.307818e-03 1           
320:         1.000000e-09 1.000000e-09 1.000000e-09 1.000000e-09 1.000000e+00 1.000000e-09 1           
321:         1.000000e-09 1.000000e-09 6.933206e-03 1.000000e-09 9.930662e-01 6.008362e-07 1           
322:         1.000000e-09 1.000000e-09 1.000000e-09 1.000000e-09 1.000000e+00 1.000000e-09 1           
323:         1.000000e-09 1.000000e-09 3.152613e-03 1.000000e-09 9.968474e-01 1.000000e-09 1           
324:         1.000000e-09 1.000000e-09 7.822288e-03 1.000000e-09 9.921777e-01 1.000000e-09 1           
325:         1.737108e-03 2.325182e-07 1.000000e-09 1.147488e-03 9.968827e-01 2.324498e-04 1           
326:         9.903227e-04 1.576661e-03 1.000000e-09 2.245789e-04 9.950266e-01 2.181828e-03 1           
327:         1.000000e-09 9.576551e-08 3.432350e-03 1.000000e-09 9.886031e-01 7.964418e-03 1           
328:         1.000000e-09 1.000000e-09 1.000000e-09 1.000000e-09 9.991634e-01 8.365756e-04 1           
329:         1.000000e-09 1.000000e-09 1.000000e-09 1.000000e-09 9.999993e-01 6.712590e-07 1           
330:         1.000000e-09 2.663176e-02 1.000000e-09 1.000000e-09 9.712668e-01 2.101409e-03 1           
331:         1.000000e-09 1.000000e-09 9.253723e-04 1.000000e-09 9.990746e-01 3.454870e-08 1           
332:         1.000000e-09 1.000000e-09 1.000000e-09 1.000000e-09 1.000000e+00 1.000000e-09 1           
333:         1.000000e-09 1.116403e-02 1.000000e-09 1.000000e-09 9.888360e-01 1.000000e-09 1           
334:         1.000000e-09 2.219053e-02 6.099330e-04 1.000000e-09 9.690444e-01 8.155155e-03 1           
335:         1.000000e-09 1.000000e-09 5.703805e-03 1.000000e-09 9.942962e-01 1.000000e-09 1           
336:         1.000000e-09 1.509183e-02 1.000000e-09 1.000000e-09 9.849082e-01 1.000000e-09 1           
337:         1.000000e-09 3.943460e-09 4.753378e-03 1.000000e-09 9.952466e-01 1.000000e-09 1           
338:         1.000000e-09 1.000000e-09 1.569688e-03 1.000000e-09 9.984303e-01 1.000000e-09 1           
339:         1.000000e-09 1.000000e-09 1.000000e-09 1.000000e-09 1.000000e+00 1.000000e-09 1           
340:         1.000000e-09 9.257587e-09 3.346684e-02 1.000000e-09 9.542677e-01 1.226547e-02 1           
341:         1.000000e-09 1.000000e-09 1.000000e-09 1.000000e-09 1.000000e+00 1.000000e-09 1           
342:         1.000000e-09 8.459725e-06 1.000000e-09 1.000000e-09 9.875501e-01 1.244145e-02 1           
343:         1.000000e-09 1.000000e-09 2.633621e-07 1.000000e-09 9.999997e-01 1.000000e-09 1           
344:         1.000000e-09 2.855052e-04 1.000000e-09 1.000000e-09 9.997145e-01 1.000000e-09 1           
345:         1.000000e-09 4.938048e-05 1.000000e-09 1.000000e-09 9.999506e-01 1.000000e-09 1           
346:         1.000000e-09 1.000000e-09 2.734227e-03 1.000000e-09 9.962916e-01 9.741822e-04 1           
347:         1.000000e-09 1.000000e-09 2.663570e-07 1.000000e-09 9.999997e-01 1.000000e-09 1           
348:         1.000000e-09 9.046421e-03 8.002508e-03 1.000000e-09 9.829511e-01 1.000000e-09 1           
349:         1.000000e-09 1.000000e-09 1.088416e-02 1.000000e-09 9.891158e-01 1.000000e-09 1           
350:         3.616857e-03 5.906146e-03 6.999718e-03 1.000000e-09 9.834773e-01 1.000000e-09 1           
351:         6.245036e-03 3.617999e-02 6.926436e-06 1.000000e-09 9.471480e-01 1.042005e-02 1           
352:         1.000000e-09 1.000000e-09 1.000000e-09 1.000000e-09 1.000000e+00 1.000000e-09 1           
353:         2.463421e-03 2.961433e-02 1.689533e-02 1.000000e-09 9.261180e-01 2.490887e-02 1           
354:         4.082989e-03 1.000000e-09 2.587693e-03 9.844469e-04 9.923449e-01 1.000000e-09 1           
355:         4.741523e-03 1.000000e-09 1.000000e-09 1.000000e-09 9.952585e-01 1.000000e-09 1           
356:         8.129282e-05 1.000000e-09 1.000000e-09 1.000000e-09 9.974163e-01 2.502381e-03 1           
357:         1.000000e-09 1.000000e-09 1.000000e-09 1.000000e-09 1.000000e+00 1.000000e-09 1           
358:         2.476621e-03 1.182665e-03 1.000000e-09 1.000000e-09 8.908759e-01 1.054648e-01 1           
359:         2.514101e-03 2.529401e-08 4.335462e-03 1.000000e-09 9.931504e-01 1.000000e-09 1           
360:         1.000000e-09 5.728859e-06 2.972848e-03 1.000000e-09 9.970214e-01 1.000000e-09 1           
361:         5.924451e-03 1.225860e-06 2.887943e-02 1.003459e-03 9.641914e-01 1.000000e-09 1           
362:         2.769556e-03 1.000000e-09 6.837951e-03 1.653346e-04 9.861552e-01 4.071918e-03 1           
363:         1.000000e-09 1.978270e-01 6.199433e-01 1.000000e-09 4.248550e-02 1.397443e-01 1           
364:         1.000000e-09 5.079761e-03 5.375293e-01 8.197633e-03 4.491833e-01 1.002483e-05 1           
365:         3.447891e-03 5.405412e-02 4.256699e-01 4.972572e-03 2.818632e-01 2.299924e-01 1           
366:         1.000000e-09 1.000000e-09 2.576935e-02 1.000000e-09 9.742306e-01 1.000000e-09 1           
367:         1.000000e-09 1.579093e-02 2.516435e-03 1.000000e-09 9.816895e-01 3.148319e-06 1           
368:         1.000000e-09 1.125867e-02 1.000000e-09 1.000000e-09 9.855963e-01 3.145063e-03 1           
369:         1.000000e-09 1.000000e-09 1.000000e-09 1.000000e-09 9.999975e-01 2.494816e-06 1           
370:         8.586301e-03 6.776220e-04 1.525107e-02 1.000000e-09 9.488863e-01 2.659869e-02 1           
371:         1.000000e-09 1.923668e-02 1.000000e-09 1.000000e-09 9.807633e-01 1.000000e-09 1           
372:         1.000000e-09 1.000000e-09 1.765029e-02 1.000000e-09 9.823497e-01 1.000000e-09 1           
373:         1.000000e-09 2.234223e-03 1.000000e-09 1.000000e-09 9.977658e-01 1.000000e-09 1           
374:         1.000000e-09 1.000000e-09 1.000000e-09 1.000000e-09 9.951680e-01 4.832015e-03 1           
375:         1.000000e-09 6.840276e-03 1.000000e-09 1.000000e-09 9.883634e-01 4.796277e-03 1           
376:         1.000000e-09 1.000000e-09 1.000000e-09 1.000000e-09 9.999976e-01 2.367186e-06 1           
377:         1.000000e-09 4.326061e-03 1.695017e-06 8.575600e-03 9.852654e-01 1.831283e-03 1           
378:         1.000000e-09 1.000000e-09 1.000000e-09 1.282952e-03 9.987170e-01 1.000000e-09 1           
379:         1.000000e-09 1.000000e-09 1.000000e-09 7.380354e-03 9.926196e-01 1.000000e-09 1           
380:         1.000000e-09 4.266384e-03 1.000000e-09 1.000000e-09 9.957336e-01 1.000000e-09 1           
381:         1.000000e-09 1.000000e-09 1.000000e-09 1.000000e-09 1.000000e+00 1.000000e-09 1           
382:         1.000000e-09 1.072563e-02 3.637512e-03 1.115631e-02 9.744805e-01 1.000000e-09 1           
383:         1.000000e-09 1.000000e-09 9.822119e-03 1.000000e-09 9.901779e-01 1.000000e-09 1           
384:         1.000000e-09 1.000000e-09 1.000000e-09 1.000000e-09 1.000000e+00 1.000000e-09 1           
